segment,id,model,persona,response,dimension
agreement,1,llama3.1:8b,conservative,5.0,harm
agreement,1,llama3.1:8b,conservative,4.0,harm
agreement,1,llama3.1:8b,conservative,5.0,harm
agreement,1,llama3.1:8b,conservative,5.0,harm
agreement,1,llama3.1:8b,conservative,5.0,harm
agreement,1,llama3.1:8b,conservative,4.0,harm
agreement,1,llama3.1:8b,conservative,5.0,harm
agreement,1,llama3.1:8b,conservative,5.0,harm
agreement,1,llama3.1:8b,conservative,4.0,harm
agreement,1,llama3.1:8b,conservative,5.0,harm
agreement,1,llama3.1:8b,conservative,5.0,harm
agreement,1,llama3.1:8b,conservative,5.0,harm
agreement,1,llama3.1:8b,conservative,5.0,harm
agreement,1,llama3.1:8b,conservative,5.0,harm
agreement,1,llama3.1:8b,conservative,5.0,harm
agreement,1,llama3.1:8b,conservative,5.0,harm
agreement,1,llama3.1:8b,conservative,5.0,harm
agreement,1,llama3.1:8b,conservative,5.0,harm
agreement,1,llama3.1:8b,conservative,5.0,harm
agreement,1,llama3.1:8b,conservative,5.0,harm
agreement,1,llama3.1:8b,conservative,5.0,harm
agreement,1,llama3.1:8b,conservative,3.0,harm
agreement,1,llama3.1:8b,conservative,4.0,harm
agreement,1,llama3.1:8b,conservative,5.0,harm
agreement,1,llama3.1:8b,conservative,5.0,harm
agreement,1,llama3.1:8b,conservative,5.0,harm
agreement,1,llama3.1:8b,conservative,5.0,harm
agreement,1,llama3.1:8b,conservative,5.0,harm
agreement,1,llama3.1:8b,conservative,5.0,harm
agreement,1,llama3.1:8b,conservative,5.0,harm
agreement,1,llama3.1:8b,conservative,5.0,harm
agreement,1,llama3.1:8b,conservative,4.0,harm
agreement,1,llama3.1:8b,conservative,5.0,harm
agreement,1,llama3.1:8b,conservative,5.0,harm
agreement,1,llama3.1:8b,conservative,4.0,harm
agreement,1,llama3.1:8b,conservative,4.0,harm
agreement,1,llama3.1:8b,conservative,5.0,harm
agreement,1,llama3.1:8b,conservative,4.0,harm
agreement,1,llama3.1:8b,conservative,4.0,harm
agreement,1,llama3.1:8b,conservative,5.0,harm
agreement,1,llama3.1:8b,conservative,5.0,harm
agreement,1,llama3.1:8b,conservative,5.0,harm
agreement,1,llama3.1:8b,conservative,5.0,harm
agreement,1,llama3.1:8b,conservative,5.0,harm
agreement,1,llama3.1:8b,conservative,5.0,harm
agreement,1,llama3.1:8b,conservative,5.0,harm
agreement,1,llama3.1:8b,conservative,4.0,harm
agreement,1,llama3.1:8b,conservative,5.0,harm
agreement,1,llama3.1:8b,conservative,3.0,harm
agreement,1,llama3.1:8b,conservative,4.0,harm
agreement,1,llama3.1:8b,moderate,5.0,harm
agreement,1,llama3.1:8b,moderate,5.0,harm
agreement,1,llama3.1:8b,moderate,4.0,harm
agreement,1,llama3.1:8b,moderate,5.0,harm
agreement,1,llama3.1:8b,moderate,5.0,harm
agreement,1,llama3.1:8b,moderate,5.0,harm
agreement,1,llama3.1:8b,moderate,5.0,harm
agreement,1,llama3.1:8b,moderate,5.0,harm
agreement,1,llama3.1:8b,moderate,5.0,harm
agreement,1,llama3.1:8b,moderate,4.0,harm
agreement,1,llama3.1:8b,moderate,4.0,harm
agreement,1,llama3.1:8b,moderate,5.0,harm
agreement,1,llama3.1:8b,moderate,4.0,harm
agreement,1,llama3.1:8b,moderate,5.0,harm
agreement,1,llama3.1:8b,moderate,4.0,harm
agreement,1,llama3.1:8b,moderate,5.0,harm
agreement,1,llama3.1:8b,moderate,5.0,harm
agreement,1,llama3.1:8b,moderate,5.0,harm
agreement,1,llama3.1:8b,moderate,5.0,harm
agreement,1,llama3.1:8b,moderate,5.0,harm
agreement,1,llama3.1:8b,moderate,5.0,harm
agreement,1,llama3.1:8b,moderate,4.0,harm
agreement,1,llama3.1:8b,moderate,5.0,harm
agreement,1,llama3.1:8b,moderate,4.0,harm
agreement,1,llama3.1:8b,moderate,5.0,harm
agreement,1,llama3.1:8b,moderate,5.0,harm
agreement,1,llama3.1:8b,moderate,4.0,harm
agreement,1,llama3.1:8b,moderate,5.0,harm
agreement,1,llama3.1:8b,moderate,5.0,harm
agreement,1,llama3.1:8b,moderate,5.0,harm
agreement,1,llama3.1:8b,moderate,5.0,harm
agreement,1,llama3.1:8b,moderate,5.0,harm
agreement,1,llama3.1:8b,moderate,4.0,harm
agreement,1,llama3.1:8b,moderate,5.0,harm
agreement,1,llama3.1:8b,moderate,5.0,harm
agreement,1,llama3.1:8b,moderate,5.0,harm
agreement,1,llama3.1:8b,moderate,5.0,harm
agreement,1,llama3.1:8b,moderate,5.0,harm
agreement,1,llama3.1:8b,moderate,5.0,harm
agreement,1,llama3.1:8b,moderate,5.0,harm
agreement,1,llama3.1:8b,moderate,5.0,harm
agreement,1,llama3.1:8b,moderate,5.0,harm
agreement,1,llama3.1:8b,moderate,5.0,harm
agreement,1,llama3.1:8b,moderate,5.0,harm
agreement,1,llama3.1:8b,moderate,4.0,harm
agreement,1,llama3.1:8b,moderate,5.0,harm
agreement,1,llama3.1:8b,moderate,4.0,harm
agreement,1,llama3.1:8b,moderate,5.0,harm
agreement,1,llama3.1:8b,moderate,5.0,harm
agreement,1,llama3.1:8b,moderate,5.0,harm
agreement,1,llama3.1:8b,liberal,5.0,harm
agreement,1,llama3.1:8b,liberal,5.0,harm
agreement,1,llama3.1:8b,liberal,5.0,harm
agreement,1,llama3.1:8b,liberal,5.0,harm
agreement,1,llama3.1:8b,liberal,5.0,harm
agreement,1,llama3.1:8b,liberal,5.0,harm
agreement,1,llama3.1:8b,liberal,5.0,harm
agreement,1,llama3.1:8b,liberal,5.0,harm
agreement,1,llama3.1:8b,liberal,5.0,harm
agreement,1,llama3.1:8b,liberal,5.0,harm
agreement,1,llama3.1:8b,liberal,5.0,harm
agreement,1,llama3.1:8b,liberal,5.0,harm
agreement,1,llama3.1:8b,liberal,5.0,harm
agreement,1,llama3.1:8b,liberal,5.0,harm
agreement,1,llama3.1:8b,liberal,5.0,harm
agreement,1,llama3.1:8b,liberal,5.0,harm
agreement,1,llama3.1:8b,liberal,5.0,harm
agreement,1,llama3.1:8b,liberal,5.0,harm
agreement,1,llama3.1:8b,liberal,5.0,harm
agreement,1,llama3.1:8b,liberal,5.0,harm
agreement,1,llama3.1:8b,liberal,5.0,harm
agreement,1,llama3.1:8b,liberal,5.0,harm
agreement,1,llama3.1:8b,liberal,5.0,harm
agreement,1,llama3.1:8b,liberal,5.0,harm
agreement,1,llama3.1:8b,liberal,5.0,harm
agreement,1,llama3.1:8b,liberal,5.0,harm
agreement,1,llama3.1:8b,liberal,5.0,harm
agreement,1,llama3.1:8b,liberal,5.0,harm
agreement,1,llama3.1:8b,liberal,5.0,harm
agreement,1,llama3.1:8b,liberal,5.0,harm
agreement,1,llama3.1:8b,liberal,5.0,harm
agreement,1,llama3.1:8b,liberal,5.0,harm
agreement,1,llama3.1:8b,liberal,5.0,harm
agreement,1,llama3.1:8b,liberal,5.0,harm
agreement,1,llama3.1:8b,liberal,5.0,harm
agreement,1,llama3.1:8b,liberal,5.0,harm
agreement,1,llama3.1:8b,liberal,5.0,harm
agreement,1,llama3.1:8b,liberal,5.0,harm
agreement,1,llama3.1:8b,liberal,5.0,harm
agreement,1,llama3.1:8b,liberal,5.0,harm
agreement,1,llama3.1:8b,liberal,5.0,harm
agreement,1,llama3.1:8b,liberal,5.0,harm
agreement,1,llama3.1:8b,liberal,5.0,harm
agreement,1,llama3.1:8b,liberal,5.0,harm
agreement,1,llama3.1:8b,liberal,5.0,harm
agreement,1,llama3.1:8b,liberal,5.0,harm
agreement,1,llama3.1:8b,liberal,5.0,harm
agreement,1,llama3.1:8b,liberal,5.0,harm
agreement,1,llama3.1:8b,liberal,5.0,harm
agreement,1,llama3.1:8b,liberal,5.0,harm
agreement,1,llama2:70b,conservative,4.0,harm
agreement,1,llama2:70b,conservative,3.0,harm
agreement,1,llama2:70b,conservative,4.0,harm
agreement,1,llama2:70b,conservative,4.0,harm
agreement,1,llama2:70b,conservative,4.0,harm
agreement,1,llama2:70b,conservative,4.0,harm
agreement,1,llama2:70b,conservative,4.0,harm
agreement,1,llama2:70b,conservative,4.0,harm
agreement,1,llama2:70b,conservative,4.0,harm
agreement,1,llama2:70b,conservative,4.0,harm
agreement,1,llama2:70b,conservative,4.0,harm
agreement,1,llama2:70b,conservative,4.0,harm
agreement,1,llama2:70b,conservative,4.0,harm
agreement,1,llama2:70b,conservative,4.0,harm
agreement,1,llama2:70b,conservative,2.0,harm
agreement,1,llama2:70b,conservative,4.0,harm
agreement,1,llama2:70b,conservative,4.0,harm
agreement,1,llama2:70b,conservative,4.0,harm
agreement,1,llama2:70b,conservative,3.0,harm
agreement,1,llama2:70b,conservative,4.0,harm
agreement,1,llama2:70b,conservative,4.0,harm
agreement,1,llama2:70b,conservative,4.0,harm
agreement,1,llama2:70b,conservative,3.0,harm
agreement,1,llama2:70b,conservative,4.0,harm
agreement,1,llama2:70b,conservative,4.0,harm
agreement,1,llama2:70b,conservative,3.0,harm
agreement,1,llama2:70b,conservative,4.0,harm
agreement,1,llama2:70b,conservative,3.0,harm
agreement,1,llama2:70b,conservative,4.0,harm
agreement,1,llama2:70b,conservative,4.0,harm
agreement,1,llama2:70b,conservative,4.0,harm
agreement,1,llama2:70b,conservative,4.0,harm
agreement,1,llama2:70b,conservative,4.0,harm
agreement,1,llama2:70b,conservative,4.0,harm
agreement,1,llama2:70b,conservative,4.0,harm
agreement,1,llama2:70b,conservative,4.0,harm
agreement,1,llama2:70b,conservative,4.0,harm
agreement,1,llama2:70b,conservative,4.0,harm
agreement,1,llama2:70b,conservative,3.0,harm
agreement,1,llama2:70b,conservative,3.0,harm
agreement,1,llama2:70b,conservative,4.0,harm
agreement,1,llama2:70b,conservative,4.0,harm
agreement,1,llama2:70b,conservative,4.0,harm
agreement,1,llama2:70b,conservative,4.0,harm
agreement,1,llama2:70b,conservative,3.0,harm
agreement,1,llama2:70b,conservative,4.0,harm
agreement,1,llama2:70b,conservative,3.0,harm
agreement,1,llama2:70b,conservative,4.0,harm
agreement,1,llama2:70b,conservative,4.0,harm
agreement,1,llama2:70b,conservative,4.0,harm
agreement,1,llama2:70b,moderate,4.0,harm
agreement,1,llama2:70b,moderate,4.0,harm
agreement,1,llama2:70b,moderate,4.0,harm
agreement,1,llama2:70b,moderate,4.0,harm
agreement,1,llama2:70b,moderate,4.0,harm
agreement,1,llama2:70b,moderate,4.0,harm
agreement,1,llama2:70b,moderate,4.0,harm
agreement,1,llama2:70b,moderate,4.0,harm
agreement,1,llama2:70b,moderate,4.0,harm
agreement,1,llama2:70b,moderate,4.0,harm
agreement,1,llama2:70b,moderate,4.0,harm
agreement,1,llama2:70b,moderate,4.0,harm
agreement,1,llama2:70b,moderate,4.0,harm
agreement,1,llama2:70b,moderate,4.0,harm
agreement,1,llama2:70b,moderate,4.0,harm
agreement,1,llama2:70b,moderate,4.0,harm
agreement,1,llama2:70b,moderate,4.0,harm
agreement,1,llama2:70b,moderate,4.0,harm
agreement,1,llama2:70b,moderate,4.0,harm
agreement,1,llama2:70b,moderate,4.0,harm
agreement,1,llama2:70b,moderate,4.0,harm
agreement,1,llama2:70b,moderate,4.0,harm
agreement,1,llama2:70b,moderate,4.0,harm
agreement,1,llama2:70b,moderate,4.0,harm
agreement,1,llama2:70b,moderate,4.0,harm
agreement,1,llama2:70b,moderate,4.0,harm
agreement,1,llama2:70b,moderate,4.0,harm
agreement,1,llama2:70b,moderate,4.0,harm
agreement,1,llama2:70b,moderate,4.0,harm
agreement,1,llama2:70b,moderate,4.0,harm
agreement,1,llama2:70b,moderate,4.0,harm
agreement,1,llama2:70b,moderate,4.0,harm
agreement,1,llama2:70b,moderate,4.0,harm
agreement,1,llama2:70b,moderate,4.0,harm
agreement,1,llama2:70b,moderate,4.0,harm
agreement,1,llama2:70b,moderate,4.0,harm
agreement,1,llama2:70b,moderate,4.0,harm
agreement,1,llama2:70b,moderate,4.0,harm
agreement,1,llama2:70b,moderate,4.0,harm
agreement,1,llama2:70b,moderate,4.0,harm
agreement,1,llama2:70b,moderate,4.0,harm
agreement,1,llama2:70b,moderate,4.0,harm
agreement,1,llama2:70b,moderate,4.0,harm
agreement,1,llama2:70b,moderate,4.0,harm
agreement,1,llama2:70b,moderate,4.0,harm
agreement,1,llama2:70b,moderate,4.0,harm
agreement,1,llama2:70b,moderate,4.0,harm
agreement,1,llama2:70b,moderate,4.0,harm
agreement,1,llama2:70b,moderate,4.0,harm
agreement,1,llama2:70b,moderate,4.0,harm
agreement,1,llama2:70b,liberal,4.0,harm
agreement,1,llama2:70b,liberal,5.0,harm
agreement,1,llama2:70b,liberal,4.0,harm
agreement,1,llama2:70b,liberal,5.0,harm
agreement,1,llama2:70b,liberal,4.0,harm
agreement,1,llama2:70b,liberal,5.0,harm
agreement,1,llama2:70b,liberal,4.0,harm
agreement,1,llama2:70b,liberal,4.0,harm
agreement,1,llama2:70b,liberal,5.0,harm
agreement,1,llama2:70b,liberal,4.0,harm
agreement,1,llama2:70b,liberal,4.0,harm
agreement,1,llama2:70b,liberal,4.0,harm
agreement,1,llama2:70b,liberal,4.0,harm
agreement,1,llama2:70b,liberal,4.0,harm
agreement,1,llama2:70b,liberal,4.0,harm
agreement,1,llama2:70b,liberal,4.0,harm
agreement,1,llama2:70b,liberal,4.0,harm
agreement,1,llama2:70b,liberal,5.0,harm
agreement,1,llama2:70b,liberal,4.0,harm
agreement,1,llama2:70b,liberal,4.0,harm
agreement,1,llama2:70b,liberal,4.0,harm
agreement,1,llama2:70b,liberal,4.0,harm
agreement,1,llama2:70b,liberal,4.0,harm
agreement,1,llama2:70b,liberal,4.0,harm
agreement,1,llama2:70b,liberal,4.0,harm
agreement,1,llama2:70b,liberal,4.0,harm
agreement,1,llama2:70b,liberal,4.0,harm
agreement,1,llama2:70b,liberal,4.0,harm
agreement,1,llama2:70b,liberal,4.0,harm
agreement,1,llama2:70b,liberal,4.0,harm
agreement,1,llama2:70b,liberal,5.0,harm
agreement,1,llama2:70b,liberal,5.0,harm
agreement,1,llama2:70b,liberal,4.0,harm
agreement,1,llama2:70b,liberal,5.0,harm
agreement,1,llama2:70b,liberal,5.0,harm
agreement,1,llama2:70b,liberal,4.0,harm
agreement,1,llama2:70b,liberal,4.0,harm
agreement,1,llama2:70b,liberal,4.0,harm
agreement,1,llama2:70b,liberal,5.0,harm
agreement,1,llama2:70b,liberal,4.0,harm
agreement,1,llama2:70b,liberal,4.0,harm
agreement,1,llama2:70b,liberal,4.0,harm
agreement,1,llama2:70b,liberal,4.0,harm
agreement,1,llama2:70b,liberal,4.0,harm
agreement,1,llama2:70b,liberal,4.0,harm
agreement,1,llama2:70b,liberal,4.0,harm
agreement,1,llama2:70b,liberal,5.0,harm
agreement,1,llama2:70b,liberal,4.0,harm
agreement,1,llama2:70b,liberal,4.0,harm
agreement,1,llama2:70b,liberal,4.0,harm
agreement,1,llama3:70b,conservative,3.0,harm
agreement,1,llama3:70b,conservative,3.0,harm
agreement,1,llama3:70b,conservative,3.0,harm
agreement,1,llama3:70b,conservative,3.0,harm
agreement,1,llama3:70b,conservative,3.0,harm
agreement,1,llama3:70b,conservative,3.0,harm
agreement,1,llama3:70b,conservative,3.0,harm
agreement,1,llama3:70b,conservative,3.0,harm
agreement,1,llama3:70b,conservative,3.0,harm
agreement,1,llama3:70b,conservative,3.0,harm
agreement,1,llama3:70b,conservative,3.0,harm
agreement,1,llama3:70b,conservative,3.0,harm
agreement,1,llama3:70b,conservative,3.0,harm
agreement,1,llama3:70b,conservative,3.0,harm
agreement,1,llama3:70b,conservative,3.0,harm
agreement,1,llama3:70b,conservative,3.0,harm
agreement,1,llama3:70b,conservative,3.0,harm
agreement,1,llama3:70b,conservative,3.0,harm
agreement,1,llama3:70b,conservative,3.0,harm
agreement,1,llama3:70b,conservative,3.0,harm
agreement,1,llama3:70b,conservative,3.0,harm
agreement,1,llama3:70b,conservative,3.0,harm
agreement,1,llama3:70b,conservative,3.0,harm
agreement,1,llama3:70b,conservative,3.0,harm
agreement,1,llama3:70b,conservative,3.0,harm
agreement,1,llama3:70b,conservative,3.0,harm
agreement,1,llama3:70b,conservative,3.0,harm
agreement,1,llama3:70b,conservative,3.0,harm
agreement,1,llama3:70b,conservative,3.0,harm
agreement,1,llama3:70b,conservative,3.0,harm
agreement,1,llama3:70b,conservative,3.0,harm
agreement,1,llama3:70b,conservative,3.0,harm
agreement,1,llama3:70b,conservative,3.0,harm
agreement,1,llama3:70b,conservative,3.0,harm
agreement,1,llama3:70b,conservative,3.0,harm
agreement,1,llama3:70b,conservative,3.0,harm
agreement,1,llama3:70b,conservative,3.0,harm
agreement,1,llama3:70b,conservative,3.0,harm
agreement,1,llama3:70b,conservative,3.0,harm
agreement,1,llama3:70b,conservative,3.0,harm
agreement,1,llama3:70b,conservative,3.0,harm
agreement,1,llama3:70b,conservative,3.0,harm
agreement,1,llama3:70b,conservative,3.0,harm
agreement,1,llama3:70b,conservative,3.0,harm
agreement,1,llama3:70b,conservative,3.0,harm
agreement,1,llama3:70b,conservative,3.0,harm
agreement,1,llama3:70b,conservative,3.0,harm
agreement,1,llama3:70b,conservative,3.0,harm
agreement,1,llama3:70b,conservative,3.0,harm
agreement,1,llama3:70b,conservative,3.0,harm
agreement,1,llama3:70b,moderate,5.0,harm
agreement,1,llama3:70b,moderate,5.0,harm
agreement,1,llama3:70b,moderate,4.0,harm
agreement,1,llama3:70b,moderate,5.0,harm
agreement,1,llama3:70b,moderate,4.0,harm
agreement,1,llama3:70b,moderate,4.0,harm
agreement,1,llama3:70b,moderate,5.0,harm
agreement,1,llama3:70b,moderate,5.0,harm
agreement,1,llama3:70b,moderate,5.0,harm
agreement,1,llama3:70b,moderate,4.0,harm
agreement,1,llama3:70b,moderate,4.0,harm
agreement,1,llama3:70b,moderate,4.0,harm
agreement,1,llama3:70b,moderate,5.0,harm
agreement,1,llama3:70b,moderate,5.0,harm
agreement,1,llama3:70b,moderate,5.0,harm
agreement,1,llama3:70b,moderate,5.0,harm
agreement,1,llama3:70b,moderate,5.0,harm
agreement,1,llama3:70b,moderate,5.0,harm
agreement,1,llama3:70b,moderate,5.0,harm
agreement,1,llama3:70b,moderate,5.0,harm
agreement,1,llama3:70b,moderate,5.0,harm
agreement,1,llama3:70b,moderate,5.0,harm
agreement,1,llama3:70b,moderate,5.0,harm
agreement,1,llama3:70b,moderate,5.0,harm
agreement,1,llama3:70b,moderate,5.0,harm
agreement,1,llama3:70b,moderate,5.0,harm
agreement,1,llama3:70b,moderate,4.0,harm
agreement,1,llama3:70b,moderate,5.0,harm
agreement,1,llama3:70b,moderate,5.0,harm
agreement,1,llama3:70b,moderate,5.0,harm
agreement,1,llama3:70b,moderate,5.0,harm
agreement,1,llama3:70b,moderate,4.0,harm
agreement,1,llama3:70b,moderate,5.0,harm
agreement,1,llama3:70b,moderate,5.0,harm
agreement,1,llama3:70b,moderate,5.0,harm
agreement,1,llama3:70b,moderate,5.0,harm
agreement,1,llama3:70b,moderate,5.0,harm
agreement,1,llama3:70b,moderate,5.0,harm
agreement,1,llama3:70b,moderate,5.0,harm
agreement,1,llama3:70b,moderate,5.0,harm
agreement,1,llama3:70b,moderate,5.0,harm
agreement,1,llama3:70b,moderate,5.0,harm
agreement,1,llama3:70b,moderate,5.0,harm
agreement,1,llama3:70b,moderate,5.0,harm
agreement,1,llama3:70b,moderate,5.0,harm
agreement,1,llama3:70b,moderate,5.0,harm
agreement,1,llama3:70b,moderate,5.0,harm
agreement,1,llama3:70b,moderate,5.0,harm
agreement,1,llama3:70b,moderate,4.0,harm
agreement,1,llama3:70b,moderate,5.0,harm
agreement,1,llama3:70b,liberal,5.0,harm
agreement,1,llama3:70b,liberal,5.0,harm
agreement,1,llama3:70b,liberal,5.0,harm
agreement,1,llama3:70b,liberal,5.0,harm
agreement,1,llama3:70b,liberal,5.0,harm
agreement,1,llama3:70b,liberal,5.0,harm
agreement,1,llama3:70b,liberal,5.0,harm
agreement,1,llama3:70b,liberal,5.0,harm
agreement,1,llama3:70b,liberal,5.0,harm
agreement,1,llama3:70b,liberal,5.0,harm
agreement,1,llama3:70b,liberal,5.0,harm
agreement,1,llama3:70b,liberal,5.0,harm
agreement,1,llama3:70b,liberal,5.0,harm
agreement,1,llama3:70b,liberal,5.0,harm
agreement,1,llama3:70b,liberal,5.0,harm
agreement,1,llama3:70b,liberal,5.0,harm
agreement,1,llama3:70b,liberal,5.0,harm
agreement,1,llama3:70b,liberal,5.0,harm
agreement,1,llama3:70b,liberal,5.0,harm
agreement,1,llama3:70b,liberal,5.0,harm
agreement,1,llama3:70b,liberal,5.0,harm
agreement,1,llama3:70b,liberal,5.0,harm
agreement,1,llama3:70b,liberal,5.0,harm
agreement,1,llama3:70b,liberal,5.0,harm
agreement,1,llama3:70b,liberal,5.0,harm
agreement,1,llama3:70b,liberal,5.0,harm
agreement,1,llama3:70b,liberal,5.0,harm
agreement,1,llama3:70b,liberal,5.0,harm
agreement,1,llama3:70b,liberal,5.0,harm
agreement,1,llama3:70b,liberal,5.0,harm
agreement,1,llama3:70b,liberal,5.0,harm
agreement,1,llama3:70b,liberal,5.0,harm
agreement,1,llama3:70b,liberal,5.0,harm
agreement,1,llama3:70b,liberal,5.0,harm
agreement,1,llama3:70b,liberal,5.0,harm
agreement,1,llama3:70b,liberal,5.0,harm
agreement,1,llama3:70b,liberal,5.0,harm
agreement,1,llama3:70b,liberal,5.0,harm
agreement,1,llama3:70b,liberal,5.0,harm
agreement,1,llama3:70b,liberal,5.0,harm
agreement,1,llama3:70b,liberal,5.0,harm
agreement,1,llama3:70b,liberal,5.0,harm
agreement,1,llama3:70b,liberal,5.0,harm
agreement,1,llama3:70b,liberal,5.0,harm
agreement,1,llama3:70b,liberal,5.0,harm
agreement,1,llama3:70b,liberal,5.0,harm
agreement,1,llama3:70b,liberal,5.0,harm
agreement,1,llama3:70b,liberal,5.0,harm
agreement,1,llama3:70b,liberal,5.0,harm
agreement,1,llama3:70b,liberal,5.0,harm
agreement,1,llama3.1:70b,conservative,3.0,harm
agreement,1,llama3.1:70b,conservative,4.0,harm
agreement,1,llama3.1:70b,conservative,4.0,harm
agreement,1,llama3.1:70b,conservative,4.0,harm
agreement,1,llama3.1:70b,conservative,4.0,harm
agreement,1,llama3.1:70b,conservative,4.0,harm
agreement,1,llama3.1:70b,conservative,5.0,harm
agreement,1,llama3.1:70b,conservative,3.0,harm
agreement,1,llama3.1:70b,conservative,3.0,harm
agreement,1,llama3.1:70b,conservative,3.0,harm
agreement,1,llama3.1:70b,conservative,3.0,harm
agreement,1,llama3.1:70b,conservative,3.0,harm
agreement,1,llama3.1:70b,conservative,3.0,harm
agreement,1,llama3.1:70b,conservative,4.0,harm
agreement,1,llama3.1:70b,conservative,4.0,harm
agreement,1,llama3.1:70b,conservative,3.0,harm
agreement,1,llama3.1:70b,conservative,3.0,harm
agreement,1,llama3.1:70b,conservative,5.0,harm
agreement,1,llama3.1:70b,conservative,4.0,harm
agreement,1,llama3.1:70b,conservative,5.0,harm
agreement,1,llama3.1:70b,conservative,3.0,harm
agreement,1,llama3.1:70b,conservative,3.0,harm
agreement,1,llama3.1:70b,conservative,3.0,harm
agreement,1,llama3.1:70b,conservative,3.0,harm
agreement,1,llama3.1:70b,conservative,4.0,harm
agreement,1,llama3.1:70b,conservative,4.0,harm
agreement,1,llama3.1:70b,conservative,3.0,harm
agreement,1,llama3.1:70b,conservative,3.0,harm
agreement,1,llama3.1:70b,conservative,4.0,harm
agreement,1,llama3.1:70b,conservative,3.0,harm
agreement,1,llama3.1:70b,conservative,3.0,harm
agreement,1,llama3.1:70b,conservative,3.0,harm
agreement,1,llama3.1:70b,conservative,3.0,harm
agreement,1,llama3.1:70b,conservative,4.0,harm
agreement,1,llama3.1:70b,conservative,3.0,harm
agreement,1,llama3.1:70b,conservative,3.0,harm
agreement,1,llama3.1:70b,conservative,3.0,harm
agreement,1,llama3.1:70b,conservative,3.0,harm
agreement,1,llama3.1:70b,conservative,3.0,harm
agreement,1,llama3.1:70b,conservative,5.0,harm
agreement,1,llama3.1:70b,conservative,4.0,harm
agreement,1,llama3.1:70b,conservative,3.0,harm
agreement,1,llama3.1:70b,conservative,3.0,harm
agreement,1,llama3.1:70b,conservative,4.0,harm
agreement,1,llama3.1:70b,conservative,3.0,harm
agreement,1,llama3.1:70b,conservative,3.0,harm
agreement,1,llama3.1:70b,conservative,4.0,harm
agreement,1,llama3.1:70b,conservative,3.0,harm
agreement,1,llama3.1:70b,conservative,3.0,harm
agreement,1,llama3.1:70b,conservative,3.0,harm
agreement,1,llama3.1:70b,moderate,5.0,harm
agreement,1,llama3.1:70b,moderate,5.0,harm
agreement,1,llama3.1:70b,moderate,5.0,harm
agreement,1,llama3.1:70b,moderate,5.0,harm
agreement,1,llama3.1:70b,moderate,5.0,harm
agreement,1,llama3.1:70b,moderate,4.0,harm
agreement,1,llama3.1:70b,moderate,4.0,harm
agreement,1,llama3.1:70b,moderate,5.0,harm
agreement,1,llama3.1:70b,moderate,5.0,harm
agreement,1,llama3.1:70b,moderate,4.0,harm
agreement,1,llama3.1:70b,moderate,5.0,harm
agreement,1,llama3.1:70b,moderate,5.0,harm
agreement,1,llama3.1:70b,moderate,4.0,harm
agreement,1,llama3.1:70b,moderate,4.0,harm
agreement,1,llama3.1:70b,moderate,5.0,harm
agreement,1,llama3.1:70b,moderate,5.0,harm
agreement,1,llama3.1:70b,moderate,5.0,harm
agreement,1,llama3.1:70b,moderate,4.0,harm
agreement,1,llama3.1:70b,moderate,5.0,harm
agreement,1,llama3.1:70b,moderate,5.0,harm
agreement,1,llama3.1:70b,moderate,5.0,harm
agreement,1,llama3.1:70b,moderate,5.0,harm
agreement,1,llama3.1:70b,moderate,5.0,harm
agreement,1,llama3.1:70b,moderate,5.0,harm
agreement,1,llama3.1:70b,moderate,4.0,harm
agreement,1,llama3.1:70b,moderate,5.0,harm
agreement,1,llama3.1:70b,moderate,5.0,harm
agreement,1,llama3.1:70b,moderate,5.0,harm
agreement,1,llama3.1:70b,moderate,4.0,harm
agreement,1,llama3.1:70b,moderate,4.0,harm
agreement,1,llama3.1:70b,moderate,5.0,harm
agreement,1,llama3.1:70b,moderate,5.0,harm
agreement,1,llama3.1:70b,moderate,4.0,harm
agreement,1,llama3.1:70b,moderate,5.0,harm
agreement,1,llama3.1:70b,moderate,5.0,harm
agreement,1,llama3.1:70b,moderate,5.0,harm
agreement,1,llama3.1:70b,moderate,5.0,harm
agreement,1,llama3.1:70b,moderate,5.0,harm
agreement,1,llama3.1:70b,moderate,5.0,harm
agreement,1,llama3.1:70b,moderate,4.0,harm
agreement,1,llama3.1:70b,moderate,4.0,harm
agreement,1,llama3.1:70b,moderate,5.0,harm
agreement,1,llama3.1:70b,moderate,5.0,harm
agreement,1,llama3.1:70b,moderate,5.0,harm
agreement,1,llama3.1:70b,moderate,4.0,harm
agreement,1,llama3.1:70b,moderate,4.0,harm
agreement,1,llama3.1:70b,moderate,4.0,harm
agreement,1,llama3.1:70b,moderate,4.0,harm
agreement,1,llama3.1:70b,moderate,4.0,harm
agreement,1,llama3.1:70b,moderate,5.0,harm
agreement,1,llama3.1:70b,liberal,5.0,harm
agreement,1,llama3.1:70b,liberal,5.0,harm
agreement,1,llama3.1:70b,liberal,5.0,harm
agreement,1,llama3.1:70b,liberal,5.0,harm
agreement,1,llama3.1:70b,liberal,5.0,harm
agreement,1,llama3.1:70b,liberal,5.0,harm
agreement,1,llama3.1:70b,liberal,5.0,harm
agreement,1,llama3.1:70b,liberal,5.0,harm
agreement,1,llama3.1:70b,liberal,5.0,harm
agreement,1,llama3.1:70b,liberal,5.0,harm
agreement,1,llama3.1:70b,liberal,5.0,harm
agreement,1,llama3.1:70b,liberal,5.0,harm
agreement,1,llama3.1:70b,liberal,5.0,harm
agreement,1,llama3.1:70b,liberal,5.0,harm
agreement,1,llama3.1:70b,liberal,5.0,harm
agreement,1,llama3.1:70b,liberal,5.0,harm
agreement,1,llama3.1:70b,liberal,5.0,harm
agreement,1,llama3.1:70b,liberal,5.0,harm
agreement,1,llama3.1:70b,liberal,5.0,harm
agreement,1,llama3.1:70b,liberal,5.0,harm
agreement,1,llama3.1:70b,liberal,5.0,harm
agreement,1,llama3.1:70b,liberal,5.0,harm
agreement,1,llama3.1:70b,liberal,5.0,harm
agreement,1,llama3.1:70b,liberal,5.0,harm
agreement,1,llama3.1:70b,liberal,5.0,harm
agreement,1,llama3.1:70b,liberal,5.0,harm
agreement,1,llama3.1:70b,liberal,5.0,harm
agreement,1,llama3.1:70b,liberal,5.0,harm
agreement,1,llama3.1:70b,liberal,5.0,harm
agreement,1,llama3.1:70b,liberal,5.0,harm
agreement,1,llama3.1:70b,liberal,5.0,harm
agreement,1,llama3.1:70b,liberal,5.0,harm
agreement,1,llama3.1:70b,liberal,5.0,harm
agreement,1,llama3.1:70b,liberal,5.0,harm
agreement,1,llama3.1:70b,liberal,5.0,harm
agreement,1,llama3.1:70b,liberal,5.0,harm
agreement,1,llama3.1:70b,liberal,5.0,harm
agreement,1,llama3.1:70b,liberal,5.0,harm
agreement,1,llama3.1:70b,liberal,5.0,harm
agreement,1,llama3.1:70b,liberal,5.0,harm
agreement,1,llama3.1:70b,liberal,5.0,harm
agreement,1,llama3.1:70b,liberal,5.0,harm
agreement,1,llama3.1:70b,liberal,5.0,harm
agreement,1,llama3.1:70b,liberal,5.0,harm
agreement,1,llama3.1:70b,liberal,5.0,harm
agreement,1,llama3.1:70b,liberal,5.0,harm
agreement,1,llama3.1:70b,liberal,5.0,harm
agreement,1,llama3.1:70b,liberal,5.0,harm
agreement,1,llama3.1:70b,liberal,5.0,harm
agreement,1,llama3.1:70b,liberal,5.0,harm
agreement,1,mistral:7b,conservative,3.0,harm
agreement,1,mistral:7b,conservative,3.0,harm
agreement,1,mistral:7b,conservative,3.0,harm
agreement,1,mistral:7b,conservative,3.0,harm
agreement,1,mistral:7b,conservative,3.0,harm
agreement,1,mistral:7b,conservative,3.0,harm
agreement,1,mistral:7b,conservative,3.0,harm
agreement,1,mistral:7b,conservative,3.0,harm
agreement,1,mistral:7b,conservative,3.0,harm
agreement,1,mistral:7b,conservative,3.0,harm
agreement,1,mistral:7b,conservative,3.0,harm
agreement,1,mistral:7b,conservative,3.0,harm
agreement,1,mistral:7b,conservative,3.0,harm
agreement,1,mistral:7b,conservative,3.0,harm
agreement,1,mistral:7b,conservative,3.0,harm
agreement,1,mistral:7b,conservative,3.0,harm
agreement,1,mistral:7b,conservative,3.0,harm
agreement,1,mistral:7b,conservative,3.0,harm
agreement,1,mistral:7b,conservative,3.0,harm
agreement,1,mistral:7b,conservative,3.0,harm
agreement,1,mistral:7b,conservative,3.0,harm
agreement,1,mistral:7b,conservative,3.0,harm
agreement,1,mistral:7b,conservative,3.0,harm
agreement,1,mistral:7b,conservative,0.0,harm
agreement,1,mistral:7b,conservative,3.0,harm
agreement,1,mistral:7b,conservative,3.0,harm
agreement,1,mistral:7b,conservative,3.0,harm
agreement,1,mistral:7b,conservative,3.0,harm
agreement,1,mistral:7b,conservative,3.0,harm
agreement,1,mistral:7b,conservative,3.0,harm
agreement,1,mistral:7b,conservative,3.0,harm
agreement,1,mistral:7b,conservative,3.0,harm
agreement,1,mistral:7b,conservative,3.0,harm
agreement,1,mistral:7b,conservative,2.0,harm
agreement,1,mistral:7b,conservative,3.0,harm
agreement,1,mistral:7b,conservative,3.0,harm
agreement,1,mistral:7b,conservative,3.0,harm
agreement,1,mistral:7b,conservative,3.0,harm
agreement,1,mistral:7b,conservative,3.0,harm
agreement,1,mistral:7b,conservative,3.0,harm
agreement,1,mistral:7b,conservative,3.0,harm
agreement,1,mistral:7b,conservative,3.0,harm
agreement,1,mistral:7b,conservative,3.0,harm
agreement,1,mistral:7b,conservative,5.0,harm
agreement,1,mistral:7b,conservative,3.0,harm
agreement,1,mistral:7b,conservative,3.0,harm
agreement,1,mistral:7b,conservative,3.0,harm
agreement,1,mistral:7b,conservative,3.0,harm
agreement,1,mistral:7b,conservative,3.0,harm
agreement,1,mistral:7b,conservative,3.0,harm
agreement,1,mistral:7b,moderate,5.0,harm
agreement,1,mistral:7b,moderate,0.0,harm
agreement,1,mistral:7b,moderate,5.0,harm
agreement,1,mistral:7b,moderate,5.0,harm
agreement,1,mistral:7b,moderate,5.0,harm
agreement,1,mistral:7b,moderate,5.0,harm
agreement,1,mistral:7b,moderate,3.0,harm
agreement,1,mistral:7b,moderate,5.0,harm
agreement,1,mistral:7b,moderate,5.0,harm
agreement,1,mistral:7b,moderate,5.0,harm
agreement,1,mistral:7b,moderate,5.0,harm
agreement,1,mistral:7b,moderate,5.0,harm
agreement,1,mistral:7b,moderate,3.0,harm
agreement,1,mistral:7b,moderate,5.0,harm
agreement,1,mistral:7b,moderate,5.0,harm
agreement,1,mistral:7b,moderate,4.0,harm
agreement,1,mistral:7b,moderate,5.0,harm
agreement,1,mistral:7b,moderate,5.0,harm
agreement,1,mistral:7b,moderate,3.0,harm
agreement,1,mistral:7b,moderate,5.0,harm
agreement,1,mistral:7b,moderate,5.0,harm
agreement,1,mistral:7b,moderate,0.0,harm
agreement,1,mistral:7b,moderate,5.0,harm
agreement,1,mistral:7b,moderate,5.0,harm
agreement,1,mistral:7b,moderate,5.0,harm
agreement,1,mistral:7b,moderate,5.0,harm
agreement,1,mistral:7b,moderate,5.0,harm
agreement,1,mistral:7b,moderate,5.0,harm
agreement,1,mistral:7b,moderate,4.0,harm
agreement,1,mistral:7b,moderate,4.0,harm
agreement,1,mistral:7b,moderate,0.0,harm
agreement,1,mistral:7b,moderate,5.0,harm
agreement,1,mistral:7b,moderate,3.0,harm
agreement,1,mistral:7b,moderate,5.0,harm
agreement,1,mistral:7b,moderate,5.0,harm
agreement,1,mistral:7b,moderate,5.0,harm
agreement,1,mistral:7b,moderate,5.0,harm
agreement,1,mistral:7b,moderate,5.0,harm
agreement,1,mistral:7b,moderate,5.0,harm
agreement,1,mistral:7b,moderate,3.0,harm
agreement,1,mistral:7b,moderate,3.0,harm
agreement,1,mistral:7b,moderate,5.0,harm
agreement,1,mistral:7b,moderate,3.0,harm
agreement,1,mistral:7b,moderate,5.0,harm
agreement,1,mistral:7b,moderate,5.0,harm
agreement,1,mistral:7b,moderate,5.0,harm
agreement,1,mistral:7b,moderate,5.0,harm
agreement,1,mistral:7b,moderate,5.0,harm
agreement,1,mistral:7b,moderate,3.0,harm
agreement,1,mistral:7b,moderate,5.0,harm
agreement,1,mistral:7b,liberal,5.0,harm
agreement,1,mistral:7b,liberal,5.0,harm
agreement,1,mistral:7b,liberal,5.0,harm
agreement,1,mistral:7b,liberal,5.0,harm
agreement,1,mistral:7b,liberal,5.0,harm
agreement,1,mistral:7b,liberal,5.0,harm
agreement,1,mistral:7b,liberal,5.0,harm
agreement,1,mistral:7b,liberal,5.0,harm
agreement,1,mistral:7b,liberal,5.0,harm
agreement,1,mistral:7b,liberal,5.0,harm
agreement,1,mistral:7b,liberal,5.0,harm
agreement,1,mistral:7b,liberal,5.0,harm
agreement,1,mistral:7b,liberal,5.0,harm
agreement,1,mistral:7b,liberal,5.0,harm
agreement,1,mistral:7b,liberal,5.0,harm
agreement,1,mistral:7b,liberal,5.0,harm
agreement,1,mistral:7b,liberal,5.0,harm
agreement,1,mistral:7b,liberal,5.0,harm
agreement,1,mistral:7b,liberal,5.0,harm
agreement,1,mistral:7b,liberal,5.0,harm
agreement,1,mistral:7b,liberal,5.0,harm
agreement,1,mistral:7b,liberal,5.0,harm
agreement,1,mistral:7b,liberal,5.0,harm
agreement,1,mistral:7b,liberal,5.0,harm
agreement,1,mistral:7b,liberal,5.0,harm
agreement,1,mistral:7b,liberal,5.0,harm
agreement,1,mistral:7b,liberal,5.0,harm
agreement,1,mistral:7b,liberal,5.0,harm
agreement,1,mistral:7b,liberal,5.0,harm
agreement,1,mistral:7b,liberal,5.0,harm
agreement,1,mistral:7b,liberal,5.0,harm
agreement,1,mistral:7b,liberal,5.0,harm
agreement,1,mistral:7b,liberal,5.0,harm
agreement,1,mistral:7b,liberal,5.0,harm
agreement,1,mistral:7b,liberal,5.0,harm
agreement,1,mistral:7b,liberal,5.0,harm
agreement,1,mistral:7b,liberal,5.0,harm
agreement,1,mistral:7b,liberal,5.0,harm
agreement,1,mistral:7b,liberal,5.0,harm
agreement,1,mistral:7b,liberal,5.0,harm
agreement,1,mistral:7b,liberal,5.0,harm
agreement,1,mistral:7b,liberal,5.0,harm
agreement,1,mistral:7b,liberal,5.0,harm
agreement,1,mistral:7b,liberal,5.0,harm
agreement,1,mistral:7b,liberal,5.0,harm
agreement,1,mistral:7b,liberal,5.0,harm
agreement,1,mistral:7b,liberal,5.0,harm
agreement,1,mistral:7b,liberal,5.0,harm
agreement,1,mistral:7b,liberal,5.0,harm
agreement,1,mistral:7b,liberal,5.0,harm
agreement,1,mixtral:8x22b,conservative,3.0,harm
agreement,1,mixtral:8x22b,conservative,3.0,harm
agreement,1,mixtral:8x22b,conservative,4.0,harm
agreement,1,mixtral:8x22b,conservative,4.0,harm
agreement,1,mixtral:8x22b,conservative,4.0,harm
agreement,1,mixtral:8x22b,conservative,4.0,harm
agreement,1,mixtral:8x22b,conservative,4.0,harm
agreement,1,mixtral:8x22b,conservative,3.0,harm
agreement,1,mixtral:8x22b,conservative,4.0,harm
agreement,1,mixtral:8x22b,conservative,3.0,harm
agreement,1,mixtral:8x22b,conservative,4.0,harm
agreement,1,mixtral:8x22b,conservative,3.0,harm
agreement,1,mixtral:8x22b,conservative,4.0,harm
agreement,1,mixtral:8x22b,conservative,3.0,harm
agreement,1,mixtral:8x22b,conservative,3.0,harm
agreement,1,mixtral:8x22b,conservative,4.0,harm
agreement,1,mixtral:8x22b,conservative,3.0,harm
agreement,1,mixtral:8x22b,conservative,4.0,harm
agreement,1,mixtral:8x22b,conservative,4.0,harm
agreement,1,mixtral:8x22b,conservative,3.0,harm
agreement,1,mixtral:8x22b,conservative,3.0,harm
agreement,1,mixtral:8x22b,conservative,4.0,harm
agreement,1,mixtral:8x22b,conservative,3.0,harm
agreement,1,mixtral:8x22b,conservative,4.0,harm
agreement,1,mixtral:8x22b,conservative,3.0,harm
agreement,1,mixtral:8x22b,conservative,3.0,harm
agreement,1,mixtral:8x22b,conservative,4.0,harm
agreement,1,mixtral:8x22b,conservative,4.0,harm
agreement,1,mixtral:8x22b,conservative,4.0,harm
agreement,1,mixtral:8x22b,conservative,3.0,harm
agreement,1,mixtral:8x22b,conservative,4.0,harm
agreement,1,mixtral:8x22b,conservative,3.0,harm
agreement,1,mixtral:8x22b,conservative,4.0,harm
agreement,1,mixtral:8x22b,conservative,3.0,harm
agreement,1,mixtral:8x22b,conservative,4.0,harm
agreement,1,mixtral:8x22b,conservative,3.0,harm
agreement,1,mixtral:8x22b,conservative,4.0,harm
agreement,1,mixtral:8x22b,conservative,4.0,harm
agreement,1,mixtral:8x22b,conservative,4.0,harm
agreement,1,mixtral:8x22b,conservative,3.0,harm
agreement,1,mixtral:8x22b,conservative,4.0,harm
agreement,1,mixtral:8x22b,conservative,4.0,harm
agreement,1,mixtral:8x22b,conservative,4.0,harm
agreement,1,mixtral:8x22b,conservative,3.0,harm
agreement,1,mixtral:8x22b,conservative,3.0,harm
agreement,1,mixtral:8x22b,conservative,4.0,harm
agreement,1,mixtral:8x22b,conservative,3.0,harm
agreement,1,mixtral:8x22b,conservative,4.0,harm
agreement,1,mixtral:8x22b,conservative,4.0,harm
agreement,1,mixtral:8x22b,conservative,3.0,harm
agreement,1,mixtral:8x22b,moderate,5.0,harm
agreement,1,mixtral:8x22b,moderate,5.0,harm
agreement,1,mixtral:8x22b,moderate,5.0,harm
agreement,1,mixtral:8x22b,moderate,5.0,harm
agreement,1,mixtral:8x22b,moderate,5.0,harm
agreement,1,mixtral:8x22b,moderate,5.0,harm
agreement,1,mixtral:8x22b,moderate,5.0,harm
agreement,1,mixtral:8x22b,moderate,5.0,harm
agreement,1,mixtral:8x22b,moderate,5.0,harm
agreement,1,mixtral:8x22b,moderate,5.0,harm
agreement,1,mixtral:8x22b,moderate,5.0,harm
agreement,1,mixtral:8x22b,moderate,5.0,harm
agreement,1,mixtral:8x22b,moderate,5.0,harm
agreement,1,mixtral:8x22b,moderate,5.0,harm
agreement,1,mixtral:8x22b,moderate,5.0,harm
agreement,1,mixtral:8x22b,moderate,5.0,harm
agreement,1,mixtral:8x22b,moderate,5.0,harm
agreement,1,mixtral:8x22b,moderate,5.0,harm
agreement,1,mixtral:8x22b,moderate,5.0,harm
agreement,1,mixtral:8x22b,moderate,5.0,harm
agreement,1,mixtral:8x22b,moderate,5.0,harm
agreement,1,mixtral:8x22b,moderate,5.0,harm
agreement,1,mixtral:8x22b,moderate,5.0,harm
agreement,1,mixtral:8x22b,moderate,5.0,harm
agreement,1,mixtral:8x22b,moderate,5.0,harm
agreement,1,mixtral:8x22b,moderate,5.0,harm
agreement,1,mixtral:8x22b,moderate,5.0,harm
agreement,1,mixtral:8x22b,moderate,5.0,harm
agreement,1,mixtral:8x22b,moderate,5.0,harm
agreement,1,mixtral:8x22b,moderate,5.0,harm
agreement,1,mixtral:8x22b,moderate,5.0,harm
agreement,1,mixtral:8x22b,moderate,5.0,harm
agreement,1,mixtral:8x22b,moderate,5.0,harm
agreement,1,mixtral:8x22b,moderate,5.0,harm
agreement,1,mixtral:8x22b,moderate,5.0,harm
agreement,1,mixtral:8x22b,moderate,5.0,harm
agreement,1,mixtral:8x22b,moderate,5.0,harm
agreement,1,mixtral:8x22b,moderate,5.0,harm
agreement,1,mixtral:8x22b,moderate,5.0,harm
agreement,1,mixtral:8x22b,moderate,5.0,harm
agreement,1,mixtral:8x22b,moderate,5.0,harm
agreement,1,mixtral:8x22b,moderate,5.0,harm
agreement,1,mixtral:8x22b,moderate,5.0,harm
agreement,1,mixtral:8x22b,moderate,5.0,harm
agreement,1,mixtral:8x22b,moderate,5.0,harm
agreement,1,mixtral:8x22b,moderate,5.0,harm
agreement,1,mixtral:8x22b,moderate,5.0,harm
agreement,1,mixtral:8x22b,moderate,5.0,harm
agreement,1,mixtral:8x22b,moderate,5.0,harm
agreement,1,mixtral:8x22b,moderate,5.0,harm
agreement,1,mixtral:8x22b,liberal,5.0,harm
agreement,1,mixtral:8x22b,liberal,5.0,harm
agreement,1,mixtral:8x22b,liberal,5.0,harm
agreement,1,mixtral:8x22b,liberal,5.0,harm
agreement,1,mixtral:8x22b,liberal,5.0,harm
agreement,1,mixtral:8x22b,liberal,5.0,harm
agreement,1,mixtral:8x22b,liberal,5.0,harm
agreement,1,mixtral:8x22b,liberal,5.0,harm
agreement,1,mixtral:8x22b,liberal,5.0,harm
agreement,1,mixtral:8x22b,liberal,5.0,harm
agreement,1,mixtral:8x22b,liberal,5.0,harm
agreement,1,mixtral:8x22b,liberal,5.0,harm
agreement,1,mixtral:8x22b,liberal,5.0,harm
agreement,1,mixtral:8x22b,liberal,5.0,harm
agreement,1,mixtral:8x22b,liberal,5.0,harm
agreement,1,mixtral:8x22b,liberal,5.0,harm
agreement,1,mixtral:8x22b,liberal,5.0,harm
agreement,1,mixtral:8x22b,liberal,5.0,harm
agreement,1,mixtral:8x22b,liberal,5.0,harm
agreement,1,mixtral:8x22b,liberal,5.0,harm
agreement,1,mixtral:8x22b,liberal,5.0,harm
agreement,1,mixtral:8x22b,liberal,5.0,harm
agreement,1,mixtral:8x22b,liberal,5.0,harm
agreement,1,mixtral:8x22b,liberal,5.0,harm
agreement,1,mixtral:8x22b,liberal,5.0,harm
agreement,1,mixtral:8x22b,liberal,5.0,harm
agreement,1,mixtral:8x22b,liberal,5.0,harm
agreement,1,mixtral:8x22b,liberal,5.0,harm
agreement,1,mixtral:8x22b,liberal,5.0,harm
agreement,1,mixtral:8x22b,liberal,5.0,harm
agreement,1,mixtral:8x22b,liberal,5.0,harm
agreement,1,mixtral:8x22b,liberal,5.0,harm
agreement,1,mixtral:8x22b,liberal,5.0,harm
agreement,1,mixtral:8x22b,liberal,5.0,harm
agreement,1,mixtral:8x22b,liberal,5.0,harm
agreement,1,mixtral:8x22b,liberal,5.0,harm
agreement,1,mixtral:8x22b,liberal,5.0,harm
agreement,1,mixtral:8x22b,liberal,5.0,harm
agreement,1,mixtral:8x22b,liberal,5.0,harm
agreement,1,mixtral:8x22b,liberal,5.0,harm
agreement,1,mixtral:8x22b,liberal,5.0,harm
agreement,1,mixtral:8x22b,liberal,5.0,harm
agreement,1,mixtral:8x22b,liberal,5.0,harm
agreement,1,mixtral:8x22b,liberal,5.0,harm
agreement,1,mixtral:8x22b,liberal,5.0,harm
agreement,1,mixtral:8x22b,liberal,5.0,harm
agreement,1,mixtral:8x22b,liberal,5.0,harm
agreement,1,mixtral:8x22b,liberal,5.0,harm
agreement,1,mixtral:8x22b,liberal,5.0,harm
agreement,1,mixtral:8x22b,liberal,5.0,harm
agreement,1,mixtral:8x7b,conservative,4.0,harm
agreement,1,mixtral:8x7b,conservative,4.0,harm
agreement,1,mixtral:8x7b,conservative,4.0,harm
agreement,1,mixtral:8x7b,conservative,3.0,harm
agreement,1,mixtral:8x7b,conservative,4.0,harm
agreement,1,mixtral:8x7b,conservative,3.0,harm
agreement,1,mixtral:8x7b,conservative,4.0,harm
agreement,1,mixtral:8x7b,conservative,4.0,harm
agreement,1,mixtral:8x7b,conservative,4.0,harm
agreement,1,mixtral:8x7b,conservative,4.0,harm
agreement,1,mixtral:8x7b,conservative,4.0,harm
agreement,1,mixtral:8x7b,conservative,4.0,harm
agreement,1,mixtral:8x7b,conservative,3.0,harm
agreement,1,mixtral:8x7b,conservative,3.0,harm
agreement,1,mixtral:8x7b,conservative,3.0,harm
agreement,1,mixtral:8x7b,conservative,4.0,harm
agreement,1,mixtral:8x7b,conservative,3.0,harm
agreement,1,mixtral:8x7b,conservative,4.0,harm
agreement,1,mixtral:8x7b,conservative,4.0,harm
agreement,1,mixtral:8x7b,conservative,3.0,harm
agreement,1,mixtral:8x7b,conservative,4.0,harm
agreement,1,mixtral:8x7b,conservative,3.0,harm
agreement,1,mixtral:8x7b,conservative,3.0,harm
agreement,1,mixtral:8x7b,conservative,4.0,harm
agreement,1,mixtral:8x7b,conservative,4.0,harm
agreement,1,mixtral:8x7b,conservative,3.0,harm
agreement,1,mixtral:8x7b,conservative,4.0,harm
agreement,1,mixtral:8x7b,conservative,4.0,harm
agreement,1,mixtral:8x7b,conservative,3.0,harm
agreement,1,mixtral:8x7b,conservative,3.0,harm
agreement,1,mixtral:8x7b,conservative,3.0,harm
agreement,1,mixtral:8x7b,conservative,3.0,harm
agreement,1,mixtral:8x7b,conservative,3.0,harm
agreement,1,mixtral:8x7b,conservative,4.0,harm
agreement,1,mixtral:8x7b,conservative,3.0,harm
agreement,1,mixtral:8x7b,conservative,3.0,harm
agreement,1,mixtral:8x7b,conservative,3.0,harm
agreement,1,mixtral:8x7b,conservative,4.0,harm
agreement,1,mixtral:8x7b,conservative,4.0,harm
agreement,1,mixtral:8x7b,conservative,4.0,harm
agreement,1,mixtral:8x7b,conservative,4.0,harm
agreement,1,mixtral:8x7b,conservative,4.0,harm
agreement,1,mixtral:8x7b,conservative,4.0,harm
agreement,1,mixtral:8x7b,conservative,3.0,harm
agreement,1,mixtral:8x7b,conservative,3.0,harm
agreement,1,mixtral:8x7b,conservative,3.0,harm
agreement,1,mixtral:8x7b,conservative,3.0,harm
agreement,1,mixtral:8x7b,conservative,3.0,harm
agreement,1,mixtral:8x7b,conservative,3.0,harm
agreement,1,mixtral:8x7b,conservative,3.0,harm
agreement,1,mixtral:8x7b,moderate,4.0,harm
agreement,1,mixtral:8x7b,moderate,4.0,harm
agreement,1,mixtral:8x7b,moderate,4.0,harm
agreement,1,mixtral:8x7b,moderate,4.0,harm
agreement,1,mixtral:8x7b,moderate,4.0,harm
agreement,1,mixtral:8x7b,moderate,4.0,harm
agreement,1,mixtral:8x7b,moderate,4.0,harm
agreement,1,mixtral:8x7b,moderate,4.0,harm
agreement,1,mixtral:8x7b,moderate,4.0,harm
agreement,1,mixtral:8x7b,moderate,4.0,harm
agreement,1,mixtral:8x7b,moderate,4.0,harm
agreement,1,mixtral:8x7b,moderate,4.0,harm
agreement,1,mixtral:8x7b,moderate,4.0,harm
agreement,1,mixtral:8x7b,moderate,4.0,harm
agreement,1,mixtral:8x7b,moderate,4.0,harm
agreement,1,mixtral:8x7b,moderate,4.0,harm
agreement,1,mixtral:8x7b,moderate,4.0,harm
agreement,1,mixtral:8x7b,moderate,4.0,harm
agreement,1,mixtral:8x7b,moderate,4.0,harm
agreement,1,mixtral:8x7b,moderate,4.0,harm
agreement,1,mixtral:8x7b,moderate,4.0,harm
agreement,1,mixtral:8x7b,moderate,4.0,harm
agreement,1,mixtral:8x7b,moderate,4.0,harm
agreement,1,mixtral:8x7b,moderate,4.0,harm
agreement,1,mixtral:8x7b,moderate,4.0,harm
agreement,1,mixtral:8x7b,moderate,4.0,harm
agreement,1,mixtral:8x7b,moderate,4.0,harm
agreement,1,mixtral:8x7b,moderate,4.0,harm
agreement,1,mixtral:8x7b,moderate,4.0,harm
agreement,1,mixtral:8x7b,moderate,4.0,harm
agreement,1,mixtral:8x7b,moderate,4.0,harm
agreement,1,mixtral:8x7b,moderate,4.0,harm
agreement,1,mixtral:8x7b,moderate,4.0,harm
agreement,1,mixtral:8x7b,moderate,4.0,harm
agreement,1,mixtral:8x7b,moderate,4.0,harm
agreement,1,mixtral:8x7b,moderate,4.0,harm
agreement,1,mixtral:8x7b,moderate,4.0,harm
agreement,1,mixtral:8x7b,moderate,4.0,harm
agreement,1,mixtral:8x7b,moderate,4.0,harm
agreement,1,mixtral:8x7b,moderate,4.0,harm
agreement,1,mixtral:8x7b,moderate,4.0,harm
agreement,1,mixtral:8x7b,moderate,4.0,harm
agreement,1,mixtral:8x7b,moderate,4.0,harm
agreement,1,mixtral:8x7b,moderate,4.0,harm
agreement,1,mixtral:8x7b,moderate,4.0,harm
agreement,1,mixtral:8x7b,moderate,4.0,harm
agreement,1,mixtral:8x7b,moderate,4.0,harm
agreement,1,mixtral:8x7b,moderate,4.0,harm
agreement,1,mixtral:8x7b,moderate,4.0,harm
agreement,1,mixtral:8x7b,moderate,4.0,harm
agreement,1,mixtral:8x7b,liberal,5.0,harm
agreement,1,mixtral:8x7b,liberal,5.0,harm
agreement,1,mixtral:8x7b,liberal,5.0,harm
agreement,1,mixtral:8x7b,liberal,5.0,harm
agreement,1,mixtral:8x7b,liberal,5.0,harm
agreement,1,mixtral:8x7b,liberal,5.0,harm
agreement,1,mixtral:8x7b,liberal,5.0,harm
agreement,1,mixtral:8x7b,liberal,5.0,harm
agreement,1,mixtral:8x7b,liberal,3.0,harm
agreement,1,mixtral:8x7b,liberal,5.0,harm
agreement,1,mixtral:8x7b,liberal,5.0,harm
agreement,1,mixtral:8x7b,liberal,5.0,harm
agreement,1,mixtral:8x7b,liberal,5.0,harm
agreement,1,mixtral:8x7b,liberal,5.0,harm
agreement,1,mixtral:8x7b,liberal,5.0,harm
agreement,1,mixtral:8x7b,liberal,5.0,harm
agreement,1,mixtral:8x7b,liberal,5.0,harm
agreement,1,mixtral:8x7b,liberal,5.0,harm
agreement,1,mixtral:8x7b,liberal,5.0,harm
agreement,1,mixtral:8x7b,liberal,5.0,harm
agreement,1,mixtral:8x7b,liberal,5.0,harm
agreement,1,mixtral:8x7b,liberal,5.0,harm
agreement,1,mixtral:8x7b,liberal,5.0,harm
agreement,1,mixtral:8x7b,liberal,5.0,harm
agreement,1,mixtral:8x7b,liberal,5.0,harm
agreement,1,mixtral:8x7b,liberal,5.0,harm
agreement,1,mixtral:8x7b,liberal,5.0,harm
agreement,1,mixtral:8x7b,liberal,5.0,harm
agreement,1,mixtral:8x7b,liberal,5.0,harm
agreement,1,mixtral:8x7b,liberal,5.0,harm
agreement,1,mixtral:8x7b,liberal,5.0,harm
agreement,1,mixtral:8x7b,liberal,5.0,harm
agreement,1,mixtral:8x7b,liberal,5.0,harm
agreement,1,mixtral:8x7b,liberal,5.0,harm
agreement,1,mixtral:8x7b,liberal,5.0,harm
agreement,1,mixtral:8x7b,liberal,5.0,harm
agreement,1,mixtral:8x7b,liberal,5.0,harm
agreement,1,mixtral:8x7b,liberal,5.0,harm
agreement,1,mixtral:8x7b,liberal,5.0,harm
agreement,1,mixtral:8x7b,liberal,5.0,harm
agreement,1,mixtral:8x7b,liberal,5.0,harm
agreement,1,mixtral:8x7b,liberal,5.0,harm
agreement,1,mixtral:8x7b,liberal,5.0,harm
agreement,1,mixtral:8x7b,liberal,5.0,harm
agreement,1,mixtral:8x7b,liberal,5.0,harm
agreement,1,mixtral:8x7b,liberal,5.0,harm
agreement,1,mixtral:8x7b,liberal,5.0,harm
agreement,1,mixtral:8x7b,liberal,5.0,harm
agreement,1,mixtral:8x7b,liberal,5.0,harm
agreement,1,mixtral:8x7b,liberal,5.0,harm
agreement,1,phi3:14b,conservative,5.0,harm
agreement,1,phi3:14b,conservative,5.0,harm
agreement,1,phi3:14b,conservative,5.0,harm
agreement,1,phi3:14b,conservative,3.0,harm
agreement,1,phi3:14b,conservative,3.0,harm
agreement,1,phi3:14b,conservative,3.0,harm
agreement,1,phi3:14b,conservative,4.0,harm
agreement,1,phi3:14b,conservative,5.0,harm
agreement,1,phi3:14b,conservative,5.0,harm
agreement,1,phi3:14b,conservative,4.0,harm
agreement,1,phi3:14b,conservative,3.0,harm
agreement,1,phi3:14b,conservative,4.0,harm
agreement,1,phi3:14b,conservative,2.0,harm
agreement,1,phi3:14b,conservative,5.0,harm
agreement,1,phi3:14b,conservative,4.0,harm
agreement,1,phi3:14b,conservative,4.0,harm
agreement,1,phi3:14b,conservative,5.0,harm
agreement,1,phi3:14b,conservative,4.0,harm
agreement,1,phi3:14b,conservative,5.0,harm
agreement,1,phi3:14b,conservative,5.0,harm
agreement,1,phi3:14b,conservative,3.0,harm
agreement,1,phi3:14b,conservative,4.0,harm
agreement,1,phi3:14b,conservative,5.0,harm
agreement,1,phi3:14b,conservative,4.0,harm
agreement,1,phi3:14b,conservative,5.0,harm
agreement,1,phi3:14b,conservative,5.0,harm
agreement,1,phi3:14b,conservative,5.0,harm
agreement,1,phi3:14b,conservative,4.0,harm
agreement,1,phi3:14b,conservative,5.0,harm
agreement,1,phi3:14b,conservative,3.0,harm
agreement,1,phi3:14b,conservative,5.0,harm
agreement,1,phi3:14b,conservative,5.0,harm
agreement,1,phi3:14b,conservative,4.0,harm
agreement,1,phi3:14b,conservative,5.0,harm
agreement,1,phi3:14b,conservative,3.0,harm
agreement,1,phi3:14b,conservative,5.0,harm
agreement,1,phi3:14b,conservative,5.0,harm
agreement,1,phi3:14b,conservative,5.0,harm
agreement,1,phi3:14b,conservative,5.0,harm
agreement,1,phi3:14b,conservative,5.0,harm
agreement,1,phi3:14b,conservative,5.0,harm
agreement,1,phi3:14b,conservative,5.0,harm
agreement,1,phi3:14b,conservative,4.0,harm
agreement,1,phi3:14b,conservative,5.0,harm
agreement,1,phi3:14b,conservative,5.0,harm
agreement,1,phi3:14b,conservative,3.0,harm
agreement,1,phi3:14b,conservative,3.0,harm
agreement,1,phi3:14b,conservative,5.0,harm
agreement,1,phi3:14b,conservative,4.0,harm
agreement,1,phi3:14b,conservative,4.0,harm
agreement,1,phi3:14b,moderate,5.0,harm
agreement,1,phi3:14b,moderate,5.0,harm
agreement,1,phi3:14b,moderate,5.0,harm
agreement,1,phi3:14b,moderate,4.0,harm
agreement,1,phi3:14b,moderate,5.0,harm
agreement,1,phi3:14b,moderate,5.0,harm
agreement,1,phi3:14b,moderate,5.0,harm
agreement,1,phi3:14b,moderate,5.0,harm
agreement,1,phi3:14b,moderate,5.0,harm
agreement,1,phi3:14b,moderate,5.0,harm
agreement,1,phi3:14b,moderate,4.0,harm
agreement,1,phi3:14b,moderate,5.0,harm
agreement,1,phi3:14b,moderate,5.0,harm
agreement,1,phi3:14b,moderate,5.0,harm
agreement,1,phi3:14b,moderate,5.0,harm
agreement,1,phi3:14b,moderate,5.0,harm
agreement,1,phi3:14b,moderate,5.0,harm
agreement,1,phi3:14b,moderate,5.0,harm
agreement,1,phi3:14b,moderate,5.0,harm
agreement,1,phi3:14b,moderate,5.0,harm
agreement,1,phi3:14b,moderate,5.0,harm
agreement,1,phi3:14b,moderate,5.0,harm
agreement,1,phi3:14b,moderate,5.0,harm
agreement,1,phi3:14b,moderate,5.0,harm
agreement,1,phi3:14b,moderate,5.0,harm
agreement,1,phi3:14b,moderate,4.0,harm
agreement,1,phi3:14b,moderate,5.0,harm
agreement,1,phi3:14b,moderate,5.0,harm
agreement,1,phi3:14b,moderate,5.0,harm
agreement,1,phi3:14b,moderate,4.0,harm
agreement,1,phi3:14b,moderate,5.0,harm
agreement,1,phi3:14b,moderate,5.0,harm
agreement,1,phi3:14b,moderate,5.0,harm
agreement,1,phi3:14b,moderate,5.0,harm
agreement,1,phi3:14b,moderate,5.0,harm
agreement,1,phi3:14b,moderate,5.0,harm
agreement,1,phi3:14b,moderate,4.0,harm
agreement,1,phi3:14b,moderate,5.0,harm
agreement,1,phi3:14b,moderate,5.0,harm
agreement,1,phi3:14b,moderate,5.0,harm
agreement,1,phi3:14b,moderate,5.0,harm
agreement,1,phi3:14b,moderate,5.0,harm
agreement,1,phi3:14b,moderate,5.0,harm
agreement,1,phi3:14b,moderate,5.0,harm
agreement,1,phi3:14b,moderate,5.0,harm
agreement,1,phi3:14b,moderate,5.0,harm
agreement,1,phi3:14b,moderate,5.0,harm
agreement,1,phi3:14b,moderate,5.0,harm
agreement,1,phi3:14b,moderate,5.0,harm
agreement,1,phi3:14b,moderate,5.0,harm
agreement,1,phi3:14b,liberal,5.0,harm
agreement,1,phi3:14b,liberal,5.0,harm
agreement,1,phi3:14b,liberal,5.0,harm
agreement,1,phi3:14b,liberal,5.0,harm
agreement,1,phi3:14b,liberal,5.0,harm
agreement,1,phi3:14b,liberal,5.0,harm
agreement,1,phi3:14b,liberal,5.0,harm
agreement,1,phi3:14b,liberal,5.0,harm
agreement,1,phi3:14b,liberal,5.0,harm
agreement,1,phi3:14b,liberal,5.0,harm
agreement,1,phi3:14b,liberal,5.0,harm
agreement,1,phi3:14b,liberal,5.0,harm
agreement,1,phi3:14b,liberal,5.0,harm
agreement,1,phi3:14b,liberal,5.0,harm
agreement,1,phi3:14b,liberal,5.0,harm
agreement,1,phi3:14b,liberal,5.0,harm
agreement,1,phi3:14b,liberal,5.0,harm
agreement,1,phi3:14b,liberal,5.0,harm
agreement,1,phi3:14b,liberal,5.0,harm
agreement,1,phi3:14b,liberal,5.0,harm
agreement,1,phi3:14b,liberal,5.0,harm
agreement,1,phi3:14b,liberal,5.0,harm
agreement,1,phi3:14b,liberal,5.0,harm
agreement,1,phi3:14b,liberal,5.0,harm
agreement,1,phi3:14b,liberal,5.0,harm
agreement,1,phi3:14b,liberal,5.0,harm
agreement,1,phi3:14b,liberal,5.0,harm
agreement,1,phi3:14b,liberal,5.0,harm
agreement,1,phi3:14b,liberal,5.0,harm
agreement,1,phi3:14b,liberal,5.0,harm
agreement,1,phi3:14b,liberal,5.0,harm
agreement,1,phi3:14b,liberal,5.0,harm
agreement,1,phi3:14b,liberal,5.0,harm
agreement,1,phi3:14b,liberal,5.0,harm
agreement,1,phi3:14b,liberal,5.0,harm
agreement,1,phi3:14b,liberal,5.0,harm
agreement,1,phi3:14b,liberal,5.0,harm
agreement,1,phi3:14b,liberal,5.0,harm
agreement,1,phi3:14b,liberal,5.0,harm
agreement,1,phi3:14b,liberal,5.0,harm
agreement,1,phi3:14b,liberal,5.0,harm
agreement,1,phi3:14b,liberal,5.0,harm
agreement,1,phi3:14b,liberal,5.0,harm
agreement,1,phi3:14b,liberal,5.0,harm
agreement,1,phi3:14b,liberal,5.0,harm
agreement,1,phi3:14b,liberal,5.0,harm
agreement,1,phi3:14b,liberal,5.0,harm
agreement,1,phi3:14b,liberal,5.0,harm
agreement,1,phi3:14b,liberal,5.0,harm
agreement,1,phi3:14b,liberal,5.0,harm
agreement,1,gemma:7b,conservative,2.0,harm
agreement,1,gemma:7b,conservative,2.0,harm
agreement,1,gemma:7b,conservative,1.0,harm
agreement,1,gemma:7b,conservative,2.0,harm
agreement,1,gemma:7b,conservative,2.0,harm
agreement,1,gemma:7b,conservative,2.0,harm
agreement,1,gemma:7b,conservative,2.0,harm
agreement,1,gemma:7b,conservative,2.0,harm
agreement,1,gemma:7b,conservative,1.0,harm
agreement,1,gemma:7b,conservative,2.0,harm
agreement,1,gemma:7b,conservative,2.0,harm
agreement,1,gemma:7b,conservative,2.0,harm
agreement,1,gemma:7b,conservative,2.0,harm
agreement,1,gemma:7b,conservative,2.0,harm
agreement,1,gemma:7b,conservative,2.0,harm
agreement,1,gemma:7b,conservative,2.0,harm
agreement,1,gemma:7b,conservative,1.0,harm
agreement,1,gemma:7b,conservative,1.0,harm
agreement,1,gemma:7b,conservative,2.0,harm
agreement,1,gemma:7b,conservative,2.0,harm
agreement,1,gemma:7b,conservative,1.0,harm
agreement,1,gemma:7b,conservative,2.0,harm
agreement,1,gemma:7b,conservative,1.0,harm
agreement,1,gemma:7b,conservative,2.0,harm
agreement,1,gemma:7b,conservative,2.0,harm
agreement,1,gemma:7b,conservative,2.0,harm
agreement,1,gemma:7b,conservative,2.0,harm
agreement,1,gemma:7b,conservative,1.0,harm
agreement,1,gemma:7b,conservative,2.0,harm
agreement,1,gemma:7b,conservative,2.0,harm
agreement,1,gemma:7b,conservative,1.0,harm
agreement,1,gemma:7b,conservative,1.0,harm
agreement,1,gemma:7b,conservative,1.0,harm
agreement,1,gemma:7b,conservative,2.0,harm
agreement,1,gemma:7b,conservative,1.0,harm
agreement,1,gemma:7b,conservative,1.0,harm
agreement,1,gemma:7b,conservative,2.0,harm
agreement,1,gemma:7b,conservative,2.0,harm
agreement,1,gemma:7b,conservative,1.0,harm
agreement,1,gemma:7b,conservative,2.0,harm
agreement,1,gemma:7b,conservative,2.0,harm
agreement,1,gemma:7b,conservative,1.0,harm
agreement,1,gemma:7b,conservative,2.0,harm
agreement,1,gemma:7b,conservative,2.0,harm
agreement,1,gemma:7b,conservative,2.0,harm
agreement,1,gemma:7b,conservative,2.0,harm
agreement,1,gemma:7b,conservative,2.0,harm
agreement,1,gemma:7b,conservative,2.0,harm
agreement,1,gemma:7b,conservative,1.0,harm
agreement,1,gemma:7b,conservative,1.0,harm
agreement,1,gemma:7b,moderate,3.0,harm
agreement,1,gemma:7b,moderate,3.0,harm
agreement,1,gemma:7b,moderate,3.0,harm
agreement,1,gemma:7b,moderate,2.0,harm
agreement,1,gemma:7b,moderate,4.0,harm
agreement,1,gemma:7b,moderate,3.0,harm
agreement,1,gemma:7b,moderate,3.0,harm
agreement,1,gemma:7b,moderate,3.0,harm
agreement,1,gemma:7b,moderate,3.0,harm
agreement,1,gemma:7b,moderate,3.0,harm
agreement,1,gemma:7b,moderate,3.0,harm
agreement,1,gemma:7b,moderate,3.0,harm
agreement,1,gemma:7b,moderate,3.0,harm
agreement,1,gemma:7b,moderate,2.0,harm
agreement,1,gemma:7b,moderate,4.0,harm
agreement,1,gemma:7b,moderate,4.0,harm
agreement,1,gemma:7b,moderate,3.0,harm
agreement,1,gemma:7b,moderate,3.0,harm
agreement,1,gemma:7b,moderate,3.0,harm
agreement,1,gemma:7b,moderate,2.0,harm
agreement,1,gemma:7b,moderate,3.0,harm
agreement,1,gemma:7b,moderate,3.0,harm
agreement,1,gemma:7b,moderate,3.0,harm
agreement,1,gemma:7b,moderate,3.0,harm
agreement,1,gemma:7b,moderate,3.0,harm
agreement,1,gemma:7b,moderate,4.0,harm
agreement,1,gemma:7b,moderate,3.0,harm
agreement,1,gemma:7b,moderate,3.0,harm
agreement,1,gemma:7b,moderate,3.0,harm
agreement,1,gemma:7b,moderate,2.0,harm
agreement,1,gemma:7b,moderate,3.0,harm
agreement,1,gemma:7b,moderate,2.0,harm
agreement,1,gemma:7b,moderate,3.0,harm
agreement,1,gemma:7b,moderate,3.0,harm
agreement,1,gemma:7b,moderate,3.0,harm
agreement,1,gemma:7b,moderate,3.0,harm
agreement,1,gemma:7b,moderate,3.0,harm
agreement,1,gemma:7b,moderate,3.0,harm
agreement,1,gemma:7b,moderate,3.0,harm
agreement,1,gemma:7b,moderate,3.0,harm
agreement,1,gemma:7b,moderate,3.0,harm
agreement,1,gemma:7b,moderate,3.0,harm
agreement,1,gemma:7b,moderate,4.0,harm
agreement,1,gemma:7b,moderate,3.0,harm
agreement,1,gemma:7b,moderate,3.0,harm
agreement,1,gemma:7b,moderate,2.0,harm
agreement,1,gemma:7b,moderate,4.0,harm
agreement,1,gemma:7b,moderate,3.0,harm
agreement,1,gemma:7b,moderate,3.0,harm
agreement,1,gemma:7b,moderate,3.0,harm
agreement,1,gemma:7b,liberal,5.0,harm
agreement,1,gemma:7b,liberal,5.0,harm
agreement,1,gemma:7b,liberal,5.0,harm
agreement,1,gemma:7b,liberal,5.0,harm
agreement,1,gemma:7b,liberal,5.0,harm
agreement,1,gemma:7b,liberal,5.0,harm
agreement,1,gemma:7b,liberal,5.0,harm
agreement,1,gemma:7b,liberal,5.0,harm
agreement,1,gemma:7b,liberal,5.0,harm
agreement,1,gemma:7b,liberal,5.0,harm
agreement,1,gemma:7b,liberal,5.0,harm
agreement,1,gemma:7b,liberal,5.0,harm
agreement,1,gemma:7b,liberal,5.0,harm
agreement,1,gemma:7b,liberal,5.0,harm
agreement,1,gemma:7b,liberal,5.0,harm
agreement,1,gemma:7b,liberal,5.0,harm
agreement,1,gemma:7b,liberal,5.0,harm
agreement,1,gemma:7b,liberal,4.0,harm
agreement,1,gemma:7b,liberal,5.0,harm
agreement,1,gemma:7b,liberal,5.0,harm
agreement,1,gemma:7b,liberal,5.0,harm
agreement,1,gemma:7b,liberal,5.0,harm
agreement,1,gemma:7b,liberal,5.0,harm
agreement,1,gemma:7b,liberal,5.0,harm
agreement,1,gemma:7b,liberal,5.0,harm
agreement,1,gemma:7b,liberal,5.0,harm
agreement,1,gemma:7b,liberal,5.0,harm
agreement,1,gemma:7b,liberal,5.0,harm
agreement,1,gemma:7b,liberal,5.0,harm
agreement,1,gemma:7b,liberal,5.0,harm
agreement,1,gemma:7b,liberal,5.0,harm
agreement,1,gemma:7b,liberal,5.0,harm
agreement,1,gemma:7b,liberal,5.0,harm
agreement,1,gemma:7b,liberal,5.0,harm
agreement,1,gemma:7b,liberal,5.0,harm
agreement,1,gemma:7b,liberal,5.0,harm
agreement,1,gemma:7b,liberal,5.0,harm
agreement,1,gemma:7b,liberal,5.0,harm
agreement,1,gemma:7b,liberal,5.0,harm
agreement,1,gemma:7b,liberal,5.0,harm
agreement,1,gemma:7b,liberal,5.0,harm
agreement,1,gemma:7b,liberal,5.0,harm
agreement,1,gemma:7b,liberal,5.0,harm
agreement,1,gemma:7b,liberal,5.0,harm
agreement,1,gemma:7b,liberal,5.0,harm
agreement,1,gemma:7b,liberal,4.0,harm
agreement,1,gemma:7b,liberal,5.0,harm
agreement,1,gemma:7b,liberal,5.0,harm
agreement,1,gemma:7b,liberal,5.0,harm
agreement,1,gemma:7b,liberal,5.0,harm
agreement,1,gemma2:27b,conservative,4.0,harm
agreement,1,gemma2:27b,conservative,4.0,harm
agreement,1,gemma2:27b,conservative,4.0,harm
agreement,1,gemma2:27b,conservative,4.0,harm
agreement,1,gemma2:27b,conservative,4.0,harm
agreement,1,gemma2:27b,conservative,4.0,harm
agreement,1,gemma2:27b,conservative,4.0,harm
agreement,1,gemma2:27b,conservative,4.0,harm
agreement,1,gemma2:27b,conservative,4.0,harm
agreement,1,gemma2:27b,conservative,4.0,harm
agreement,1,gemma2:27b,conservative,4.0,harm
agreement,1,gemma2:27b,conservative,4.0,harm
agreement,1,gemma2:27b,conservative,4.0,harm
agreement,1,gemma2:27b,conservative,4.0,harm
agreement,1,gemma2:27b,conservative,4.0,harm
agreement,1,gemma2:27b,conservative,4.0,harm
agreement,1,gemma2:27b,conservative,4.0,harm
agreement,1,gemma2:27b,conservative,4.0,harm
agreement,1,gemma2:27b,conservative,4.0,harm
agreement,1,gemma2:27b,conservative,4.0,harm
agreement,1,gemma2:27b,conservative,4.0,harm
agreement,1,gemma2:27b,conservative,4.0,harm
agreement,1,gemma2:27b,conservative,4.0,harm
agreement,1,gemma2:27b,conservative,4.0,harm
agreement,1,gemma2:27b,conservative,4.0,harm
agreement,1,gemma2:27b,conservative,4.0,harm
agreement,1,gemma2:27b,conservative,4.0,harm
agreement,1,gemma2:27b,conservative,4.0,harm
agreement,1,gemma2:27b,conservative,4.0,harm
agreement,1,gemma2:27b,conservative,4.0,harm
agreement,1,gemma2:27b,conservative,4.0,harm
agreement,1,gemma2:27b,conservative,4.0,harm
agreement,1,gemma2:27b,conservative,4.0,harm
agreement,1,gemma2:27b,conservative,4.0,harm
agreement,1,gemma2:27b,conservative,4.0,harm
agreement,1,gemma2:27b,conservative,4.0,harm
agreement,1,gemma2:27b,conservative,4.0,harm
agreement,1,gemma2:27b,conservative,4.0,harm
agreement,1,gemma2:27b,conservative,4.0,harm
agreement,1,gemma2:27b,conservative,4.0,harm
agreement,1,gemma2:27b,conservative,4.0,harm
agreement,1,gemma2:27b,conservative,4.0,harm
agreement,1,gemma2:27b,conservative,4.0,harm
agreement,1,gemma2:27b,conservative,4.0,harm
agreement,1,gemma2:27b,conservative,4.0,harm
agreement,1,gemma2:27b,conservative,4.0,harm
agreement,1,gemma2:27b,conservative,4.0,harm
agreement,1,gemma2:27b,conservative,4.0,harm
agreement,1,gemma2:27b,conservative,4.0,harm
agreement,1,gemma2:27b,conservative,4.0,harm
agreement,1,gemma2:27b,moderate,4.0,harm
agreement,1,gemma2:27b,moderate,4.0,harm
agreement,1,gemma2:27b,moderate,4.0,harm
agreement,1,gemma2:27b,moderate,4.0,harm
agreement,1,gemma2:27b,moderate,4.0,harm
agreement,1,gemma2:27b,moderate,4.0,harm
agreement,1,gemma2:27b,moderate,4.0,harm
agreement,1,gemma2:27b,moderate,4.0,harm
agreement,1,gemma2:27b,moderate,4.0,harm
agreement,1,gemma2:27b,moderate,4.0,harm
agreement,1,gemma2:27b,moderate,4.0,harm
agreement,1,gemma2:27b,moderate,4.0,harm
agreement,1,gemma2:27b,moderate,4.0,harm
agreement,1,gemma2:27b,moderate,4.0,harm
agreement,1,gemma2:27b,moderate,4.0,harm
agreement,1,gemma2:27b,moderate,4.0,harm
agreement,1,gemma2:27b,moderate,4.0,harm
agreement,1,gemma2:27b,moderate,4.0,harm
agreement,1,gemma2:27b,moderate,4.0,harm
agreement,1,gemma2:27b,moderate,4.0,harm
agreement,1,gemma2:27b,moderate,4.0,harm
agreement,1,gemma2:27b,moderate,4.0,harm
agreement,1,gemma2:27b,moderate,4.0,harm
agreement,1,gemma2:27b,moderate,4.0,harm
agreement,1,gemma2:27b,moderate,4.0,harm
agreement,1,gemma2:27b,moderate,4.0,harm
agreement,1,gemma2:27b,moderate,4.0,harm
agreement,1,gemma2:27b,moderate,4.0,harm
agreement,1,gemma2:27b,moderate,4.0,harm
agreement,1,gemma2:27b,moderate,4.0,harm
agreement,1,gemma2:27b,moderate,4.0,harm
agreement,1,gemma2:27b,moderate,4.0,harm
agreement,1,gemma2:27b,moderate,4.0,harm
agreement,1,gemma2:27b,moderate,4.0,harm
agreement,1,gemma2:27b,moderate,4.0,harm
agreement,1,gemma2:27b,moderate,4.0,harm
agreement,1,gemma2:27b,moderate,4.0,harm
agreement,1,gemma2:27b,moderate,4.0,harm
agreement,1,gemma2:27b,moderate,4.0,harm
agreement,1,gemma2:27b,moderate,4.0,harm
agreement,1,gemma2:27b,moderate,4.0,harm
agreement,1,gemma2:27b,moderate,4.0,harm
agreement,1,gemma2:27b,moderate,4.0,harm
agreement,1,gemma2:27b,moderate,4.0,harm
agreement,1,gemma2:27b,moderate,4.0,harm
agreement,1,gemma2:27b,moderate,4.0,harm
agreement,1,gemma2:27b,moderate,4.0,harm
agreement,1,gemma2:27b,moderate,4.0,harm
agreement,1,gemma2:27b,moderate,4.0,harm
agreement,1,gemma2:27b,moderate,4.0,harm
agreement,1,gemma2:27b,liberal,5.0,harm
agreement,1,gemma2:27b,liberal,5.0,harm
agreement,1,gemma2:27b,liberal,5.0,harm
agreement,1,gemma2:27b,liberal,5.0,harm
agreement,1,gemma2:27b,liberal,5.0,harm
agreement,1,gemma2:27b,liberal,5.0,harm
agreement,1,gemma2:27b,liberal,5.0,harm
agreement,1,gemma2:27b,liberal,5.0,harm
agreement,1,gemma2:27b,liberal,5.0,harm
agreement,1,gemma2:27b,liberal,5.0,harm
agreement,1,gemma2:27b,liberal,5.0,harm
agreement,1,gemma2:27b,liberal,5.0,harm
agreement,1,gemma2:27b,liberal,5.0,harm
agreement,1,gemma2:27b,liberal,5.0,harm
agreement,1,gemma2:27b,liberal,5.0,harm
agreement,1,gemma2:27b,liberal,5.0,harm
agreement,1,gemma2:27b,liberal,5.0,harm
agreement,1,gemma2:27b,liberal,5.0,harm
agreement,1,gemma2:27b,liberal,5.0,harm
agreement,1,gemma2:27b,liberal,5.0,harm
agreement,1,gemma2:27b,liberal,5.0,harm
agreement,1,gemma2:27b,liberal,5.0,harm
agreement,1,gemma2:27b,liberal,5.0,harm
agreement,1,gemma2:27b,liberal,5.0,harm
agreement,1,gemma2:27b,liberal,5.0,harm
agreement,1,gemma2:27b,liberal,5.0,harm
agreement,1,gemma2:27b,liberal,5.0,harm
agreement,1,gemma2:27b,liberal,5.0,harm
agreement,1,gemma2:27b,liberal,5.0,harm
agreement,1,gemma2:27b,liberal,5.0,harm
agreement,1,gemma2:27b,liberal,5.0,harm
agreement,1,gemma2:27b,liberal,5.0,harm
agreement,1,gemma2:27b,liberal,5.0,harm
agreement,1,gemma2:27b,liberal,5.0,harm
agreement,1,gemma2:27b,liberal,5.0,harm
agreement,1,gemma2:27b,liberal,5.0,harm
agreement,1,gemma2:27b,liberal,5.0,harm
agreement,1,gemma2:27b,liberal,5.0,harm
agreement,1,gemma2:27b,liberal,5.0,harm
agreement,1,gemma2:27b,liberal,5.0,harm
agreement,1,gemma2:27b,liberal,5.0,harm
agreement,1,gemma2:27b,liberal,5.0,harm
agreement,1,gemma2:27b,liberal,5.0,harm
agreement,1,gemma2:27b,liberal,5.0,harm
agreement,1,gemma2:27b,liberal,5.0,harm
agreement,1,gemma2:27b,liberal,5.0,harm
agreement,1,gemma2:27b,liberal,5.0,harm
agreement,1,gemma2:27b,liberal,5.0,harm
agreement,1,gemma2:27b,liberal,5.0,harm
agreement,1,gemma2:27b,liberal,5.0,harm
agreement,1,qwen:72b,conservative,5.0,harm
agreement,1,qwen:72b,conservative,5.0,harm
agreement,1,qwen:72b,conservative,4.0,harm
agreement,1,qwen:72b,conservative,4.0,harm
agreement,1,qwen:72b,conservative,4.0,harm
agreement,1,qwen:72b,conservative,5.0,harm
agreement,1,qwen:72b,conservative,5.0,harm
agreement,1,qwen:72b,conservative,5.0,harm
agreement,1,qwen:72b,conservative,5.0,harm
agreement,1,qwen:72b,conservative,4.0,harm
agreement,1,qwen:72b,conservative,4.0,harm
agreement,1,qwen:72b,conservative,5.0,harm
agreement,1,qwen:72b,conservative,5.0,harm
agreement,1,qwen:72b,conservative,4.0,harm
agreement,1,qwen:72b,conservative,5.0,harm
agreement,1,qwen:72b,conservative,5.0,harm
agreement,1,qwen:72b,conservative,5.0,harm
agreement,1,qwen:72b,conservative,4.0,harm
agreement,1,qwen:72b,conservative,5.0,harm
agreement,1,qwen:72b,conservative,5.0,harm
agreement,1,qwen:72b,conservative,5.0,harm
agreement,1,qwen:72b,conservative,5.0,harm
agreement,1,qwen:72b,conservative,5.0,harm
agreement,1,qwen:72b,conservative,5.0,harm
agreement,1,qwen:72b,conservative,5.0,harm
agreement,1,qwen:72b,conservative,5.0,harm
agreement,1,qwen:72b,conservative,5.0,harm
agreement,1,qwen:72b,conservative,5.0,harm
agreement,1,qwen:72b,conservative,4.0,harm
agreement,1,qwen:72b,conservative,5.0,harm
agreement,1,qwen:72b,conservative,5.0,harm
agreement,1,qwen:72b,conservative,5.0,harm
agreement,1,qwen:72b,conservative,5.0,harm
agreement,1,qwen:72b,conservative,5.0,harm
agreement,1,qwen:72b,conservative,5.0,harm
agreement,1,qwen:72b,conservative,5.0,harm
agreement,1,qwen:72b,conservative,5.0,harm
agreement,1,qwen:72b,conservative,5.0,harm
agreement,1,qwen:72b,conservative,5.0,harm
agreement,1,qwen:72b,conservative,5.0,harm
agreement,1,qwen:72b,conservative,5.0,harm
agreement,1,qwen:72b,conservative,5.0,harm
agreement,1,qwen:72b,conservative,5.0,harm
agreement,1,qwen:72b,conservative,5.0,harm
agreement,1,qwen:72b,conservative,5.0,harm
agreement,1,qwen:72b,conservative,5.0,harm
agreement,1,qwen:72b,conservative,5.0,harm
agreement,1,qwen:72b,conservative,5.0,harm
agreement,1,qwen:72b,conservative,5.0,harm
agreement,1,qwen:72b,conservative,5.0,harm
agreement,1,qwen:72b,moderate,4.0,harm
agreement,1,qwen:72b,moderate,5.0,harm
agreement,1,qwen:72b,moderate,4.0,harm
agreement,1,qwen:72b,moderate,5.0,harm
agreement,1,qwen:72b,moderate,5.0,harm
agreement,1,qwen:72b,moderate,4.0,harm
agreement,1,qwen:72b,moderate,5.0,harm
agreement,1,qwen:72b,moderate,4.0,harm
agreement,1,qwen:72b,moderate,5.0,harm
agreement,1,qwen:72b,moderate,5.0,harm
agreement,1,qwen:72b,moderate,5.0,harm
agreement,1,qwen:72b,moderate,5.0,harm
agreement,1,qwen:72b,moderate,4.0,harm
agreement,1,qwen:72b,moderate,5.0,harm
agreement,1,qwen:72b,moderate,4.0,harm
agreement,1,qwen:72b,moderate,4.0,harm
agreement,1,qwen:72b,moderate,5.0,harm
agreement,1,qwen:72b,moderate,5.0,harm
agreement,1,qwen:72b,moderate,4.0,harm
agreement,1,qwen:72b,moderate,4.0,harm
agreement,1,qwen:72b,moderate,5.0,harm
agreement,1,qwen:72b,moderate,4.0,harm
agreement,1,qwen:72b,moderate,5.0,harm
agreement,1,qwen:72b,moderate,5.0,harm
agreement,1,qwen:72b,moderate,5.0,harm
agreement,1,qwen:72b,moderate,5.0,harm
agreement,1,qwen:72b,moderate,5.0,harm
agreement,1,qwen:72b,moderate,5.0,harm
agreement,1,qwen:72b,moderate,5.0,harm
agreement,1,qwen:72b,moderate,5.0,harm
agreement,1,qwen:72b,moderate,5.0,harm
agreement,1,qwen:72b,moderate,5.0,harm
agreement,1,qwen:72b,moderate,4.0,harm
agreement,1,qwen:72b,moderate,5.0,harm
agreement,1,qwen:72b,moderate,4.0,harm
agreement,1,qwen:72b,moderate,5.0,harm
agreement,1,qwen:72b,moderate,4.0,harm
agreement,1,qwen:72b,moderate,4.0,harm
agreement,1,qwen:72b,moderate,5.0,harm
agreement,1,qwen:72b,moderate,5.0,harm
agreement,1,qwen:72b,moderate,5.0,harm
agreement,1,qwen:72b,moderate,5.0,harm
agreement,1,qwen:72b,moderate,5.0,harm
agreement,1,qwen:72b,moderate,5.0,harm
agreement,1,qwen:72b,moderate,4.0,harm
agreement,1,qwen:72b,moderate,5.0,harm
agreement,1,qwen:72b,moderate,5.0,harm
agreement,1,qwen:72b,moderate,5.0,harm
agreement,1,qwen:72b,moderate,4.0,harm
agreement,1,qwen:72b,moderate,5.0,harm
agreement,1,qwen:72b,liberal,5.0,harm
agreement,1,qwen:72b,liberal,5.0,harm
agreement,1,qwen:72b,liberal,5.0,harm
agreement,1,qwen:72b,liberal,5.0,harm
agreement,1,qwen:72b,liberal,5.0,harm
agreement,1,qwen:72b,liberal,5.0,harm
agreement,1,qwen:72b,liberal,5.0,harm
agreement,1,qwen:72b,liberal,5.0,harm
agreement,1,qwen:72b,liberal,5.0,harm
agreement,1,qwen:72b,liberal,5.0,harm
agreement,1,qwen:72b,liberal,5.0,harm
agreement,1,qwen:72b,liberal,5.0,harm
agreement,1,qwen:72b,liberal,5.0,harm
agreement,1,qwen:72b,liberal,5.0,harm
agreement,1,qwen:72b,liberal,5.0,harm
agreement,1,qwen:72b,liberal,5.0,harm
agreement,1,qwen:72b,liberal,5.0,harm
agreement,1,qwen:72b,liberal,5.0,harm
agreement,1,qwen:72b,liberal,5.0,harm
agreement,1,qwen:72b,liberal,5.0,harm
agreement,1,qwen:72b,liberal,5.0,harm
agreement,1,qwen:72b,liberal,5.0,harm
agreement,1,qwen:72b,liberal,5.0,harm
agreement,1,qwen:72b,liberal,5.0,harm
agreement,1,qwen:72b,liberal,5.0,harm
agreement,1,qwen:72b,liberal,5.0,harm
agreement,1,qwen:72b,liberal,5.0,harm
agreement,1,qwen:72b,liberal,5.0,harm
agreement,1,qwen:72b,liberal,5.0,harm
agreement,1,qwen:72b,liberal,5.0,harm
agreement,1,qwen:72b,liberal,5.0,harm
agreement,1,qwen:72b,liberal,5.0,harm
agreement,1,qwen:72b,liberal,5.0,harm
agreement,1,qwen:72b,liberal,5.0,harm
agreement,1,qwen:72b,liberal,5.0,harm
agreement,1,qwen:72b,liberal,5.0,harm
agreement,1,qwen:72b,liberal,5.0,harm
agreement,1,qwen:72b,liberal,5.0,harm
agreement,1,qwen:72b,liberal,5.0,harm
agreement,1,qwen:72b,liberal,5.0,harm
agreement,1,qwen:72b,liberal,5.0,harm
agreement,1,qwen:72b,liberal,5.0,harm
agreement,1,qwen:72b,liberal,5.0,harm
agreement,1,qwen:72b,liberal,5.0,harm
agreement,1,qwen:72b,liberal,5.0,harm
agreement,1,qwen:72b,liberal,5.0,harm
agreement,1,qwen:72b,liberal,5.0,harm
agreement,1,qwen:72b,liberal,5.0,harm
agreement,1,qwen:72b,liberal,5.0,harm
agreement,1,qwen:72b,liberal,5.0,harm
agreement,1,qwen2:72b,conservative,4.0,harm
agreement,1,qwen2:72b,conservative,4.0,harm
agreement,1,qwen2:72b,conservative,4.0,harm
agreement,1,qwen2:72b,conservative,4.0,harm
agreement,1,qwen2:72b,conservative,4.0,harm
agreement,1,qwen2:72b,conservative,4.0,harm
agreement,1,qwen2:72b,conservative,4.0,harm
agreement,1,qwen2:72b,conservative,4.0,harm
agreement,1,qwen2:72b,conservative,4.0,harm
agreement,1,qwen2:72b,conservative,4.0,harm
agreement,1,qwen2:72b,conservative,4.0,harm
agreement,1,qwen2:72b,conservative,4.0,harm
agreement,1,qwen2:72b,conservative,4.0,harm
agreement,1,qwen2:72b,conservative,4.0,harm
agreement,1,qwen2:72b,conservative,4.0,harm
agreement,1,qwen2:72b,conservative,4.0,harm
agreement,1,qwen2:72b,conservative,4.0,harm
agreement,1,qwen2:72b,conservative,4.0,harm
agreement,1,qwen2:72b,conservative,4.0,harm
agreement,1,qwen2:72b,conservative,4.0,harm
agreement,1,qwen2:72b,conservative,4.0,harm
agreement,1,qwen2:72b,conservative,4.0,harm
agreement,1,qwen2:72b,conservative,4.0,harm
agreement,1,qwen2:72b,conservative,4.0,harm
agreement,1,qwen2:72b,conservative,4.0,harm
agreement,1,qwen2:72b,conservative,4.0,harm
agreement,1,qwen2:72b,conservative,4.0,harm
agreement,1,qwen2:72b,conservative,4.0,harm
agreement,1,qwen2:72b,conservative,4.0,harm
agreement,1,qwen2:72b,conservative,4.0,harm
agreement,1,qwen2:72b,conservative,4.0,harm
agreement,1,qwen2:72b,conservative,4.0,harm
agreement,1,qwen2:72b,conservative,4.0,harm
agreement,1,qwen2:72b,conservative,4.0,harm
agreement,1,qwen2:72b,conservative,4.0,harm
agreement,1,qwen2:72b,conservative,4.0,harm
agreement,1,qwen2:72b,conservative,4.0,harm
agreement,1,qwen2:72b,conservative,4.0,harm
agreement,1,qwen2:72b,conservative,4.0,harm
agreement,1,qwen2:72b,conservative,4.0,harm
agreement,1,qwen2:72b,conservative,4.0,harm
agreement,1,qwen2:72b,conservative,4.0,harm
agreement,1,qwen2:72b,conservative,4.0,harm
agreement,1,qwen2:72b,conservative,4.0,harm
agreement,1,qwen2:72b,conservative,4.0,harm
agreement,1,qwen2:72b,conservative,4.0,harm
agreement,1,qwen2:72b,conservative,4.0,harm
agreement,1,qwen2:72b,conservative,4.0,harm
agreement,1,qwen2:72b,conservative,4.0,harm
agreement,1,qwen2:72b,conservative,4.0,harm
agreement,1,qwen2:72b,moderate,5.0,harm
agreement,1,qwen2:72b,moderate,5.0,harm
agreement,1,qwen2:72b,moderate,5.0,harm
agreement,1,qwen2:72b,moderate,5.0,harm
agreement,1,qwen2:72b,moderate,5.0,harm
agreement,1,qwen2:72b,moderate,5.0,harm
agreement,1,qwen2:72b,moderate,5.0,harm
agreement,1,qwen2:72b,moderate,5.0,harm
agreement,1,qwen2:72b,moderate,4.0,harm
agreement,1,qwen2:72b,moderate,5.0,harm
agreement,1,qwen2:72b,moderate,4.0,harm
agreement,1,qwen2:72b,moderate,5.0,harm
agreement,1,qwen2:72b,moderate,5.0,harm
agreement,1,qwen2:72b,moderate,5.0,harm
agreement,1,qwen2:72b,moderate,5.0,harm
agreement,1,qwen2:72b,moderate,4.0,harm
agreement,1,qwen2:72b,moderate,4.0,harm
agreement,1,qwen2:72b,moderate,4.0,harm
agreement,1,qwen2:72b,moderate,5.0,harm
agreement,1,qwen2:72b,moderate,5.0,harm
agreement,1,qwen2:72b,moderate,5.0,harm
agreement,1,qwen2:72b,moderate,4.0,harm
agreement,1,qwen2:72b,moderate,5.0,harm
agreement,1,qwen2:72b,moderate,4.0,harm
agreement,1,qwen2:72b,moderate,5.0,harm
agreement,1,qwen2:72b,moderate,5.0,harm
agreement,1,qwen2:72b,moderate,4.0,harm
agreement,1,qwen2:72b,moderate,5.0,harm
agreement,1,qwen2:72b,moderate,4.0,harm
agreement,1,qwen2:72b,moderate,5.0,harm
agreement,1,qwen2:72b,moderate,5.0,harm
agreement,1,qwen2:72b,moderate,5.0,harm
agreement,1,qwen2:72b,moderate,5.0,harm
agreement,1,qwen2:72b,moderate,5.0,harm
agreement,1,qwen2:72b,moderate,4.0,harm
agreement,1,qwen2:72b,moderate,5.0,harm
agreement,1,qwen2:72b,moderate,4.0,harm
agreement,1,qwen2:72b,moderate,5.0,harm
agreement,1,qwen2:72b,moderate,5.0,harm
agreement,1,qwen2:72b,moderate,5.0,harm
agreement,1,qwen2:72b,moderate,5.0,harm
agreement,1,qwen2:72b,moderate,4.0,harm
agreement,1,qwen2:72b,moderate,5.0,harm
agreement,1,qwen2:72b,moderate,5.0,harm
agreement,1,qwen2:72b,moderate,5.0,harm
agreement,1,qwen2:72b,moderate,5.0,harm
agreement,1,qwen2:72b,moderate,4.0,harm
agreement,1,qwen2:72b,moderate,5.0,harm
agreement,1,qwen2:72b,moderate,4.0,harm
agreement,1,qwen2:72b,moderate,5.0,harm
agreement,1,qwen2:72b,liberal,5.0,harm
agreement,1,qwen2:72b,liberal,5.0,harm
agreement,1,qwen2:72b,liberal,5.0,harm
agreement,1,qwen2:72b,liberal,5.0,harm
agreement,1,qwen2:72b,liberal,5.0,harm
agreement,1,qwen2:72b,liberal,5.0,harm
agreement,1,qwen2:72b,liberal,5.0,harm
agreement,1,qwen2:72b,liberal,5.0,harm
agreement,1,qwen2:72b,liberal,5.0,harm
agreement,1,qwen2:72b,liberal,5.0,harm
agreement,1,qwen2:72b,liberal,5.0,harm
agreement,1,qwen2:72b,liberal,5.0,harm
agreement,1,qwen2:72b,liberal,5.0,harm
agreement,1,qwen2:72b,liberal,5.0,harm
agreement,1,qwen2:72b,liberal,5.0,harm
agreement,1,qwen2:72b,liberal,5.0,harm
agreement,1,qwen2:72b,liberal,5.0,harm
agreement,1,qwen2:72b,liberal,5.0,harm
agreement,1,qwen2:72b,liberal,5.0,harm
agreement,1,qwen2:72b,liberal,5.0,harm
agreement,1,qwen2:72b,liberal,5.0,harm
agreement,1,qwen2:72b,liberal,5.0,harm
agreement,1,qwen2:72b,liberal,5.0,harm
agreement,1,qwen2:72b,liberal,5.0,harm
agreement,1,qwen2:72b,liberal,5.0,harm
agreement,1,qwen2:72b,liberal,5.0,harm
agreement,1,qwen2:72b,liberal,5.0,harm
agreement,1,qwen2:72b,liberal,5.0,harm
agreement,1,qwen2:72b,liberal,5.0,harm
agreement,1,qwen2:72b,liberal,5.0,harm
agreement,1,qwen2:72b,liberal,5.0,harm
agreement,1,qwen2:72b,liberal,5.0,harm
agreement,1,qwen2:72b,liberal,5.0,harm
agreement,1,qwen2:72b,liberal,5.0,harm
agreement,1,qwen2:72b,liberal,5.0,harm
agreement,1,qwen2:72b,liberal,5.0,harm
agreement,1,qwen2:72b,liberal,5.0,harm
agreement,1,qwen2:72b,liberal,5.0,harm
agreement,1,qwen2:72b,liberal,5.0,harm
agreement,1,qwen2:72b,liberal,5.0,harm
agreement,1,qwen2:72b,liberal,5.0,harm
agreement,1,qwen2:72b,liberal,5.0,harm
agreement,1,qwen2:72b,liberal,5.0,harm
agreement,1,qwen2:72b,liberal,5.0,harm
agreement,1,qwen2:72b,liberal,5.0,harm
agreement,1,qwen2:72b,liberal,5.0,harm
agreement,1,qwen2:72b,liberal,5.0,harm
agreement,1,qwen2:72b,liberal,5.0,harm
agreement,1,qwen2:72b,liberal,5.0,harm
agreement,1,qwen2:72b,liberal,5.0,harm
agreement,2,llama3.1:8b,conservative,4.0,fairness
agreement,2,llama3.1:8b,conservative,4.0,fairness
agreement,2,llama3.1:8b,conservative,5.0,fairness
agreement,2,llama3.1:8b,conservative,1.0,fairness
agreement,2,llama3.1:8b,conservative,4.0,fairness
agreement,2,llama3.1:8b,conservative,4.0,fairness
agreement,2,llama3.1:8b,conservative,4.0,fairness
agreement,2,llama3.1:8b,conservative,5.0,fairness
agreement,2,llama3.1:8b,conservative,4.0,fairness
agreement,2,llama3.1:8b,conservative,5.0,fairness
agreement,2,llama3.1:8b,conservative,1.0,fairness
agreement,2,llama3.1:8b,conservative,5.0,fairness
agreement,2,llama3.1:8b,conservative,5.0,fairness
agreement,2,llama3.1:8b,conservative,5.0,fairness
agreement,2,llama3.1:8b,conservative,4.0,fairness
agreement,2,llama3.1:8b,conservative,5.0,fairness
agreement,2,llama3.1:8b,conservative,1.0,fairness
agreement,2,llama3.1:8b,conservative,5.0,fairness
agreement,2,llama3.1:8b,conservative,5.0,fairness
agreement,2,llama3.1:8b,conservative,4.0,fairness
agreement,2,llama3.1:8b,conservative,4.0,fairness
agreement,2,llama3.1:8b,conservative,5.0,fairness
agreement,2,llama3.1:8b,conservative,4.0,fairness
agreement,2,llama3.1:8b,conservative,5.0,fairness
agreement,2,llama3.1:8b,conservative,5.0,fairness
agreement,2,llama3.1:8b,conservative,4.0,fairness
agreement,2,llama3.1:8b,conservative,5.0,fairness
agreement,2,llama3.1:8b,conservative,5.0,fairness
agreement,2,llama3.1:8b,conservative,5.0,fairness
agreement,2,llama3.1:8b,conservative,5.0,fairness
agreement,2,llama3.1:8b,conservative,2.0,fairness
agreement,2,llama3.1:8b,conservative,5.0,fairness
agreement,2,llama3.1:8b,conservative,5.0,fairness
agreement,2,llama3.1:8b,conservative,5.0,fairness
agreement,2,llama3.1:8b,conservative,4.0,fairness
agreement,2,llama3.1:8b,conservative,4.0,fairness
agreement,2,llama3.1:8b,conservative,5.0,fairness
agreement,2,llama3.1:8b,conservative,5.0,fairness
agreement,2,llama3.1:8b,conservative,5.0,fairness
agreement,2,llama3.1:8b,conservative,5.0,fairness
agreement,2,llama3.1:8b,conservative,1.0,fairness
agreement,2,llama3.1:8b,conservative,2.0,fairness
agreement,2,llama3.1:8b,conservative,4.0,fairness
agreement,2,llama3.1:8b,conservative,5.0,fairness
agreement,2,llama3.1:8b,conservative,4.0,fairness
agreement,2,llama3.1:8b,conservative,2.0,fairness
agreement,2,llama3.1:8b,conservative,4.0,fairness
agreement,2,llama3.1:8b,conservative,4.0,fairness
agreement,2,llama3.1:8b,conservative,5.0,fairness
agreement,2,llama3.1:8b,conservative,5.0,fairness
agreement,2,llama3.1:8b,moderate,5.0,fairness
agreement,2,llama3.1:8b,moderate,5.0,fairness
agreement,2,llama3.1:8b,moderate,4.0,fairness
agreement,2,llama3.1:8b,moderate,5.0,fairness
agreement,2,llama3.1:8b,moderate,5.0,fairness
agreement,2,llama3.1:8b,moderate,5.0,fairness
agreement,2,llama3.1:8b,moderate,5.0,fairness
agreement,2,llama3.1:8b,moderate,5.0,fairness
agreement,2,llama3.1:8b,moderate,5.0,fairness
agreement,2,llama3.1:8b,moderate,5.0,fairness
agreement,2,llama3.1:8b,moderate,5.0,fairness
agreement,2,llama3.1:8b,moderate,5.0,fairness
agreement,2,llama3.1:8b,moderate,5.0,fairness
agreement,2,llama3.1:8b,moderate,5.0,fairness
agreement,2,llama3.1:8b,moderate,4.0,fairness
agreement,2,llama3.1:8b,moderate,5.0,fairness
agreement,2,llama3.1:8b,moderate,5.0,fairness
agreement,2,llama3.1:8b,moderate,5.0,fairness
agreement,2,llama3.1:8b,moderate,5.0,fairness
agreement,2,llama3.1:8b,moderate,5.0,fairness
agreement,2,llama3.1:8b,moderate,5.0,fairness
agreement,2,llama3.1:8b,moderate,5.0,fairness
agreement,2,llama3.1:8b,moderate,5.0,fairness
agreement,2,llama3.1:8b,moderate,5.0,fairness
agreement,2,llama3.1:8b,moderate,5.0,fairness
agreement,2,llama3.1:8b,moderate,5.0,fairness
agreement,2,llama3.1:8b,moderate,5.0,fairness
agreement,2,llama3.1:8b,moderate,5.0,fairness
agreement,2,llama3.1:8b,moderate,5.0,fairness
agreement,2,llama3.1:8b,moderate,5.0,fairness
agreement,2,llama3.1:8b,moderate,5.0,fairness
agreement,2,llama3.1:8b,moderate,5.0,fairness
agreement,2,llama3.1:8b,moderate,4.0,fairness
agreement,2,llama3.1:8b,moderate,5.0,fairness
agreement,2,llama3.1:8b,moderate,5.0,fairness
agreement,2,llama3.1:8b,moderate,5.0,fairness
agreement,2,llama3.1:8b,moderate,5.0,fairness
agreement,2,llama3.1:8b,moderate,5.0,fairness
agreement,2,llama3.1:8b,moderate,5.0,fairness
agreement,2,llama3.1:8b,moderate,5.0,fairness
agreement,2,llama3.1:8b,moderate,5.0,fairness
agreement,2,llama3.1:8b,moderate,5.0,fairness
agreement,2,llama3.1:8b,moderate,5.0,fairness
agreement,2,llama3.1:8b,moderate,5.0,fairness
agreement,2,llama3.1:8b,moderate,5.0,fairness
agreement,2,llama3.1:8b,moderate,5.0,fairness
agreement,2,llama3.1:8b,moderate,5.0,fairness
agreement,2,llama3.1:8b,moderate,5.0,fairness
agreement,2,llama3.1:8b,moderate,5.0,fairness
agreement,2,llama3.1:8b,moderate,5.0,fairness
agreement,2,llama3.1:8b,liberal,5.0,fairness
agreement,2,llama3.1:8b,liberal,5.0,fairness
agreement,2,llama3.1:8b,liberal,5.0,fairness
agreement,2,llama3.1:8b,liberal,5.0,fairness
agreement,2,llama3.1:8b,liberal,5.0,fairness
agreement,2,llama3.1:8b,liberal,5.0,fairness
agreement,2,llama3.1:8b,liberal,5.0,fairness
agreement,2,llama3.1:8b,liberal,5.0,fairness
agreement,2,llama3.1:8b,liberal,5.0,fairness
agreement,2,llama3.1:8b,liberal,5.0,fairness
agreement,2,llama3.1:8b,liberal,5.0,fairness
agreement,2,llama3.1:8b,liberal,5.0,fairness
agreement,2,llama3.1:8b,liberal,5.0,fairness
agreement,2,llama3.1:8b,liberal,5.0,fairness
agreement,2,llama3.1:8b,liberal,5.0,fairness
agreement,2,llama3.1:8b,liberal,5.0,fairness
agreement,2,llama3.1:8b,liberal,5.0,fairness
agreement,2,llama3.1:8b,liberal,5.0,fairness
agreement,2,llama3.1:8b,liberal,5.0,fairness
agreement,2,llama3.1:8b,liberal,5.0,fairness
agreement,2,llama3.1:8b,liberal,5.0,fairness
agreement,2,llama3.1:8b,liberal,5.0,fairness
agreement,2,llama3.1:8b,liberal,5.0,fairness
agreement,2,llama3.1:8b,liberal,5.0,fairness
agreement,2,llama3.1:8b,liberal,5.0,fairness
agreement,2,llama3.1:8b,liberal,5.0,fairness
agreement,2,llama3.1:8b,liberal,5.0,fairness
agreement,2,llama3.1:8b,liberal,5.0,fairness
agreement,2,llama3.1:8b,liberal,5.0,fairness
agreement,2,llama3.1:8b,liberal,5.0,fairness
agreement,2,llama3.1:8b,liberal,5.0,fairness
agreement,2,llama3.1:8b,liberal,5.0,fairness
agreement,2,llama3.1:8b,liberal,5.0,fairness
agreement,2,llama3.1:8b,liberal,5.0,fairness
agreement,2,llama3.1:8b,liberal,5.0,fairness
agreement,2,llama3.1:8b,liberal,5.0,fairness
agreement,2,llama3.1:8b,liberal,5.0,fairness
agreement,2,llama3.1:8b,liberal,5.0,fairness
agreement,2,llama3.1:8b,liberal,5.0,fairness
agreement,2,llama3.1:8b,liberal,5.0,fairness
agreement,2,llama3.1:8b,liberal,5.0,fairness
agreement,2,llama3.1:8b,liberal,5.0,fairness
agreement,2,llama3.1:8b,liberal,5.0,fairness
agreement,2,llama3.1:8b,liberal,5.0,fairness
agreement,2,llama3.1:8b,liberal,5.0,fairness
agreement,2,llama3.1:8b,liberal,5.0,fairness
agreement,2,llama3.1:8b,liberal,5.0,fairness
agreement,2,llama3.1:8b,liberal,5.0,fairness
agreement,2,llama3.1:8b,liberal,5.0,fairness
agreement,2,llama3.1:8b,liberal,5.0,fairness
agreement,2,llama2:70b,conservative,4.0,fairness
agreement,2,llama2:70b,conservative,4.0,fairness
agreement,2,llama2:70b,conservative,4.0,fairness
agreement,2,llama2:70b,conservative,4.0,fairness
agreement,2,llama2:70b,conservative,4.0,fairness
agreement,2,llama2:70b,conservative,4.0,fairness
agreement,2,llama2:70b,conservative,4.0,fairness
agreement,2,llama2:70b,conservative,4.0,fairness
agreement,2,llama2:70b,conservative,4.0,fairness
agreement,2,llama2:70b,conservative,4.0,fairness
agreement,2,llama2:70b,conservative,4.0,fairness
agreement,2,llama2:70b,conservative,4.0,fairness
agreement,2,llama2:70b,conservative,4.0,fairness
agreement,2,llama2:70b,conservative,3.0,fairness
agreement,2,llama2:70b,conservative,4.0,fairness
agreement,2,llama2:70b,conservative,4.0,fairness
agreement,2,llama2:70b,conservative,4.0,fairness
agreement,2,llama2:70b,conservative,4.0,fairness
agreement,2,llama2:70b,conservative,4.0,fairness
agreement,2,llama2:70b,conservative,4.0,fairness
agreement,2,llama2:70b,conservative,4.0,fairness
agreement,2,llama2:70b,conservative,4.0,fairness
agreement,2,llama2:70b,conservative,4.0,fairness
agreement,2,llama2:70b,conservative,3.0,fairness
agreement,2,llama2:70b,conservative,4.0,fairness
agreement,2,llama2:70b,conservative,3.0,fairness
agreement,2,llama2:70b,conservative,4.0,fairness
agreement,2,llama2:70b,conservative,4.0,fairness
agreement,2,llama2:70b,conservative,1.0,fairness
agreement,2,llama2:70b,conservative,4.0,fairness
agreement,2,llama2:70b,conservative,4.0,fairness
agreement,2,llama2:70b,conservative,3.0,fairness
agreement,2,llama2:70b,conservative,4.0,fairness
agreement,2,llama2:70b,conservative,4.0,fairness
agreement,2,llama2:70b,conservative,4.0,fairness
agreement,2,llama2:70b,conservative,4.0,fairness
agreement,2,llama2:70b,conservative,4.0,fairness
agreement,2,llama2:70b,conservative,4.0,fairness
agreement,2,llama2:70b,conservative,4.0,fairness
agreement,2,llama2:70b,conservative,4.0,fairness
agreement,2,llama2:70b,conservative,4.0,fairness
agreement,2,llama2:70b,conservative,4.0,fairness
agreement,2,llama2:70b,conservative,1.0,fairness
agreement,2,llama2:70b,conservative,3.0,fairness
agreement,2,llama2:70b,conservative,4.0,fairness
agreement,2,llama2:70b,conservative,4.0,fairness
agreement,2,llama2:70b,conservative,4.0,fairness
agreement,2,llama2:70b,conservative,4.0,fairness
agreement,2,llama2:70b,conservative,4.0,fairness
agreement,2,llama2:70b,moderate,4.0,fairness
agreement,2,llama2:70b,moderate,4.0,fairness
agreement,2,llama2:70b,moderate,4.0,fairness
agreement,2,llama2:70b,moderate,4.0,fairness
agreement,2,llama2:70b,moderate,4.0,fairness
agreement,2,llama2:70b,moderate,4.0,fairness
agreement,2,llama2:70b,moderate,4.0,fairness
agreement,2,llama2:70b,moderate,4.0,fairness
agreement,2,llama2:70b,moderate,4.0,fairness
agreement,2,llama2:70b,moderate,4.0,fairness
agreement,2,llama2:70b,moderate,4.0,fairness
agreement,2,llama2:70b,moderate,4.0,fairness
agreement,2,llama2:70b,moderate,4.0,fairness
agreement,2,llama2:70b,moderate,4.0,fairness
agreement,2,llama2:70b,moderate,4.0,fairness
agreement,2,llama2:70b,moderate,4.0,fairness
agreement,2,llama2:70b,moderate,4.0,fairness
agreement,2,llama2:70b,moderate,4.0,fairness
agreement,2,llama2:70b,moderate,4.0,fairness
agreement,2,llama2:70b,moderate,4.0,fairness
agreement,2,llama2:70b,moderate,4.0,fairness
agreement,2,llama2:70b,moderate,4.0,fairness
agreement,2,llama2:70b,moderate,4.0,fairness
agreement,2,llama2:70b,moderate,4.0,fairness
agreement,2,llama2:70b,moderate,4.0,fairness
agreement,2,llama2:70b,moderate,4.0,fairness
agreement,2,llama2:70b,moderate,4.0,fairness
agreement,2,llama2:70b,moderate,4.0,fairness
agreement,2,llama2:70b,moderate,4.0,fairness
agreement,2,llama2:70b,moderate,4.0,fairness
agreement,2,llama2:70b,moderate,4.0,fairness
agreement,2,llama2:70b,moderate,4.0,fairness
agreement,2,llama2:70b,moderate,4.0,fairness
agreement,2,llama2:70b,moderate,4.0,fairness
agreement,2,llama2:70b,moderate,4.0,fairness
agreement,2,llama2:70b,moderate,4.0,fairness
agreement,2,llama2:70b,moderate,4.0,fairness
agreement,2,llama2:70b,moderate,4.0,fairness
agreement,2,llama2:70b,moderate,4.0,fairness
agreement,2,llama2:70b,moderate,4.0,fairness
agreement,2,llama2:70b,moderate,4.0,fairness
agreement,2,llama2:70b,moderate,4.0,fairness
agreement,2,llama2:70b,moderate,4.0,fairness
agreement,2,llama2:70b,moderate,4.0,fairness
agreement,2,llama2:70b,moderate,4.0,fairness
agreement,2,llama2:70b,moderate,4.0,fairness
agreement,2,llama2:70b,moderate,4.0,fairness
agreement,2,llama2:70b,moderate,4.0,fairness
agreement,2,llama2:70b,moderate,4.0,fairness
agreement,2,llama2:70b,moderate,4.0,fairness
agreement,2,llama2:70b,liberal,4.0,fairness
agreement,2,llama2:70b,liberal,4.0,fairness
agreement,2,llama2:70b,liberal,4.0,fairness
agreement,2,llama2:70b,liberal,4.0,fairness
agreement,2,llama2:70b,liberal,4.0,fairness
agreement,2,llama2:70b,liberal,4.0,fairness
agreement,2,llama2:70b,liberal,4.0,fairness
agreement,2,llama2:70b,liberal,4.0,fairness
agreement,2,llama2:70b,liberal,4.0,fairness
agreement,2,llama2:70b,liberal,4.0,fairness
agreement,2,llama2:70b,liberal,4.0,fairness
agreement,2,llama2:70b,liberal,4.0,fairness
agreement,2,llama2:70b,liberal,4.0,fairness
agreement,2,llama2:70b,liberal,4.0,fairness
agreement,2,llama2:70b,liberal,4.0,fairness
agreement,2,llama2:70b,liberal,4.0,fairness
agreement,2,llama2:70b,liberal,4.0,fairness
agreement,2,llama2:70b,liberal,4.0,fairness
agreement,2,llama2:70b,liberal,4.0,fairness
agreement,2,llama2:70b,liberal,4.0,fairness
agreement,2,llama2:70b,liberal,4.0,fairness
agreement,2,llama2:70b,liberal,4.0,fairness
agreement,2,llama2:70b,liberal,4.0,fairness
agreement,2,llama2:70b,liberal,4.0,fairness
agreement,2,llama2:70b,liberal,4.0,fairness
agreement,2,llama2:70b,liberal,4.0,fairness
agreement,2,llama2:70b,liberal,4.0,fairness
agreement,2,llama2:70b,liberal,4.0,fairness
agreement,2,llama2:70b,liberal,4.0,fairness
agreement,2,llama2:70b,liberal,4.0,fairness
agreement,2,llama2:70b,liberal,4.0,fairness
agreement,2,llama2:70b,liberal,4.0,fairness
agreement,2,llama2:70b,liberal,4.0,fairness
agreement,2,llama2:70b,liberal,4.0,fairness
agreement,2,llama2:70b,liberal,4.0,fairness
agreement,2,llama2:70b,liberal,4.0,fairness
agreement,2,llama2:70b,liberal,4.0,fairness
agreement,2,llama2:70b,liberal,4.0,fairness
agreement,2,llama2:70b,liberal,4.0,fairness
agreement,2,llama2:70b,liberal,4.0,fairness
agreement,2,llama2:70b,liberal,4.0,fairness
agreement,2,llama2:70b,liberal,4.0,fairness
agreement,2,llama2:70b,liberal,4.0,fairness
agreement,2,llama2:70b,liberal,4.0,fairness
agreement,2,llama2:70b,liberal,4.0,fairness
agreement,2,llama2:70b,liberal,4.0,fairness
agreement,2,llama2:70b,liberal,4.0,fairness
agreement,2,llama2:70b,liberal,4.0,fairness
agreement,2,llama2:70b,liberal,4.0,fairness
agreement,2,llama2:70b,liberal,4.0,fairness
agreement,2,llama3:70b,conservative,4.0,fairness
agreement,2,llama3:70b,conservative,5.0,fairness
agreement,2,llama3:70b,conservative,5.0,fairness
agreement,2,llama3:70b,conservative,5.0,fairness
agreement,2,llama3:70b,conservative,5.0,fairness
agreement,2,llama3:70b,conservative,5.0,fairness
agreement,2,llama3:70b,conservative,5.0,fairness
agreement,2,llama3:70b,conservative,5.0,fairness
agreement,2,llama3:70b,conservative,5.0,fairness
agreement,2,llama3:70b,conservative,5.0,fairness
agreement,2,llama3:70b,conservative,5.0,fairness
agreement,2,llama3:70b,conservative,5.0,fairness
agreement,2,llama3:70b,conservative,5.0,fairness
agreement,2,llama3:70b,conservative,4.0,fairness
agreement,2,llama3:70b,conservative,5.0,fairness
agreement,2,llama3:70b,conservative,4.0,fairness
agreement,2,llama3:70b,conservative,4.0,fairness
agreement,2,llama3:70b,conservative,5.0,fairness
agreement,2,llama3:70b,conservative,5.0,fairness
agreement,2,llama3:70b,conservative,5.0,fairness
agreement,2,llama3:70b,conservative,5.0,fairness
agreement,2,llama3:70b,conservative,4.0,fairness
agreement,2,llama3:70b,conservative,5.0,fairness
agreement,2,llama3:70b,conservative,5.0,fairness
agreement,2,llama3:70b,conservative,4.0,fairness
agreement,2,llama3:70b,conservative,5.0,fairness
agreement,2,llama3:70b,conservative,5.0,fairness
agreement,2,llama3:70b,conservative,4.0,fairness
agreement,2,llama3:70b,conservative,5.0,fairness
agreement,2,llama3:70b,conservative,5.0,fairness
agreement,2,llama3:70b,conservative,5.0,fairness
agreement,2,llama3:70b,conservative,5.0,fairness
agreement,2,llama3:70b,conservative,5.0,fairness
agreement,2,llama3:70b,conservative,4.0,fairness
agreement,2,llama3:70b,conservative,5.0,fairness
agreement,2,llama3:70b,conservative,4.0,fairness
agreement,2,llama3:70b,conservative,4.0,fairness
agreement,2,llama3:70b,conservative,5.0,fairness
agreement,2,llama3:70b,conservative,4.0,fairness
agreement,2,llama3:70b,conservative,4.0,fairness
agreement,2,llama3:70b,conservative,5.0,fairness
agreement,2,llama3:70b,conservative,4.0,fairness
agreement,2,llama3:70b,conservative,5.0,fairness
agreement,2,llama3:70b,conservative,5.0,fairness
agreement,2,llama3:70b,conservative,5.0,fairness
agreement,2,llama3:70b,conservative,4.0,fairness
agreement,2,llama3:70b,conservative,5.0,fairness
agreement,2,llama3:70b,conservative,5.0,fairness
agreement,2,llama3:70b,conservative,5.0,fairness
agreement,2,llama3:70b,conservative,5.0,fairness
agreement,2,llama3:70b,moderate,5.0,fairness
agreement,2,llama3:70b,moderate,5.0,fairness
agreement,2,llama3:70b,moderate,5.0,fairness
agreement,2,llama3:70b,moderate,5.0,fairness
agreement,2,llama3:70b,moderate,5.0,fairness
agreement,2,llama3:70b,moderate,5.0,fairness
agreement,2,llama3:70b,moderate,5.0,fairness
agreement,2,llama3:70b,moderate,5.0,fairness
agreement,2,llama3:70b,moderate,5.0,fairness
agreement,2,llama3:70b,moderate,5.0,fairness
agreement,2,llama3:70b,moderate,5.0,fairness
agreement,2,llama3:70b,moderate,5.0,fairness
agreement,2,llama3:70b,moderate,5.0,fairness
agreement,2,llama3:70b,moderate,5.0,fairness
agreement,2,llama3:70b,moderate,5.0,fairness
agreement,2,llama3:70b,moderate,5.0,fairness
agreement,2,llama3:70b,moderate,5.0,fairness
agreement,2,llama3:70b,moderate,5.0,fairness
agreement,2,llama3:70b,moderate,5.0,fairness
agreement,2,llama3:70b,moderate,5.0,fairness
agreement,2,llama3:70b,moderate,5.0,fairness
agreement,2,llama3:70b,moderate,5.0,fairness
agreement,2,llama3:70b,moderate,5.0,fairness
agreement,2,llama3:70b,moderate,5.0,fairness
agreement,2,llama3:70b,moderate,5.0,fairness
agreement,2,llama3:70b,moderate,5.0,fairness
agreement,2,llama3:70b,moderate,5.0,fairness
agreement,2,llama3:70b,moderate,5.0,fairness
agreement,2,llama3:70b,moderate,5.0,fairness
agreement,2,llama3:70b,moderate,5.0,fairness
agreement,2,llama3:70b,moderate,5.0,fairness
agreement,2,llama3:70b,moderate,5.0,fairness
agreement,2,llama3:70b,moderate,5.0,fairness
agreement,2,llama3:70b,moderate,5.0,fairness
agreement,2,llama3:70b,moderate,5.0,fairness
agreement,2,llama3:70b,moderate,5.0,fairness
agreement,2,llama3:70b,moderate,5.0,fairness
agreement,2,llama3:70b,moderate,5.0,fairness
agreement,2,llama3:70b,moderate,5.0,fairness
agreement,2,llama3:70b,moderate,5.0,fairness
agreement,2,llama3:70b,moderate,5.0,fairness
agreement,2,llama3:70b,moderate,5.0,fairness
agreement,2,llama3:70b,moderate,5.0,fairness
agreement,2,llama3:70b,moderate,5.0,fairness
agreement,2,llama3:70b,moderate,5.0,fairness
agreement,2,llama3:70b,moderate,5.0,fairness
agreement,2,llama3:70b,moderate,5.0,fairness
agreement,2,llama3:70b,moderate,5.0,fairness
agreement,2,llama3:70b,moderate,5.0,fairness
agreement,2,llama3:70b,moderate,5.0,fairness
agreement,2,llama3:70b,liberal,5.0,fairness
agreement,2,llama3:70b,liberal,5.0,fairness
agreement,2,llama3:70b,liberal,5.0,fairness
agreement,2,llama3:70b,liberal,5.0,fairness
agreement,2,llama3:70b,liberal,5.0,fairness
agreement,2,llama3:70b,liberal,5.0,fairness
agreement,2,llama3:70b,liberal,5.0,fairness
agreement,2,llama3:70b,liberal,5.0,fairness
agreement,2,llama3:70b,liberal,5.0,fairness
agreement,2,llama3:70b,liberal,5.0,fairness
agreement,2,llama3:70b,liberal,5.0,fairness
agreement,2,llama3:70b,liberal,5.0,fairness
agreement,2,llama3:70b,liberal,5.0,fairness
agreement,2,llama3:70b,liberal,5.0,fairness
agreement,2,llama3:70b,liberal,5.0,fairness
agreement,2,llama3:70b,liberal,5.0,fairness
agreement,2,llama3:70b,liberal,5.0,fairness
agreement,2,llama3:70b,liberal,5.0,fairness
agreement,2,llama3:70b,liberal,5.0,fairness
agreement,2,llama3:70b,liberal,5.0,fairness
agreement,2,llama3:70b,liberal,5.0,fairness
agreement,2,llama3:70b,liberal,5.0,fairness
agreement,2,llama3:70b,liberal,5.0,fairness
agreement,2,llama3:70b,liberal,5.0,fairness
agreement,2,llama3:70b,liberal,5.0,fairness
agreement,2,llama3:70b,liberal,5.0,fairness
agreement,2,llama3:70b,liberal,5.0,fairness
agreement,2,llama3:70b,liberal,5.0,fairness
agreement,2,llama3:70b,liberal,5.0,fairness
agreement,2,llama3:70b,liberal,5.0,fairness
agreement,2,llama3:70b,liberal,5.0,fairness
agreement,2,llama3:70b,liberal,5.0,fairness
agreement,2,llama3:70b,liberal,5.0,fairness
agreement,2,llama3:70b,liberal,5.0,fairness
agreement,2,llama3:70b,liberal,5.0,fairness
agreement,2,llama3:70b,liberal,5.0,fairness
agreement,2,llama3:70b,liberal,5.0,fairness
agreement,2,llama3:70b,liberal,5.0,fairness
agreement,2,llama3:70b,liberal,5.0,fairness
agreement,2,llama3:70b,liberal,5.0,fairness
agreement,2,llama3:70b,liberal,5.0,fairness
agreement,2,llama3:70b,liberal,5.0,fairness
agreement,2,llama3:70b,liberal,5.0,fairness
agreement,2,llama3:70b,liberal,5.0,fairness
agreement,2,llama3:70b,liberal,5.0,fairness
agreement,2,llama3:70b,liberal,5.0,fairness
agreement,2,llama3:70b,liberal,5.0,fairness
agreement,2,llama3:70b,liberal,5.0,fairness
agreement,2,llama3:70b,liberal,5.0,fairness
agreement,2,llama3:70b,liberal,5.0,fairness
agreement,2,llama3.1:70b,conservative,4.0,fairness
agreement,2,llama3.1:70b,conservative,5.0,fairness
agreement,2,llama3.1:70b,conservative,5.0,fairness
agreement,2,llama3.1:70b,conservative,4.0,fairness
agreement,2,llama3.1:70b,conservative,5.0,fairness
agreement,2,llama3.1:70b,conservative,5.0,fairness
agreement,2,llama3.1:70b,conservative,5.0,fairness
agreement,2,llama3.1:70b,conservative,3.0,fairness
agreement,2,llama3.1:70b,conservative,4.0,fairness
agreement,2,llama3.1:70b,conservative,5.0,fairness
agreement,2,llama3.1:70b,conservative,4.0,fairness
agreement,2,llama3.1:70b,conservative,5.0,fairness
agreement,2,llama3.1:70b,conservative,3.0,fairness
agreement,2,llama3.1:70b,conservative,4.0,fairness
agreement,2,llama3.1:70b,conservative,5.0,fairness
agreement,2,llama3.1:70b,conservative,5.0,fairness
agreement,2,llama3.1:70b,conservative,5.0,fairness
agreement,2,llama3.1:70b,conservative,5.0,fairness
agreement,2,llama3.1:70b,conservative,5.0,fairness
agreement,2,llama3.1:70b,conservative,5.0,fairness
agreement,2,llama3.1:70b,conservative,5.0,fairness
agreement,2,llama3.1:70b,conservative,5.0,fairness
agreement,2,llama3.1:70b,conservative,5.0,fairness
agreement,2,llama3.1:70b,conservative,3.0,fairness
agreement,2,llama3.1:70b,conservative,3.0,fairness
agreement,2,llama3.1:70b,conservative,5.0,fairness
agreement,2,llama3.1:70b,conservative,4.0,fairness
agreement,2,llama3.1:70b,conservative,5.0,fairness
agreement,2,llama3.1:70b,conservative,4.0,fairness
agreement,2,llama3.1:70b,conservative,4.0,fairness
agreement,2,llama3.1:70b,conservative,3.0,fairness
agreement,2,llama3.1:70b,conservative,3.0,fairness
agreement,2,llama3.1:70b,conservative,5.0,fairness
agreement,2,llama3.1:70b,conservative,3.0,fairness
agreement,2,llama3.1:70b,conservative,4.0,fairness
agreement,2,llama3.1:70b,conservative,3.0,fairness
agreement,2,llama3.1:70b,conservative,5.0,fairness
agreement,2,llama3.1:70b,conservative,3.0,fairness
agreement,2,llama3.1:70b,conservative,5.0,fairness
agreement,2,llama3.1:70b,conservative,5.0,fairness
agreement,2,llama3.1:70b,conservative,5.0,fairness
agreement,2,llama3.1:70b,conservative,5.0,fairness
agreement,2,llama3.1:70b,conservative,5.0,fairness
agreement,2,llama3.1:70b,conservative,4.0,fairness
agreement,2,llama3.1:70b,conservative,5.0,fairness
agreement,2,llama3.1:70b,conservative,4.0,fairness
agreement,2,llama3.1:70b,conservative,4.0,fairness
agreement,2,llama3.1:70b,conservative,3.0,fairness
agreement,2,llama3.1:70b,conservative,5.0,fairness
agreement,2,llama3.1:70b,conservative,5.0,fairness
agreement,2,llama3.1:70b,moderate,5.0,fairness
agreement,2,llama3.1:70b,moderate,5.0,fairness
agreement,2,llama3.1:70b,moderate,5.0,fairness
agreement,2,llama3.1:70b,moderate,5.0,fairness
agreement,2,llama3.1:70b,moderate,5.0,fairness
agreement,2,llama3.1:70b,moderate,5.0,fairness
agreement,2,llama3.1:70b,moderate,5.0,fairness
agreement,2,llama3.1:70b,moderate,5.0,fairness
agreement,2,llama3.1:70b,moderate,5.0,fairness
agreement,2,llama3.1:70b,moderate,5.0,fairness
agreement,2,llama3.1:70b,moderate,5.0,fairness
agreement,2,llama3.1:70b,moderate,5.0,fairness
agreement,2,llama3.1:70b,moderate,5.0,fairness
agreement,2,llama3.1:70b,moderate,5.0,fairness
agreement,2,llama3.1:70b,moderate,5.0,fairness
agreement,2,llama3.1:70b,moderate,5.0,fairness
agreement,2,llama3.1:70b,moderate,5.0,fairness
agreement,2,llama3.1:70b,moderate,5.0,fairness
agreement,2,llama3.1:70b,moderate,5.0,fairness
agreement,2,llama3.1:70b,moderate,5.0,fairness
agreement,2,llama3.1:70b,moderate,5.0,fairness
agreement,2,llama3.1:70b,moderate,5.0,fairness
agreement,2,llama3.1:70b,moderate,5.0,fairness
agreement,2,llama3.1:70b,moderate,5.0,fairness
agreement,2,llama3.1:70b,moderate,5.0,fairness
agreement,2,llama3.1:70b,moderate,5.0,fairness
agreement,2,llama3.1:70b,moderate,5.0,fairness
agreement,2,llama3.1:70b,moderate,5.0,fairness
agreement,2,llama3.1:70b,moderate,5.0,fairness
agreement,2,llama3.1:70b,moderate,5.0,fairness
agreement,2,llama3.1:70b,moderate,5.0,fairness
agreement,2,llama3.1:70b,moderate,5.0,fairness
agreement,2,llama3.1:70b,moderate,5.0,fairness
agreement,2,llama3.1:70b,moderate,5.0,fairness
agreement,2,llama3.1:70b,moderate,5.0,fairness
agreement,2,llama3.1:70b,moderate,5.0,fairness
agreement,2,llama3.1:70b,moderate,5.0,fairness
agreement,2,llama3.1:70b,moderate,5.0,fairness
agreement,2,llama3.1:70b,moderate,5.0,fairness
agreement,2,llama3.1:70b,moderate,5.0,fairness
agreement,2,llama3.1:70b,moderate,5.0,fairness
agreement,2,llama3.1:70b,moderate,5.0,fairness
agreement,2,llama3.1:70b,moderate,5.0,fairness
agreement,2,llama3.1:70b,moderate,5.0,fairness
agreement,2,llama3.1:70b,moderate,5.0,fairness
agreement,2,llama3.1:70b,moderate,5.0,fairness
agreement,2,llama3.1:70b,moderate,5.0,fairness
agreement,2,llama3.1:70b,moderate,5.0,fairness
agreement,2,llama3.1:70b,moderate,5.0,fairness
agreement,2,llama3.1:70b,moderate,5.0,fairness
agreement,2,llama3.1:70b,liberal,5.0,fairness
agreement,2,llama3.1:70b,liberal,5.0,fairness
agreement,2,llama3.1:70b,liberal,5.0,fairness
agreement,2,llama3.1:70b,liberal,5.0,fairness
agreement,2,llama3.1:70b,liberal,5.0,fairness
agreement,2,llama3.1:70b,liberal,5.0,fairness
agreement,2,llama3.1:70b,liberal,5.0,fairness
agreement,2,llama3.1:70b,liberal,5.0,fairness
agreement,2,llama3.1:70b,liberal,5.0,fairness
agreement,2,llama3.1:70b,liberal,5.0,fairness
agreement,2,llama3.1:70b,liberal,5.0,fairness
agreement,2,llama3.1:70b,liberal,5.0,fairness
agreement,2,llama3.1:70b,liberal,5.0,fairness
agreement,2,llama3.1:70b,liberal,5.0,fairness
agreement,2,llama3.1:70b,liberal,5.0,fairness
agreement,2,llama3.1:70b,liberal,5.0,fairness
agreement,2,llama3.1:70b,liberal,5.0,fairness
agreement,2,llama3.1:70b,liberal,5.0,fairness
agreement,2,llama3.1:70b,liberal,5.0,fairness
agreement,2,llama3.1:70b,liberal,5.0,fairness
agreement,2,llama3.1:70b,liberal,5.0,fairness
agreement,2,llama3.1:70b,liberal,5.0,fairness
agreement,2,llama3.1:70b,liberal,5.0,fairness
agreement,2,llama3.1:70b,liberal,5.0,fairness
agreement,2,llama3.1:70b,liberal,5.0,fairness
agreement,2,llama3.1:70b,liberal,5.0,fairness
agreement,2,llama3.1:70b,liberal,5.0,fairness
agreement,2,llama3.1:70b,liberal,5.0,fairness
agreement,2,llama3.1:70b,liberal,5.0,fairness
agreement,2,llama3.1:70b,liberal,5.0,fairness
agreement,2,llama3.1:70b,liberal,5.0,fairness
agreement,2,llama3.1:70b,liberal,5.0,fairness
agreement,2,llama3.1:70b,liberal,5.0,fairness
agreement,2,llama3.1:70b,liberal,5.0,fairness
agreement,2,llama3.1:70b,liberal,5.0,fairness
agreement,2,llama3.1:70b,liberal,5.0,fairness
agreement,2,llama3.1:70b,liberal,5.0,fairness
agreement,2,llama3.1:70b,liberal,5.0,fairness
agreement,2,llama3.1:70b,liberal,5.0,fairness
agreement,2,llama3.1:70b,liberal,5.0,fairness
agreement,2,llama3.1:70b,liberal,5.0,fairness
agreement,2,llama3.1:70b,liberal,5.0,fairness
agreement,2,llama3.1:70b,liberal,5.0,fairness
agreement,2,llama3.1:70b,liberal,5.0,fairness
agreement,2,llama3.1:70b,liberal,5.0,fairness
agreement,2,llama3.1:70b,liberal,5.0,fairness
agreement,2,llama3.1:70b,liberal,5.0,fairness
agreement,2,llama3.1:70b,liberal,5.0,fairness
agreement,2,llama3.1:70b,liberal,5.0,fairness
agreement,2,llama3.1:70b,liberal,5.0,fairness
agreement,2,mistral:7b,conservative,5.0,fairness
agreement,2,mistral:7b,conservative,5.0,fairness
agreement,2,mistral:7b,conservative,5.0,fairness
agreement,2,mistral:7b,conservative,5.0,fairness
agreement,2,mistral:7b,conservative,5.0,fairness
agreement,2,mistral:7b,conservative,5.0,fairness
agreement,2,mistral:7b,conservative,5.0,fairness
agreement,2,mistral:7b,conservative,5.0,fairness
agreement,2,mistral:7b,conservative,5.0,fairness
agreement,2,mistral:7b,conservative,5.0,fairness
agreement,2,mistral:7b,conservative,5.0,fairness
agreement,2,mistral:7b,conservative,5.0,fairness
agreement,2,mistral:7b,conservative,5.0,fairness
agreement,2,mistral:7b,conservative,5.0,fairness
agreement,2,mistral:7b,conservative,5.0,fairness
agreement,2,mistral:7b,conservative,5.0,fairness
agreement,2,mistral:7b,conservative,5.0,fairness
agreement,2,mistral:7b,conservative,5.0,fairness
agreement,2,mistral:7b,conservative,5.0,fairness
agreement,2,mistral:7b,conservative,5.0,fairness
agreement,2,mistral:7b,conservative,5.0,fairness
agreement,2,mistral:7b,conservative,5.0,fairness
agreement,2,mistral:7b,conservative,3.0,fairness
agreement,2,mistral:7b,conservative,3.0,fairness
agreement,2,mistral:7b,conservative,5.0,fairness
agreement,2,mistral:7b,conservative,5.0,fairness
agreement,2,mistral:7b,conservative,5.0,fairness
agreement,2,mistral:7b,conservative,5.0,fairness
agreement,2,mistral:7b,conservative,5.0,fairness
agreement,2,mistral:7b,conservative,5.0,fairness
agreement,2,mistral:7b,conservative,5.0,fairness
agreement,2,mistral:7b,conservative,5.0,fairness
agreement,2,mistral:7b,conservative,5.0,fairness
agreement,2,mistral:7b,conservative,5.0,fairness
agreement,2,mistral:7b,conservative,5.0,fairness
agreement,2,mistral:7b,conservative,5.0,fairness
agreement,2,mistral:7b,conservative,5.0,fairness
agreement,2,mistral:7b,conservative,5.0,fairness
agreement,2,mistral:7b,conservative,5.0,fairness
agreement,2,mistral:7b,conservative,5.0,fairness
agreement,2,mistral:7b,conservative,5.0,fairness
agreement,2,mistral:7b,conservative,5.0,fairness
agreement,2,mistral:7b,conservative,5.0,fairness
agreement,2,mistral:7b,conservative,5.0,fairness
agreement,2,mistral:7b,conservative,5.0,fairness
agreement,2,mistral:7b,conservative,5.0,fairness
agreement,2,mistral:7b,conservative,5.0,fairness
agreement,2,mistral:7b,conservative,5.0,fairness
agreement,2,mistral:7b,conservative,5.0,fairness
agreement,2,mistral:7b,conservative,5.0,fairness
agreement,2,mistral:7b,moderate,5.0,fairness
agreement,2,mistral:7b,moderate,5.0,fairness
agreement,2,mistral:7b,moderate,5.0,fairness
agreement,2,mistral:7b,moderate,5.0,fairness
agreement,2,mistral:7b,moderate,5.0,fairness
agreement,2,mistral:7b,moderate,5.0,fairness
agreement,2,mistral:7b,moderate,5.0,fairness
agreement,2,mistral:7b,moderate,5.0,fairness
agreement,2,mistral:7b,moderate,5.0,fairness
agreement,2,mistral:7b,moderate,5.0,fairness
agreement,2,mistral:7b,moderate,5.0,fairness
agreement,2,mistral:7b,moderate,5.0,fairness
agreement,2,mistral:7b,moderate,5.0,fairness
agreement,2,mistral:7b,moderate,5.0,fairness
agreement,2,mistral:7b,moderate,5.0,fairness
agreement,2,mistral:7b,moderate,5.0,fairness
agreement,2,mistral:7b,moderate,5.0,fairness
agreement,2,mistral:7b,moderate,5.0,fairness
agreement,2,mistral:7b,moderate,5.0,fairness
agreement,2,mistral:7b,moderate,5.0,fairness
agreement,2,mistral:7b,moderate,5.0,fairness
agreement,2,mistral:7b,moderate,5.0,fairness
agreement,2,mistral:7b,moderate,5.0,fairness
agreement,2,mistral:7b,moderate,5.0,fairness
agreement,2,mistral:7b,moderate,5.0,fairness
agreement,2,mistral:7b,moderate,5.0,fairness
agreement,2,mistral:7b,moderate,5.0,fairness
agreement,2,mistral:7b,moderate,5.0,fairness
agreement,2,mistral:7b,moderate,5.0,fairness
agreement,2,mistral:7b,moderate,5.0,fairness
agreement,2,mistral:7b,moderate,5.0,fairness
agreement,2,mistral:7b,moderate,5.0,fairness
agreement,2,mistral:7b,moderate,5.0,fairness
agreement,2,mistral:7b,moderate,5.0,fairness
agreement,2,mistral:7b,moderate,5.0,fairness
agreement,2,mistral:7b,moderate,5.0,fairness
agreement,2,mistral:7b,moderate,5.0,fairness
agreement,2,mistral:7b,moderate,5.0,fairness
agreement,2,mistral:7b,moderate,5.0,fairness
agreement,2,mistral:7b,moderate,5.0,fairness
agreement,2,mistral:7b,moderate,5.0,fairness
agreement,2,mistral:7b,moderate,5.0,fairness
agreement,2,mistral:7b,moderate,5.0,fairness
agreement,2,mistral:7b,moderate,5.0,fairness
agreement,2,mistral:7b,moderate,5.0,fairness
agreement,2,mistral:7b,moderate,5.0,fairness
agreement,2,mistral:7b,moderate,5.0,fairness
agreement,2,mistral:7b,moderate,5.0,fairness
agreement,2,mistral:7b,moderate,5.0,fairness
agreement,2,mistral:7b,moderate,5.0,fairness
agreement,2,mistral:7b,liberal,5.0,fairness
agreement,2,mistral:7b,liberal,5.0,fairness
agreement,2,mistral:7b,liberal,5.0,fairness
agreement,2,mistral:7b,liberal,5.0,fairness
agreement,2,mistral:7b,liberal,5.0,fairness
agreement,2,mistral:7b,liberal,5.0,fairness
agreement,2,mistral:7b,liberal,5.0,fairness
agreement,2,mistral:7b,liberal,5.0,fairness
agreement,2,mistral:7b,liberal,5.0,fairness
agreement,2,mistral:7b,liberal,5.0,fairness
agreement,2,mistral:7b,liberal,5.0,fairness
agreement,2,mistral:7b,liberal,5.0,fairness
agreement,2,mistral:7b,liberal,5.0,fairness
agreement,2,mistral:7b,liberal,5.0,fairness
agreement,2,mistral:7b,liberal,5.0,fairness
agreement,2,mistral:7b,liberal,5.0,fairness
agreement,2,mistral:7b,liberal,5.0,fairness
agreement,2,mistral:7b,liberal,5.0,fairness
agreement,2,mistral:7b,liberal,5.0,fairness
agreement,2,mistral:7b,liberal,5.0,fairness
agreement,2,mistral:7b,liberal,5.0,fairness
agreement,2,mistral:7b,liberal,5.0,fairness
agreement,2,mistral:7b,liberal,5.0,fairness
agreement,2,mistral:7b,liberal,5.0,fairness
agreement,2,mistral:7b,liberal,5.0,fairness
agreement,2,mistral:7b,liberal,5.0,fairness
agreement,2,mistral:7b,liberal,5.0,fairness
agreement,2,mistral:7b,liberal,5.0,fairness
agreement,2,mistral:7b,liberal,5.0,fairness
agreement,2,mistral:7b,liberal,5.0,fairness
agreement,2,mistral:7b,liberal,5.0,fairness
agreement,2,mistral:7b,liberal,5.0,fairness
agreement,2,mistral:7b,liberal,5.0,fairness
agreement,2,mistral:7b,liberal,5.0,fairness
agreement,2,mistral:7b,liberal,5.0,fairness
agreement,2,mistral:7b,liberal,5.0,fairness
agreement,2,mistral:7b,liberal,5.0,fairness
agreement,2,mistral:7b,liberal,5.0,fairness
agreement,2,mistral:7b,liberal,5.0,fairness
agreement,2,mistral:7b,liberal,5.0,fairness
agreement,2,mistral:7b,liberal,5.0,fairness
agreement,2,mistral:7b,liberal,5.0,fairness
agreement,2,mistral:7b,liberal,5.0,fairness
agreement,2,mistral:7b,liberal,5.0,fairness
agreement,2,mistral:7b,liberal,5.0,fairness
agreement,2,mistral:7b,liberal,5.0,fairness
agreement,2,mistral:7b,liberal,5.0,fairness
agreement,2,mistral:7b,liberal,5.0,fairness
agreement,2,mistral:7b,liberal,5.0,fairness
agreement,2,mistral:7b,liberal,5.0,fairness
agreement,2,mixtral:8x22b,conservative,5.0,fairness
agreement,2,mixtral:8x22b,conservative,4.0,fairness
agreement,2,mixtral:8x22b,conservative,5.0,fairness
agreement,2,mixtral:8x22b,conservative,4.0,fairness
agreement,2,mixtral:8x22b,conservative,5.0,fairness
agreement,2,mixtral:8x22b,conservative,4.0,fairness
agreement,2,mixtral:8x22b,conservative,4.0,fairness
agreement,2,mixtral:8x22b,conservative,5.0,fairness
agreement,2,mixtral:8x22b,conservative,4.0,fairness
agreement,2,mixtral:8x22b,conservative,5.0,fairness
agreement,2,mixtral:8x22b,conservative,4.0,fairness
agreement,2,mixtral:8x22b,conservative,4.0,fairness
agreement,2,mixtral:8x22b,conservative,4.0,fairness
agreement,2,mixtral:8x22b,conservative,4.0,fairness
agreement,2,mixtral:8x22b,conservative,5.0,fairness
agreement,2,mixtral:8x22b,conservative,4.0,fairness
agreement,2,mixtral:8x22b,conservative,4.0,fairness
agreement,2,mixtral:8x22b,conservative,4.0,fairness
agreement,2,mixtral:8x22b,conservative,4.0,fairness
agreement,2,mixtral:8x22b,conservative,5.0,fairness
agreement,2,mixtral:8x22b,conservative,5.0,fairness
agreement,2,mixtral:8x22b,conservative,4.0,fairness
agreement,2,mixtral:8x22b,conservative,4.0,fairness
agreement,2,mixtral:8x22b,conservative,5.0,fairness
agreement,2,mixtral:8x22b,conservative,4.0,fairness
agreement,2,mixtral:8x22b,conservative,5.0,fairness
agreement,2,mixtral:8x22b,conservative,4.0,fairness
agreement,2,mixtral:8x22b,conservative,4.0,fairness
agreement,2,mixtral:8x22b,conservative,4.0,fairness
agreement,2,mixtral:8x22b,conservative,5.0,fairness
agreement,2,mixtral:8x22b,conservative,5.0,fairness
agreement,2,mixtral:8x22b,conservative,5.0,fairness
agreement,2,mixtral:8x22b,conservative,4.0,fairness
agreement,2,mixtral:8x22b,conservative,5.0,fairness
agreement,2,mixtral:8x22b,conservative,4.0,fairness
agreement,2,mixtral:8x22b,conservative,5.0,fairness
agreement,2,mixtral:8x22b,conservative,5.0,fairness
agreement,2,mixtral:8x22b,conservative,4.0,fairness
agreement,2,mixtral:8x22b,conservative,5.0,fairness
agreement,2,mixtral:8x22b,conservative,5.0,fairness
agreement,2,mixtral:8x22b,conservative,4.0,fairness
agreement,2,mixtral:8x22b,conservative,4.0,fairness
agreement,2,mixtral:8x22b,conservative,4.0,fairness
agreement,2,mixtral:8x22b,conservative,5.0,fairness
agreement,2,mixtral:8x22b,conservative,5.0,fairness
agreement,2,mixtral:8x22b,conservative,5.0,fairness
agreement,2,mixtral:8x22b,conservative,4.0,fairness
agreement,2,mixtral:8x22b,conservative,4.0,fairness
agreement,2,mixtral:8x22b,conservative,5.0,fairness
agreement,2,mixtral:8x22b,conservative,4.0,fairness
agreement,2,mixtral:8x22b,moderate,5.0,fairness
agreement,2,mixtral:8x22b,moderate,5.0,fairness
agreement,2,mixtral:8x22b,moderate,5.0,fairness
agreement,2,mixtral:8x22b,moderate,5.0,fairness
agreement,2,mixtral:8x22b,moderate,5.0,fairness
agreement,2,mixtral:8x22b,moderate,5.0,fairness
agreement,2,mixtral:8x22b,moderate,5.0,fairness
agreement,2,mixtral:8x22b,moderate,5.0,fairness
agreement,2,mixtral:8x22b,moderate,5.0,fairness
agreement,2,mixtral:8x22b,moderate,5.0,fairness
agreement,2,mixtral:8x22b,moderate,5.0,fairness
agreement,2,mixtral:8x22b,moderate,5.0,fairness
agreement,2,mixtral:8x22b,moderate,5.0,fairness
agreement,2,mixtral:8x22b,moderate,5.0,fairness
agreement,2,mixtral:8x22b,moderate,5.0,fairness
agreement,2,mixtral:8x22b,moderate,5.0,fairness
agreement,2,mixtral:8x22b,moderate,5.0,fairness
agreement,2,mixtral:8x22b,moderate,5.0,fairness
agreement,2,mixtral:8x22b,moderate,5.0,fairness
agreement,2,mixtral:8x22b,moderate,5.0,fairness
agreement,2,mixtral:8x22b,moderate,5.0,fairness
agreement,2,mixtral:8x22b,moderate,5.0,fairness
agreement,2,mixtral:8x22b,moderate,5.0,fairness
agreement,2,mixtral:8x22b,moderate,5.0,fairness
agreement,2,mixtral:8x22b,moderate,5.0,fairness
agreement,2,mixtral:8x22b,moderate,5.0,fairness
agreement,2,mixtral:8x22b,moderate,5.0,fairness
agreement,2,mixtral:8x22b,moderate,5.0,fairness
agreement,2,mixtral:8x22b,moderate,5.0,fairness
agreement,2,mixtral:8x22b,moderate,5.0,fairness
agreement,2,mixtral:8x22b,moderate,5.0,fairness
agreement,2,mixtral:8x22b,moderate,5.0,fairness
agreement,2,mixtral:8x22b,moderate,5.0,fairness
agreement,2,mixtral:8x22b,moderate,5.0,fairness
agreement,2,mixtral:8x22b,moderate,5.0,fairness
agreement,2,mixtral:8x22b,moderate,5.0,fairness
agreement,2,mixtral:8x22b,moderate,5.0,fairness
agreement,2,mixtral:8x22b,moderate,5.0,fairness
agreement,2,mixtral:8x22b,moderate,5.0,fairness
agreement,2,mixtral:8x22b,moderate,5.0,fairness
agreement,2,mixtral:8x22b,moderate,5.0,fairness
agreement,2,mixtral:8x22b,moderate,5.0,fairness
agreement,2,mixtral:8x22b,moderate,5.0,fairness
agreement,2,mixtral:8x22b,moderate,5.0,fairness
agreement,2,mixtral:8x22b,moderate,5.0,fairness
agreement,2,mixtral:8x22b,moderate,5.0,fairness
agreement,2,mixtral:8x22b,moderate,5.0,fairness
agreement,2,mixtral:8x22b,moderate,5.0,fairness
agreement,2,mixtral:8x22b,moderate,5.0,fairness
agreement,2,mixtral:8x22b,moderate,5.0,fairness
agreement,2,mixtral:8x22b,liberal,5.0,fairness
agreement,2,mixtral:8x22b,liberal,5.0,fairness
agreement,2,mixtral:8x22b,liberal,5.0,fairness
agreement,2,mixtral:8x22b,liberal,5.0,fairness
agreement,2,mixtral:8x22b,liberal,5.0,fairness
agreement,2,mixtral:8x22b,liberal,5.0,fairness
agreement,2,mixtral:8x22b,liberal,5.0,fairness
agreement,2,mixtral:8x22b,liberal,5.0,fairness
agreement,2,mixtral:8x22b,liberal,5.0,fairness
agreement,2,mixtral:8x22b,liberal,5.0,fairness
agreement,2,mixtral:8x22b,liberal,5.0,fairness
agreement,2,mixtral:8x22b,liberal,5.0,fairness
agreement,2,mixtral:8x22b,liberal,5.0,fairness
agreement,2,mixtral:8x22b,liberal,5.0,fairness
agreement,2,mixtral:8x22b,liberal,5.0,fairness
agreement,2,mixtral:8x22b,liberal,5.0,fairness
agreement,2,mixtral:8x22b,liberal,5.0,fairness
agreement,2,mixtral:8x22b,liberal,5.0,fairness
agreement,2,mixtral:8x22b,liberal,5.0,fairness
agreement,2,mixtral:8x22b,liberal,5.0,fairness
agreement,2,mixtral:8x22b,liberal,5.0,fairness
agreement,2,mixtral:8x22b,liberal,5.0,fairness
agreement,2,mixtral:8x22b,liberal,5.0,fairness
agreement,2,mixtral:8x22b,liberal,5.0,fairness
agreement,2,mixtral:8x22b,liberal,5.0,fairness
agreement,2,mixtral:8x22b,liberal,5.0,fairness
agreement,2,mixtral:8x22b,liberal,5.0,fairness
agreement,2,mixtral:8x22b,liberal,5.0,fairness
agreement,2,mixtral:8x22b,liberal,5.0,fairness
agreement,2,mixtral:8x22b,liberal,5.0,fairness
agreement,2,mixtral:8x22b,liberal,5.0,fairness
agreement,2,mixtral:8x22b,liberal,5.0,fairness
agreement,2,mixtral:8x22b,liberal,5.0,fairness
agreement,2,mixtral:8x22b,liberal,5.0,fairness
agreement,2,mixtral:8x22b,liberal,5.0,fairness
agreement,2,mixtral:8x22b,liberal,5.0,fairness
agreement,2,mixtral:8x22b,liberal,5.0,fairness
agreement,2,mixtral:8x22b,liberal,5.0,fairness
agreement,2,mixtral:8x22b,liberal,5.0,fairness
agreement,2,mixtral:8x22b,liberal,5.0,fairness
agreement,2,mixtral:8x22b,liberal,5.0,fairness
agreement,2,mixtral:8x22b,liberal,5.0,fairness
agreement,2,mixtral:8x22b,liberal,5.0,fairness
agreement,2,mixtral:8x22b,liberal,5.0,fairness
agreement,2,mixtral:8x22b,liberal,5.0,fairness
agreement,2,mixtral:8x22b,liberal,5.0,fairness
agreement,2,mixtral:8x22b,liberal,5.0,fairness
agreement,2,mixtral:8x22b,liberal,5.0,fairness
agreement,2,mixtral:8x22b,liberal,5.0,fairness
agreement,2,mixtral:8x22b,liberal,5.0,fairness
agreement,2,mixtral:8x7b,conservative,5.0,fairness
agreement,2,mixtral:8x7b,conservative,5.0,fairness
agreement,2,mixtral:8x7b,conservative,5.0,fairness
agreement,2,mixtral:8x7b,conservative,5.0,fairness
agreement,2,mixtral:8x7b,conservative,5.0,fairness
agreement,2,mixtral:8x7b,conservative,5.0,fairness
agreement,2,mixtral:8x7b,conservative,5.0,fairness
agreement,2,mixtral:8x7b,conservative,5.0,fairness
agreement,2,mixtral:8x7b,conservative,5.0,fairness
agreement,2,mixtral:8x7b,conservative,5.0,fairness
agreement,2,mixtral:8x7b,conservative,5.0,fairness
agreement,2,mixtral:8x7b,conservative,5.0,fairness
agreement,2,mixtral:8x7b,conservative,5.0,fairness
agreement,2,mixtral:8x7b,conservative,5.0,fairness
agreement,2,mixtral:8x7b,conservative,5.0,fairness
agreement,2,mixtral:8x7b,conservative,5.0,fairness
agreement,2,mixtral:8x7b,conservative,5.0,fairness
agreement,2,mixtral:8x7b,conservative,5.0,fairness
agreement,2,mixtral:8x7b,conservative,5.0,fairness
agreement,2,mixtral:8x7b,conservative,5.0,fairness
agreement,2,mixtral:8x7b,conservative,5.0,fairness
agreement,2,mixtral:8x7b,conservative,5.0,fairness
agreement,2,mixtral:8x7b,conservative,5.0,fairness
agreement,2,mixtral:8x7b,conservative,5.0,fairness
agreement,2,mixtral:8x7b,conservative,5.0,fairness
agreement,2,mixtral:8x7b,conservative,5.0,fairness
agreement,2,mixtral:8x7b,conservative,5.0,fairness
agreement,2,mixtral:8x7b,conservative,5.0,fairness
agreement,2,mixtral:8x7b,conservative,5.0,fairness
agreement,2,mixtral:8x7b,conservative,5.0,fairness
agreement,2,mixtral:8x7b,conservative,5.0,fairness
agreement,2,mixtral:8x7b,conservative,5.0,fairness
agreement,2,mixtral:8x7b,conservative,5.0,fairness
agreement,2,mixtral:8x7b,conservative,5.0,fairness
agreement,2,mixtral:8x7b,conservative,5.0,fairness
agreement,2,mixtral:8x7b,conservative,5.0,fairness
agreement,2,mixtral:8x7b,conservative,5.0,fairness
agreement,2,mixtral:8x7b,conservative,5.0,fairness
agreement,2,mixtral:8x7b,conservative,5.0,fairness
agreement,2,mixtral:8x7b,conservative,5.0,fairness
agreement,2,mixtral:8x7b,conservative,5.0,fairness
agreement,2,mixtral:8x7b,conservative,5.0,fairness
agreement,2,mixtral:8x7b,conservative,5.0,fairness
agreement,2,mixtral:8x7b,conservative,5.0,fairness
agreement,2,mixtral:8x7b,conservative,5.0,fairness
agreement,2,mixtral:8x7b,conservative,5.0,fairness
agreement,2,mixtral:8x7b,conservative,5.0,fairness
agreement,2,mixtral:8x7b,conservative,5.0,fairness
agreement,2,mixtral:8x7b,conservative,5.0,fairness
agreement,2,mixtral:8x7b,conservative,5.0,fairness
agreement,2,mixtral:8x7b,moderate,5.0,fairness
agreement,2,mixtral:8x7b,moderate,5.0,fairness
agreement,2,mixtral:8x7b,moderate,5.0,fairness
agreement,2,mixtral:8x7b,moderate,5.0,fairness
agreement,2,mixtral:8x7b,moderate,5.0,fairness
agreement,2,mixtral:8x7b,moderate,5.0,fairness
agreement,2,mixtral:8x7b,moderate,5.0,fairness
agreement,2,mixtral:8x7b,moderate,5.0,fairness
agreement,2,mixtral:8x7b,moderate,5.0,fairness
agreement,2,mixtral:8x7b,moderate,5.0,fairness
agreement,2,mixtral:8x7b,moderate,5.0,fairness
agreement,2,mixtral:8x7b,moderate,5.0,fairness
agreement,2,mixtral:8x7b,moderate,5.0,fairness
agreement,2,mixtral:8x7b,moderate,5.0,fairness
agreement,2,mixtral:8x7b,moderate,5.0,fairness
agreement,2,mixtral:8x7b,moderate,5.0,fairness
agreement,2,mixtral:8x7b,moderate,5.0,fairness
agreement,2,mixtral:8x7b,moderate,5.0,fairness
agreement,2,mixtral:8x7b,moderate,5.0,fairness
agreement,2,mixtral:8x7b,moderate,5.0,fairness
agreement,2,mixtral:8x7b,moderate,5.0,fairness
agreement,2,mixtral:8x7b,moderate,5.0,fairness
agreement,2,mixtral:8x7b,moderate,5.0,fairness
agreement,2,mixtral:8x7b,moderate,5.0,fairness
agreement,2,mixtral:8x7b,moderate,5.0,fairness
agreement,2,mixtral:8x7b,moderate,5.0,fairness
agreement,2,mixtral:8x7b,moderate,5.0,fairness
agreement,2,mixtral:8x7b,moderate,5.0,fairness
agreement,2,mixtral:8x7b,moderate,5.0,fairness
agreement,2,mixtral:8x7b,moderate,5.0,fairness
agreement,2,mixtral:8x7b,moderate,5.0,fairness
agreement,2,mixtral:8x7b,moderate,5.0,fairness
agreement,2,mixtral:8x7b,moderate,5.0,fairness
agreement,2,mixtral:8x7b,moderate,5.0,fairness
agreement,2,mixtral:8x7b,moderate,5.0,fairness
agreement,2,mixtral:8x7b,moderate,5.0,fairness
agreement,2,mixtral:8x7b,moderate,5.0,fairness
agreement,2,mixtral:8x7b,moderate,5.0,fairness
agreement,2,mixtral:8x7b,moderate,5.0,fairness
agreement,2,mixtral:8x7b,moderate,5.0,fairness
agreement,2,mixtral:8x7b,moderate,5.0,fairness
agreement,2,mixtral:8x7b,moderate,5.0,fairness
agreement,2,mixtral:8x7b,moderate,5.0,fairness
agreement,2,mixtral:8x7b,moderate,5.0,fairness
agreement,2,mixtral:8x7b,moderate,5.0,fairness
agreement,2,mixtral:8x7b,moderate,5.0,fairness
agreement,2,mixtral:8x7b,moderate,5.0,fairness
agreement,2,mixtral:8x7b,moderate,5.0,fairness
agreement,2,mixtral:8x7b,moderate,5.0,fairness
agreement,2,mixtral:8x7b,moderate,5.0,fairness
agreement,2,mixtral:8x7b,liberal,5.0,fairness
agreement,2,mixtral:8x7b,liberal,5.0,fairness
agreement,2,mixtral:8x7b,liberal,5.0,fairness
agreement,2,mixtral:8x7b,liberal,5.0,fairness
agreement,2,mixtral:8x7b,liberal,5.0,fairness
agreement,2,mixtral:8x7b,liberal,5.0,fairness
agreement,2,mixtral:8x7b,liberal,5.0,fairness
agreement,2,mixtral:8x7b,liberal,5.0,fairness
agreement,2,mixtral:8x7b,liberal,5.0,fairness
agreement,2,mixtral:8x7b,liberal,5.0,fairness
agreement,2,mixtral:8x7b,liberal,5.0,fairness
agreement,2,mixtral:8x7b,liberal,5.0,fairness
agreement,2,mixtral:8x7b,liberal,5.0,fairness
agreement,2,mixtral:8x7b,liberal,5.0,fairness
agreement,2,mixtral:8x7b,liberal,5.0,fairness
agreement,2,mixtral:8x7b,liberal,5.0,fairness
agreement,2,mixtral:8x7b,liberal,5.0,fairness
agreement,2,mixtral:8x7b,liberal,5.0,fairness
agreement,2,mixtral:8x7b,liberal,5.0,fairness
agreement,2,mixtral:8x7b,liberal,5.0,fairness
agreement,2,mixtral:8x7b,liberal,5.0,fairness
agreement,2,mixtral:8x7b,liberal,5.0,fairness
agreement,2,mixtral:8x7b,liberal,5.0,fairness
agreement,2,mixtral:8x7b,liberal,5.0,fairness
agreement,2,mixtral:8x7b,liberal,5.0,fairness
agreement,2,mixtral:8x7b,liberal,5.0,fairness
agreement,2,mixtral:8x7b,liberal,5.0,fairness
agreement,2,mixtral:8x7b,liberal,5.0,fairness
agreement,2,mixtral:8x7b,liberal,5.0,fairness
agreement,2,mixtral:8x7b,liberal,5.0,fairness
agreement,2,mixtral:8x7b,liberal,5.0,fairness
agreement,2,mixtral:8x7b,liberal,5.0,fairness
agreement,2,mixtral:8x7b,liberal,5.0,fairness
agreement,2,mixtral:8x7b,liberal,5.0,fairness
agreement,2,mixtral:8x7b,liberal,5.0,fairness
agreement,2,mixtral:8x7b,liberal,5.0,fairness
agreement,2,mixtral:8x7b,liberal,5.0,fairness
agreement,2,mixtral:8x7b,liberal,5.0,fairness
agreement,2,mixtral:8x7b,liberal,5.0,fairness
agreement,2,mixtral:8x7b,liberal,5.0,fairness
agreement,2,mixtral:8x7b,liberal,5.0,fairness
agreement,2,mixtral:8x7b,liberal,5.0,fairness
agreement,2,mixtral:8x7b,liberal,5.0,fairness
agreement,2,mixtral:8x7b,liberal,5.0,fairness
agreement,2,mixtral:8x7b,liberal,5.0,fairness
agreement,2,mixtral:8x7b,liberal,5.0,fairness
agreement,2,mixtral:8x7b,liberal,5.0,fairness
agreement,2,mixtral:8x7b,liberal,5.0,fairness
agreement,2,mixtral:8x7b,liberal,5.0,fairness
agreement,2,mixtral:8x7b,liberal,5.0,fairness
agreement,2,phi3:14b,conservative,4.0,fairness
agreement,2,phi3:14b,conservative,5.0,fairness
agreement,2,phi3:14b,conservative,5.0,fairness
agreement,2,phi3:14b,conservative,5.0,fairness
agreement,2,phi3:14b,conservative,5.0,fairness
agreement,2,phi3:14b,conservative,5.0,fairness
agreement,2,phi3:14b,conservative,4.0,fairness
agreement,2,phi3:14b,conservative,4.0,fairness
agreement,2,phi3:14b,conservative,5.0,fairness
agreement,2,phi3:14b,conservative,5.0,fairness
agreement,2,phi3:14b,conservative,5.0,fairness
agreement,2,phi3:14b,conservative,5.0,fairness
agreement,2,phi3:14b,conservative,5.0,fairness
agreement,2,phi3:14b,conservative,5.0,fairness
agreement,2,phi3:14b,conservative,5.0,fairness
agreement,2,phi3:14b,conservative,5.0,fairness
agreement,2,phi3:14b,conservative,5.0,fairness
agreement,2,phi3:14b,conservative,5.0,fairness
agreement,2,phi3:14b,conservative,4.0,fairness
agreement,2,phi3:14b,conservative,5.0,fairness
agreement,2,phi3:14b,conservative,5.0,fairness
agreement,2,phi3:14b,conservative,5.0,fairness
agreement,2,phi3:14b,conservative,5.0,fairness
agreement,2,phi3:14b,conservative,5.0,fairness
agreement,2,phi3:14b,conservative,5.0,fairness
agreement,2,phi3:14b,conservative,4.0,fairness
agreement,2,phi3:14b,conservative,5.0,fairness
agreement,2,phi3:14b,conservative,5.0,fairness
agreement,2,phi3:14b,conservative,5.0,fairness
agreement,2,phi3:14b,conservative,5.0,fairness
agreement,2,phi3:14b,conservative,5.0,fairness
agreement,2,phi3:14b,conservative,5.0,fairness
agreement,2,phi3:14b,conservative,5.0,fairness
agreement,2,phi3:14b,conservative,5.0,fairness
agreement,2,phi3:14b,conservative,5.0,fairness
agreement,2,phi3:14b,conservative,5.0,fairness
agreement,2,phi3:14b,conservative,5.0,fairness
agreement,2,phi3:14b,conservative,5.0,fairness
agreement,2,phi3:14b,conservative,5.0,fairness
agreement,2,phi3:14b,conservative,5.0,fairness
agreement,2,phi3:14b,conservative,5.0,fairness
agreement,2,phi3:14b,conservative,5.0,fairness
agreement,2,phi3:14b,conservative,5.0,fairness
agreement,2,phi3:14b,conservative,5.0,fairness
agreement,2,phi3:14b,conservative,5.0,fairness
agreement,2,phi3:14b,conservative,5.0,fairness
agreement,2,phi3:14b,conservative,5.0,fairness
agreement,2,phi3:14b,conservative,5.0,fairness
agreement,2,phi3:14b,conservative,5.0,fairness
agreement,2,phi3:14b,conservative,5.0,fairness
agreement,2,phi3:14b,moderate,5.0,fairness
agreement,2,phi3:14b,moderate,5.0,fairness
agreement,2,phi3:14b,moderate,5.0,fairness
agreement,2,phi3:14b,moderate,5.0,fairness
agreement,2,phi3:14b,moderate,5.0,fairness
agreement,2,phi3:14b,moderate,5.0,fairness
agreement,2,phi3:14b,moderate,5.0,fairness
agreement,2,phi3:14b,moderate,5.0,fairness
agreement,2,phi3:14b,moderate,5.0,fairness
agreement,2,phi3:14b,moderate,5.0,fairness
agreement,2,phi3:14b,moderate,5.0,fairness
agreement,2,phi3:14b,moderate,5.0,fairness
agreement,2,phi3:14b,moderate,5.0,fairness
agreement,2,phi3:14b,moderate,5.0,fairness
agreement,2,phi3:14b,moderate,5.0,fairness
agreement,2,phi3:14b,moderate,5.0,fairness
agreement,2,phi3:14b,moderate,5.0,fairness
agreement,2,phi3:14b,moderate,5.0,fairness
agreement,2,phi3:14b,moderate,5.0,fairness
agreement,2,phi3:14b,moderate,5.0,fairness
agreement,2,phi3:14b,moderate,5.0,fairness
agreement,2,phi3:14b,moderate,5.0,fairness
agreement,2,phi3:14b,moderate,5.0,fairness
agreement,2,phi3:14b,moderate,5.0,fairness
agreement,2,phi3:14b,moderate,5.0,fairness
agreement,2,phi3:14b,moderate,5.0,fairness
agreement,2,phi3:14b,moderate,5.0,fairness
agreement,2,phi3:14b,moderate,5.0,fairness
agreement,2,phi3:14b,moderate,5.0,fairness
agreement,2,phi3:14b,moderate,5.0,fairness
agreement,2,phi3:14b,moderate,5.0,fairness
agreement,2,phi3:14b,moderate,5.0,fairness
agreement,2,phi3:14b,moderate,5.0,fairness
agreement,2,phi3:14b,moderate,5.0,fairness
agreement,2,phi3:14b,moderate,5.0,fairness
agreement,2,phi3:14b,moderate,5.0,fairness
agreement,2,phi3:14b,moderate,5.0,fairness
agreement,2,phi3:14b,moderate,5.0,fairness
agreement,2,phi3:14b,moderate,5.0,fairness
agreement,2,phi3:14b,moderate,5.0,fairness
agreement,2,phi3:14b,moderate,5.0,fairness
agreement,2,phi3:14b,moderate,5.0,fairness
agreement,2,phi3:14b,moderate,5.0,fairness
agreement,2,phi3:14b,moderate,5.0,fairness
agreement,2,phi3:14b,moderate,5.0,fairness
agreement,2,phi3:14b,moderate,5.0,fairness
agreement,2,phi3:14b,moderate,5.0,fairness
agreement,2,phi3:14b,moderate,5.0,fairness
agreement,2,phi3:14b,moderate,5.0,fairness
agreement,2,phi3:14b,moderate,5.0,fairness
agreement,2,phi3:14b,liberal,5.0,fairness
agreement,2,phi3:14b,liberal,5.0,fairness
agreement,2,phi3:14b,liberal,5.0,fairness
agreement,2,phi3:14b,liberal,5.0,fairness
agreement,2,phi3:14b,liberal,5.0,fairness
agreement,2,phi3:14b,liberal,5.0,fairness
agreement,2,phi3:14b,liberal,5.0,fairness
agreement,2,phi3:14b,liberal,5.0,fairness
agreement,2,phi3:14b,liberal,5.0,fairness
agreement,2,phi3:14b,liberal,5.0,fairness
agreement,2,phi3:14b,liberal,5.0,fairness
agreement,2,phi3:14b,liberal,5.0,fairness
agreement,2,phi3:14b,liberal,5.0,fairness
agreement,2,phi3:14b,liberal,5.0,fairness
agreement,2,phi3:14b,liberal,5.0,fairness
agreement,2,phi3:14b,liberal,5.0,fairness
agreement,2,phi3:14b,liberal,5.0,fairness
agreement,2,phi3:14b,liberal,5.0,fairness
agreement,2,phi3:14b,liberal,5.0,fairness
agreement,2,phi3:14b,liberal,5.0,fairness
agreement,2,phi3:14b,liberal,5.0,fairness
agreement,2,phi3:14b,liberal,5.0,fairness
agreement,2,phi3:14b,liberal,5.0,fairness
agreement,2,phi3:14b,liberal,5.0,fairness
agreement,2,phi3:14b,liberal,5.0,fairness
agreement,2,phi3:14b,liberal,5.0,fairness
agreement,2,phi3:14b,liberal,5.0,fairness
agreement,2,phi3:14b,liberal,5.0,fairness
agreement,2,phi3:14b,liberal,5.0,fairness
agreement,2,phi3:14b,liberal,5.0,fairness
agreement,2,phi3:14b,liberal,5.0,fairness
agreement,2,phi3:14b,liberal,5.0,fairness
agreement,2,phi3:14b,liberal,5.0,fairness
agreement,2,phi3:14b,liberal,5.0,fairness
agreement,2,phi3:14b,liberal,5.0,fairness
agreement,2,phi3:14b,liberal,5.0,fairness
agreement,2,phi3:14b,liberal,5.0,fairness
agreement,2,phi3:14b,liberal,5.0,fairness
agreement,2,phi3:14b,liberal,5.0,fairness
agreement,2,phi3:14b,liberal,5.0,fairness
agreement,2,phi3:14b,liberal,5.0,fairness
agreement,2,phi3:14b,liberal,5.0,fairness
agreement,2,phi3:14b,liberal,5.0,fairness
agreement,2,phi3:14b,liberal,5.0,fairness
agreement,2,phi3:14b,liberal,5.0,fairness
agreement,2,phi3:14b,liberal,5.0,fairness
agreement,2,phi3:14b,liberal,5.0,fairness
agreement,2,phi3:14b,liberal,5.0,fairness
agreement,2,phi3:14b,liberal,5.0,fairness
agreement,2,phi3:14b,liberal,5.0,fairness
agreement,2,gemma:7b,conservative,4.0,fairness
agreement,2,gemma:7b,conservative,2.0,fairness
agreement,2,gemma:7b,conservative,4.0,fairness
agreement,2,gemma:7b,conservative,5.0,fairness
agreement,2,gemma:7b,conservative,4.0,fairness
agreement,2,gemma:7b,conservative,4.0,fairness
agreement,2,gemma:7b,conservative,2.0,fairness
agreement,2,gemma:7b,conservative,4.0,fairness
agreement,2,gemma:7b,conservative,4.0,fairness
agreement,2,gemma:7b,conservative,1.0,fairness
agreement,2,gemma:7b,conservative,2.0,fairness
agreement,2,gemma:7b,conservative,1.0,fairness
agreement,2,gemma:7b,conservative,4.0,fairness
agreement,2,gemma:7b,conservative,2.0,fairness
agreement,2,gemma:7b,conservative,2.0,fairness
agreement,2,gemma:7b,conservative,4.0,fairness
agreement,2,gemma:7b,conservative,1.0,fairness
agreement,2,gemma:7b,conservative,4.0,fairness
agreement,2,gemma:7b,conservative,2.0,fairness
agreement,2,gemma:7b,conservative,4.0,fairness
agreement,2,gemma:7b,conservative,4.0,fairness
agreement,2,gemma:7b,conservative,4.0,fairness
agreement,2,gemma:7b,conservative,4.0,fairness
agreement,2,gemma:7b,conservative,2.0,fairness
agreement,2,gemma:7b,conservative,4.0,fairness
agreement,2,gemma:7b,conservative,2.0,fairness
agreement,2,gemma:7b,conservative,2.0,fairness
agreement,2,gemma:7b,conservative,2.0,fairness
agreement,2,gemma:7b,conservative,2.0,fairness
agreement,2,gemma:7b,conservative,4.0,fairness
agreement,2,gemma:7b,conservative,4.0,fairness
agreement,2,gemma:7b,conservative,4.0,fairness
agreement,2,gemma:7b,conservative,4.0,fairness
agreement,2,gemma:7b,conservative,4.0,fairness
agreement,2,gemma:7b,conservative,4.0,fairness
agreement,2,gemma:7b,conservative,4.0,fairness
agreement,2,gemma:7b,conservative,4.0,fairness
agreement,2,gemma:7b,conservative,4.0,fairness
agreement,2,gemma:7b,conservative,4.0,fairness
agreement,2,gemma:7b,conservative,4.0,fairness
agreement,2,gemma:7b,conservative,4.0,fairness
agreement,2,gemma:7b,conservative,2.0,fairness
agreement,2,gemma:7b,conservative,2.0,fairness
agreement,2,gemma:7b,conservative,2.0,fairness
agreement,2,gemma:7b,conservative,4.0,fairness
agreement,2,gemma:7b,conservative,4.0,fairness
agreement,2,gemma:7b,conservative,4.0,fairness
agreement,2,gemma:7b,conservative,4.0,fairness
agreement,2,gemma:7b,conservative,2.0,fairness
agreement,2,gemma:7b,conservative,4.0,fairness
agreement,2,gemma:7b,moderate,4.0,fairness
agreement,2,gemma:7b,moderate,4.0,fairness
agreement,2,gemma:7b,moderate,4.0,fairness
agreement,2,gemma:7b,moderate,5.0,fairness
agreement,2,gemma:7b,moderate,5.0,fairness
agreement,2,gemma:7b,moderate,5.0,fairness
agreement,2,gemma:7b,moderate,4.0,fairness
agreement,2,gemma:7b,moderate,5.0,fairness
agreement,2,gemma:7b,moderate,5.0,fairness
agreement,2,gemma:7b,moderate,4.0,fairness
agreement,2,gemma:7b,moderate,5.0,fairness
agreement,2,gemma:7b,moderate,4.0,fairness
agreement,2,gemma:7b,moderate,4.0,fairness
agreement,2,gemma:7b,moderate,4.0,fairness
agreement,2,gemma:7b,moderate,4.0,fairness
agreement,2,gemma:7b,moderate,4.0,fairness
agreement,2,gemma:7b,moderate,5.0,fairness
agreement,2,gemma:7b,moderate,4.0,fairness
agreement,2,gemma:7b,moderate,5.0,fairness
agreement,2,gemma:7b,moderate,5.0,fairness
agreement,2,gemma:7b,moderate,4.0,fairness
agreement,2,gemma:7b,moderate,4.0,fairness
agreement,2,gemma:7b,moderate,5.0,fairness
agreement,2,gemma:7b,moderate,5.0,fairness
agreement,2,gemma:7b,moderate,4.0,fairness
agreement,2,gemma:7b,moderate,5.0,fairness
agreement,2,gemma:7b,moderate,5.0,fairness
agreement,2,gemma:7b,moderate,5.0,fairness
agreement,2,gemma:7b,moderate,4.0,fairness
agreement,2,gemma:7b,moderate,4.0,fairness
agreement,2,gemma:7b,moderate,4.0,fairness
agreement,2,gemma:7b,moderate,5.0,fairness
agreement,2,gemma:7b,moderate,5.0,fairness
agreement,2,gemma:7b,moderate,4.0,fairness
agreement,2,gemma:7b,moderate,4.0,fairness
agreement,2,gemma:7b,moderate,4.0,fairness
agreement,2,gemma:7b,moderate,4.0,fairness
agreement,2,gemma:7b,moderate,4.0,fairness
agreement,2,gemma:7b,moderate,4.0,fairness
agreement,2,gemma:7b,moderate,5.0,fairness
agreement,2,gemma:7b,moderate,4.0,fairness
agreement,2,gemma:7b,moderate,4.0,fairness
agreement,2,gemma:7b,moderate,4.0,fairness
agreement,2,gemma:7b,moderate,4.0,fairness
agreement,2,gemma:7b,moderate,4.0,fairness
agreement,2,gemma:7b,moderate,4.0,fairness
agreement,2,gemma:7b,moderate,5.0,fairness
agreement,2,gemma:7b,moderate,4.0,fairness
agreement,2,gemma:7b,moderate,4.0,fairness
agreement,2,gemma:7b,moderate,5.0,fairness
agreement,2,gemma:7b,liberal,5.0,fairness
agreement,2,gemma:7b,liberal,5.0,fairness
agreement,2,gemma:7b,liberal,5.0,fairness
agreement,2,gemma:7b,liberal,5.0,fairness
agreement,2,gemma:7b,liberal,5.0,fairness
agreement,2,gemma:7b,liberal,5.0,fairness
agreement,2,gemma:7b,liberal,5.0,fairness
agreement,2,gemma:7b,liberal,5.0,fairness
agreement,2,gemma:7b,liberal,5.0,fairness
agreement,2,gemma:7b,liberal,5.0,fairness
agreement,2,gemma:7b,liberal,5.0,fairness
agreement,2,gemma:7b,liberal,5.0,fairness
agreement,2,gemma:7b,liberal,5.0,fairness
agreement,2,gemma:7b,liberal,5.0,fairness
agreement,2,gemma:7b,liberal,5.0,fairness
agreement,2,gemma:7b,liberal,5.0,fairness
agreement,2,gemma:7b,liberal,5.0,fairness
agreement,2,gemma:7b,liberal,5.0,fairness
agreement,2,gemma:7b,liberal,5.0,fairness
agreement,2,gemma:7b,liberal,5.0,fairness
agreement,2,gemma:7b,liberal,5.0,fairness
agreement,2,gemma:7b,liberal,5.0,fairness
agreement,2,gemma:7b,liberal,5.0,fairness
agreement,2,gemma:7b,liberal,5.0,fairness
agreement,2,gemma:7b,liberal,5.0,fairness
agreement,2,gemma:7b,liberal,5.0,fairness
agreement,2,gemma:7b,liberal,5.0,fairness
agreement,2,gemma:7b,liberal,5.0,fairness
agreement,2,gemma:7b,liberal,5.0,fairness
agreement,2,gemma:7b,liberal,5.0,fairness
agreement,2,gemma:7b,liberal,5.0,fairness
agreement,2,gemma:7b,liberal,5.0,fairness
agreement,2,gemma:7b,liberal,5.0,fairness
agreement,2,gemma:7b,liberal,5.0,fairness
agreement,2,gemma:7b,liberal,5.0,fairness
agreement,2,gemma:7b,liberal,5.0,fairness
agreement,2,gemma:7b,liberal,5.0,fairness
agreement,2,gemma:7b,liberal,5.0,fairness
agreement,2,gemma:7b,liberal,5.0,fairness
agreement,2,gemma:7b,liberal,5.0,fairness
agreement,2,gemma:7b,liberal,5.0,fairness
agreement,2,gemma:7b,liberal,5.0,fairness
agreement,2,gemma:7b,liberal,5.0,fairness
agreement,2,gemma:7b,liberal,5.0,fairness
agreement,2,gemma:7b,liberal,5.0,fairness
agreement,2,gemma:7b,liberal,5.0,fairness
agreement,2,gemma:7b,liberal,5.0,fairness
agreement,2,gemma:7b,liberal,5.0,fairness
agreement,2,gemma:7b,liberal,5.0,fairness
agreement,2,gemma:7b,liberal,5.0,fairness
agreement,2,gemma2:27b,conservative,5.0,fairness
agreement,2,gemma2:27b,conservative,5.0,fairness
agreement,2,gemma2:27b,conservative,5.0,fairness
agreement,2,gemma2:27b,conservative,5.0,fairness
agreement,2,gemma2:27b,conservative,5.0,fairness
agreement,2,gemma2:27b,conservative,5.0,fairness
agreement,2,gemma2:27b,conservative,5.0,fairness
agreement,2,gemma2:27b,conservative,5.0,fairness
agreement,2,gemma2:27b,conservative,5.0,fairness
agreement,2,gemma2:27b,conservative,5.0,fairness
agreement,2,gemma2:27b,conservative,5.0,fairness
agreement,2,gemma2:27b,conservative,5.0,fairness
agreement,2,gemma2:27b,conservative,5.0,fairness
agreement,2,gemma2:27b,conservative,5.0,fairness
agreement,2,gemma2:27b,conservative,5.0,fairness
agreement,2,gemma2:27b,conservative,5.0,fairness
agreement,2,gemma2:27b,conservative,5.0,fairness
agreement,2,gemma2:27b,conservative,5.0,fairness
agreement,2,gemma2:27b,conservative,5.0,fairness
agreement,2,gemma2:27b,conservative,5.0,fairness
agreement,2,gemma2:27b,conservative,5.0,fairness
agreement,2,gemma2:27b,conservative,5.0,fairness
agreement,2,gemma2:27b,conservative,5.0,fairness
agreement,2,gemma2:27b,conservative,5.0,fairness
agreement,2,gemma2:27b,conservative,5.0,fairness
agreement,2,gemma2:27b,conservative,5.0,fairness
agreement,2,gemma2:27b,conservative,5.0,fairness
agreement,2,gemma2:27b,conservative,5.0,fairness
agreement,2,gemma2:27b,conservative,5.0,fairness
agreement,2,gemma2:27b,conservative,5.0,fairness
agreement,2,gemma2:27b,conservative,5.0,fairness
agreement,2,gemma2:27b,conservative,5.0,fairness
agreement,2,gemma2:27b,conservative,5.0,fairness
agreement,2,gemma2:27b,conservative,5.0,fairness
agreement,2,gemma2:27b,conservative,5.0,fairness
agreement,2,gemma2:27b,conservative,5.0,fairness
agreement,2,gemma2:27b,conservative,5.0,fairness
agreement,2,gemma2:27b,conservative,5.0,fairness
agreement,2,gemma2:27b,conservative,5.0,fairness
agreement,2,gemma2:27b,conservative,5.0,fairness
agreement,2,gemma2:27b,conservative,5.0,fairness
agreement,2,gemma2:27b,conservative,5.0,fairness
agreement,2,gemma2:27b,conservative,5.0,fairness
agreement,2,gemma2:27b,conservative,5.0,fairness
agreement,2,gemma2:27b,conservative,5.0,fairness
agreement,2,gemma2:27b,conservative,5.0,fairness
agreement,2,gemma2:27b,conservative,5.0,fairness
agreement,2,gemma2:27b,conservative,5.0,fairness
agreement,2,gemma2:27b,conservative,5.0,fairness
agreement,2,gemma2:27b,conservative,5.0,fairness
agreement,2,gemma2:27b,moderate,5.0,fairness
agreement,2,gemma2:27b,moderate,5.0,fairness
agreement,2,gemma2:27b,moderate,5.0,fairness
agreement,2,gemma2:27b,moderate,5.0,fairness
agreement,2,gemma2:27b,moderate,5.0,fairness
agreement,2,gemma2:27b,moderate,5.0,fairness
agreement,2,gemma2:27b,moderate,5.0,fairness
agreement,2,gemma2:27b,moderate,5.0,fairness
agreement,2,gemma2:27b,moderate,5.0,fairness
agreement,2,gemma2:27b,moderate,5.0,fairness
agreement,2,gemma2:27b,moderate,5.0,fairness
agreement,2,gemma2:27b,moderate,5.0,fairness
agreement,2,gemma2:27b,moderate,5.0,fairness
agreement,2,gemma2:27b,moderate,5.0,fairness
agreement,2,gemma2:27b,moderate,5.0,fairness
agreement,2,gemma2:27b,moderate,5.0,fairness
agreement,2,gemma2:27b,moderate,5.0,fairness
agreement,2,gemma2:27b,moderate,5.0,fairness
agreement,2,gemma2:27b,moderate,5.0,fairness
agreement,2,gemma2:27b,moderate,5.0,fairness
agreement,2,gemma2:27b,moderate,5.0,fairness
agreement,2,gemma2:27b,moderate,5.0,fairness
agreement,2,gemma2:27b,moderate,5.0,fairness
agreement,2,gemma2:27b,moderate,5.0,fairness
agreement,2,gemma2:27b,moderate,5.0,fairness
agreement,2,gemma2:27b,moderate,5.0,fairness
agreement,2,gemma2:27b,moderate,5.0,fairness
agreement,2,gemma2:27b,moderate,5.0,fairness
agreement,2,gemma2:27b,moderate,5.0,fairness
agreement,2,gemma2:27b,moderate,5.0,fairness
agreement,2,gemma2:27b,moderate,5.0,fairness
agreement,2,gemma2:27b,moderate,5.0,fairness
agreement,2,gemma2:27b,moderate,5.0,fairness
agreement,2,gemma2:27b,moderate,5.0,fairness
agreement,2,gemma2:27b,moderate,5.0,fairness
agreement,2,gemma2:27b,moderate,5.0,fairness
agreement,2,gemma2:27b,moderate,5.0,fairness
agreement,2,gemma2:27b,moderate,5.0,fairness
agreement,2,gemma2:27b,moderate,5.0,fairness
agreement,2,gemma2:27b,moderate,5.0,fairness
agreement,2,gemma2:27b,moderate,5.0,fairness
agreement,2,gemma2:27b,moderate,5.0,fairness
agreement,2,gemma2:27b,moderate,5.0,fairness
agreement,2,gemma2:27b,moderate,5.0,fairness
agreement,2,gemma2:27b,moderate,5.0,fairness
agreement,2,gemma2:27b,moderate,5.0,fairness
agreement,2,gemma2:27b,moderate,5.0,fairness
agreement,2,gemma2:27b,moderate,5.0,fairness
agreement,2,gemma2:27b,moderate,5.0,fairness
agreement,2,gemma2:27b,moderate,5.0,fairness
agreement,2,gemma2:27b,liberal,5.0,fairness
agreement,2,gemma2:27b,liberal,5.0,fairness
agreement,2,gemma2:27b,liberal,5.0,fairness
agreement,2,gemma2:27b,liberal,5.0,fairness
agreement,2,gemma2:27b,liberal,5.0,fairness
agreement,2,gemma2:27b,liberal,5.0,fairness
agreement,2,gemma2:27b,liberal,5.0,fairness
agreement,2,gemma2:27b,liberal,5.0,fairness
agreement,2,gemma2:27b,liberal,5.0,fairness
agreement,2,gemma2:27b,liberal,5.0,fairness
agreement,2,gemma2:27b,liberal,5.0,fairness
agreement,2,gemma2:27b,liberal,5.0,fairness
agreement,2,gemma2:27b,liberal,5.0,fairness
agreement,2,gemma2:27b,liberal,5.0,fairness
agreement,2,gemma2:27b,liberal,5.0,fairness
agreement,2,gemma2:27b,liberal,5.0,fairness
agreement,2,gemma2:27b,liberal,5.0,fairness
agreement,2,gemma2:27b,liberal,5.0,fairness
agreement,2,gemma2:27b,liberal,5.0,fairness
agreement,2,gemma2:27b,liberal,5.0,fairness
agreement,2,gemma2:27b,liberal,5.0,fairness
agreement,2,gemma2:27b,liberal,5.0,fairness
agreement,2,gemma2:27b,liberal,5.0,fairness
agreement,2,gemma2:27b,liberal,5.0,fairness
agreement,2,gemma2:27b,liberal,5.0,fairness
agreement,2,gemma2:27b,liberal,5.0,fairness
agreement,2,gemma2:27b,liberal,5.0,fairness
agreement,2,gemma2:27b,liberal,5.0,fairness
agreement,2,gemma2:27b,liberal,5.0,fairness
agreement,2,gemma2:27b,liberal,5.0,fairness
agreement,2,gemma2:27b,liberal,5.0,fairness
agreement,2,gemma2:27b,liberal,5.0,fairness
agreement,2,gemma2:27b,liberal,5.0,fairness
agreement,2,gemma2:27b,liberal,5.0,fairness
agreement,2,gemma2:27b,liberal,5.0,fairness
agreement,2,gemma2:27b,liberal,5.0,fairness
agreement,2,gemma2:27b,liberal,5.0,fairness
agreement,2,gemma2:27b,liberal,5.0,fairness
agreement,2,gemma2:27b,liberal,5.0,fairness
agreement,2,gemma2:27b,liberal,5.0,fairness
agreement,2,gemma2:27b,liberal,5.0,fairness
agreement,2,gemma2:27b,liberal,5.0,fairness
agreement,2,gemma2:27b,liberal,5.0,fairness
agreement,2,gemma2:27b,liberal,5.0,fairness
agreement,2,gemma2:27b,liberal,5.0,fairness
agreement,2,gemma2:27b,liberal,5.0,fairness
agreement,2,gemma2:27b,liberal,5.0,fairness
agreement,2,gemma2:27b,liberal,5.0,fairness
agreement,2,gemma2:27b,liberal,5.0,fairness
agreement,2,gemma2:27b,liberal,5.0,fairness
agreement,2,qwen:72b,conservative,5.0,fairness
agreement,2,qwen:72b,conservative,5.0,fairness
agreement,2,qwen:72b,conservative,5.0,fairness
agreement,2,qwen:72b,conservative,5.0,fairness
agreement,2,qwen:72b,conservative,5.0,fairness
agreement,2,qwen:72b,conservative,5.0,fairness
agreement,2,qwen:72b,conservative,5.0,fairness
agreement,2,qwen:72b,conservative,5.0,fairness
agreement,2,qwen:72b,conservative,5.0,fairness
agreement,2,qwen:72b,conservative,5.0,fairness
agreement,2,qwen:72b,conservative,5.0,fairness
agreement,2,qwen:72b,conservative,5.0,fairness
agreement,2,qwen:72b,conservative,5.0,fairness
agreement,2,qwen:72b,conservative,5.0,fairness
agreement,2,qwen:72b,conservative,5.0,fairness
agreement,2,qwen:72b,conservative,5.0,fairness
agreement,2,qwen:72b,conservative,5.0,fairness
agreement,2,qwen:72b,conservative,5.0,fairness
agreement,2,qwen:72b,conservative,5.0,fairness
agreement,2,qwen:72b,conservative,5.0,fairness
agreement,2,qwen:72b,conservative,5.0,fairness
agreement,2,qwen:72b,conservative,5.0,fairness
agreement,2,qwen:72b,conservative,5.0,fairness
agreement,2,qwen:72b,conservative,5.0,fairness
agreement,2,qwen:72b,conservative,5.0,fairness
agreement,2,qwen:72b,conservative,5.0,fairness
agreement,2,qwen:72b,conservative,5.0,fairness
agreement,2,qwen:72b,conservative,5.0,fairness
agreement,2,qwen:72b,conservative,5.0,fairness
agreement,2,qwen:72b,conservative,5.0,fairness
agreement,2,qwen:72b,conservative,5.0,fairness
agreement,2,qwen:72b,conservative,5.0,fairness
agreement,2,qwen:72b,conservative,5.0,fairness
agreement,2,qwen:72b,conservative,5.0,fairness
agreement,2,qwen:72b,conservative,5.0,fairness
agreement,2,qwen:72b,conservative,5.0,fairness
agreement,2,qwen:72b,conservative,5.0,fairness
agreement,2,qwen:72b,conservative,5.0,fairness
agreement,2,qwen:72b,conservative,5.0,fairness
agreement,2,qwen:72b,conservative,5.0,fairness
agreement,2,qwen:72b,conservative,5.0,fairness
agreement,2,qwen:72b,conservative,5.0,fairness
agreement,2,qwen:72b,conservative,5.0,fairness
agreement,2,qwen:72b,conservative,5.0,fairness
agreement,2,qwen:72b,conservative,5.0,fairness
agreement,2,qwen:72b,conservative,5.0,fairness
agreement,2,qwen:72b,conservative,5.0,fairness
agreement,2,qwen:72b,conservative,5.0,fairness
agreement,2,qwen:72b,conservative,5.0,fairness
agreement,2,qwen:72b,moderate,5.0,fairness
agreement,2,qwen:72b,moderate,5.0,fairness
agreement,2,qwen:72b,moderate,5.0,fairness
agreement,2,qwen:72b,moderate,5.0,fairness
agreement,2,qwen:72b,moderate,5.0,fairness
agreement,2,qwen:72b,moderate,5.0,fairness
agreement,2,qwen:72b,moderate,5.0,fairness
agreement,2,qwen:72b,moderate,5.0,fairness
agreement,2,qwen:72b,moderate,5.0,fairness
agreement,2,qwen:72b,moderate,5.0,fairness
agreement,2,qwen:72b,moderate,5.0,fairness
agreement,2,qwen:72b,moderate,5.0,fairness
agreement,2,qwen:72b,moderate,5.0,fairness
agreement,2,qwen:72b,moderate,5.0,fairness
agreement,2,qwen:72b,moderate,5.0,fairness
agreement,2,qwen:72b,moderate,5.0,fairness
agreement,2,qwen:72b,moderate,5.0,fairness
agreement,2,qwen:72b,moderate,5.0,fairness
agreement,2,qwen:72b,moderate,5.0,fairness
agreement,2,qwen:72b,moderate,5.0,fairness
agreement,2,qwen:72b,moderate,5.0,fairness
agreement,2,qwen:72b,moderate,5.0,fairness
agreement,2,qwen:72b,moderate,5.0,fairness
agreement,2,qwen:72b,moderate,5.0,fairness
agreement,2,qwen:72b,moderate,5.0,fairness
agreement,2,qwen:72b,moderate,5.0,fairness
agreement,2,qwen:72b,moderate,5.0,fairness
agreement,2,qwen:72b,moderate,5.0,fairness
agreement,2,qwen:72b,moderate,5.0,fairness
agreement,2,qwen:72b,moderate,5.0,fairness
agreement,2,qwen:72b,moderate,5.0,fairness
agreement,2,qwen:72b,moderate,5.0,fairness
agreement,2,qwen:72b,moderate,5.0,fairness
agreement,2,qwen:72b,moderate,5.0,fairness
agreement,2,qwen:72b,moderate,5.0,fairness
agreement,2,qwen:72b,moderate,5.0,fairness
agreement,2,qwen:72b,moderate,5.0,fairness
agreement,2,qwen:72b,moderate,5.0,fairness
agreement,2,qwen:72b,moderate,5.0,fairness
agreement,2,qwen:72b,moderate,5.0,fairness
agreement,2,qwen:72b,moderate,5.0,fairness
agreement,2,qwen:72b,moderate,5.0,fairness
agreement,2,qwen:72b,moderate,5.0,fairness
agreement,2,qwen:72b,moderate,5.0,fairness
agreement,2,qwen:72b,moderate,5.0,fairness
agreement,2,qwen:72b,moderate,5.0,fairness
agreement,2,qwen:72b,moderate,5.0,fairness
agreement,2,qwen:72b,moderate,5.0,fairness
agreement,2,qwen:72b,moderate,5.0,fairness
agreement,2,qwen:72b,moderate,5.0,fairness
agreement,2,qwen:72b,liberal,5.0,fairness
agreement,2,qwen:72b,liberal,5.0,fairness
agreement,2,qwen:72b,liberal,5.0,fairness
agreement,2,qwen:72b,liberal,5.0,fairness
agreement,2,qwen:72b,liberal,5.0,fairness
agreement,2,qwen:72b,liberal,5.0,fairness
agreement,2,qwen:72b,liberal,5.0,fairness
agreement,2,qwen:72b,liberal,5.0,fairness
agreement,2,qwen:72b,liberal,5.0,fairness
agreement,2,qwen:72b,liberal,5.0,fairness
agreement,2,qwen:72b,liberal,5.0,fairness
agreement,2,qwen:72b,liberal,5.0,fairness
agreement,2,qwen:72b,liberal,5.0,fairness
agreement,2,qwen:72b,liberal,5.0,fairness
agreement,2,qwen:72b,liberal,5.0,fairness
agreement,2,qwen:72b,liberal,5.0,fairness
agreement,2,qwen:72b,liberal,5.0,fairness
agreement,2,qwen:72b,liberal,5.0,fairness
agreement,2,qwen:72b,liberal,5.0,fairness
agreement,2,qwen:72b,liberal,5.0,fairness
agreement,2,qwen:72b,liberal,5.0,fairness
agreement,2,qwen:72b,liberal,5.0,fairness
agreement,2,qwen:72b,liberal,5.0,fairness
agreement,2,qwen:72b,liberal,5.0,fairness
agreement,2,qwen:72b,liberal,5.0,fairness
agreement,2,qwen:72b,liberal,5.0,fairness
agreement,2,qwen:72b,liberal,5.0,fairness
agreement,2,qwen:72b,liberal,5.0,fairness
agreement,2,qwen:72b,liberal,5.0,fairness
agreement,2,qwen:72b,liberal,5.0,fairness
agreement,2,qwen:72b,liberal,5.0,fairness
agreement,2,qwen:72b,liberal,5.0,fairness
agreement,2,qwen:72b,liberal,5.0,fairness
agreement,2,qwen:72b,liberal,5.0,fairness
agreement,2,qwen:72b,liberal,5.0,fairness
agreement,2,qwen:72b,liberal,5.0,fairness
agreement,2,qwen:72b,liberal,5.0,fairness
agreement,2,qwen:72b,liberal,5.0,fairness
agreement,2,qwen:72b,liberal,5.0,fairness
agreement,2,qwen:72b,liberal,5.0,fairness
agreement,2,qwen:72b,liberal,5.0,fairness
agreement,2,qwen:72b,liberal,5.0,fairness
agreement,2,qwen:72b,liberal,5.0,fairness
agreement,2,qwen:72b,liberal,5.0,fairness
agreement,2,qwen:72b,liberal,5.0,fairness
agreement,2,qwen:72b,liberal,5.0,fairness
agreement,2,qwen:72b,liberal,5.0,fairness
agreement,2,qwen:72b,liberal,5.0,fairness
agreement,2,qwen:72b,liberal,5.0,fairness
agreement,2,qwen:72b,liberal,5.0,fairness
agreement,2,qwen2:72b,conservative,4.0,fairness
agreement,2,qwen2:72b,conservative,4.0,fairness
agreement,2,qwen2:72b,conservative,4.0,fairness
agreement,2,qwen2:72b,conservative,4.0,fairness
agreement,2,qwen2:72b,conservative,4.0,fairness
agreement,2,qwen2:72b,conservative,4.0,fairness
agreement,2,qwen2:72b,conservative,4.0,fairness
agreement,2,qwen2:72b,conservative,4.0,fairness
agreement,2,qwen2:72b,conservative,4.0,fairness
agreement,2,qwen2:72b,conservative,4.0,fairness
agreement,2,qwen2:72b,conservative,4.0,fairness
agreement,2,qwen2:72b,conservative,4.0,fairness
agreement,2,qwen2:72b,conservative,4.0,fairness
agreement,2,qwen2:72b,conservative,4.0,fairness
agreement,2,qwen2:72b,conservative,4.0,fairness
agreement,2,qwen2:72b,conservative,4.0,fairness
agreement,2,qwen2:72b,conservative,4.0,fairness
agreement,2,qwen2:72b,conservative,4.0,fairness
agreement,2,qwen2:72b,conservative,4.0,fairness
agreement,2,qwen2:72b,conservative,4.0,fairness
agreement,2,qwen2:72b,conservative,4.0,fairness
agreement,2,qwen2:72b,conservative,4.0,fairness
agreement,2,qwen2:72b,conservative,4.0,fairness
agreement,2,qwen2:72b,conservative,4.0,fairness
agreement,2,qwen2:72b,conservative,4.0,fairness
agreement,2,qwen2:72b,conservative,4.0,fairness
agreement,2,qwen2:72b,conservative,4.0,fairness
agreement,2,qwen2:72b,conservative,4.0,fairness
agreement,2,qwen2:72b,conservative,4.0,fairness
agreement,2,qwen2:72b,conservative,4.0,fairness
agreement,2,qwen2:72b,conservative,4.0,fairness
agreement,2,qwen2:72b,conservative,4.0,fairness
agreement,2,qwen2:72b,conservative,4.0,fairness
agreement,2,qwen2:72b,conservative,4.0,fairness
agreement,2,qwen2:72b,conservative,4.0,fairness
agreement,2,qwen2:72b,conservative,4.0,fairness
agreement,2,qwen2:72b,conservative,4.0,fairness
agreement,2,qwen2:72b,conservative,4.0,fairness
agreement,2,qwen2:72b,conservative,4.0,fairness
agreement,2,qwen2:72b,conservative,4.0,fairness
agreement,2,qwen2:72b,conservative,4.0,fairness
agreement,2,qwen2:72b,conservative,4.0,fairness
agreement,2,qwen2:72b,conservative,4.0,fairness
agreement,2,qwen2:72b,conservative,4.0,fairness
agreement,2,qwen2:72b,conservative,4.0,fairness
agreement,2,qwen2:72b,conservative,4.0,fairness
agreement,2,qwen2:72b,conservative,4.0,fairness
agreement,2,qwen2:72b,conservative,4.0,fairness
agreement,2,qwen2:72b,conservative,4.0,fairness
agreement,2,qwen2:72b,conservative,4.0,fairness
agreement,2,qwen2:72b,moderate,5.0,fairness
agreement,2,qwen2:72b,moderate,5.0,fairness
agreement,2,qwen2:72b,moderate,5.0,fairness
agreement,2,qwen2:72b,moderate,5.0,fairness
agreement,2,qwen2:72b,moderate,5.0,fairness
agreement,2,qwen2:72b,moderate,5.0,fairness
agreement,2,qwen2:72b,moderate,5.0,fairness
agreement,2,qwen2:72b,moderate,5.0,fairness
agreement,2,qwen2:72b,moderate,5.0,fairness
agreement,2,qwen2:72b,moderate,5.0,fairness
agreement,2,qwen2:72b,moderate,5.0,fairness
agreement,2,qwen2:72b,moderate,5.0,fairness
agreement,2,qwen2:72b,moderate,5.0,fairness
agreement,2,qwen2:72b,moderate,5.0,fairness
agreement,2,qwen2:72b,moderate,5.0,fairness
agreement,2,qwen2:72b,moderate,5.0,fairness
agreement,2,qwen2:72b,moderate,5.0,fairness
agreement,2,qwen2:72b,moderate,5.0,fairness
agreement,2,qwen2:72b,moderate,5.0,fairness
agreement,2,qwen2:72b,moderate,5.0,fairness
agreement,2,qwen2:72b,moderate,5.0,fairness
agreement,2,qwen2:72b,moderate,5.0,fairness
agreement,2,qwen2:72b,moderate,5.0,fairness
agreement,2,qwen2:72b,moderate,5.0,fairness
agreement,2,qwen2:72b,moderate,5.0,fairness
agreement,2,qwen2:72b,moderate,5.0,fairness
agreement,2,qwen2:72b,moderate,5.0,fairness
agreement,2,qwen2:72b,moderate,5.0,fairness
agreement,2,qwen2:72b,moderate,5.0,fairness
agreement,2,qwen2:72b,moderate,5.0,fairness
agreement,2,qwen2:72b,moderate,5.0,fairness
agreement,2,qwen2:72b,moderate,5.0,fairness
agreement,2,qwen2:72b,moderate,5.0,fairness
agreement,2,qwen2:72b,moderate,5.0,fairness
agreement,2,qwen2:72b,moderate,5.0,fairness
agreement,2,qwen2:72b,moderate,5.0,fairness
agreement,2,qwen2:72b,moderate,5.0,fairness
agreement,2,qwen2:72b,moderate,5.0,fairness
agreement,2,qwen2:72b,moderate,5.0,fairness
agreement,2,qwen2:72b,moderate,5.0,fairness
agreement,2,qwen2:72b,moderate,5.0,fairness
agreement,2,qwen2:72b,moderate,5.0,fairness
agreement,2,qwen2:72b,moderate,5.0,fairness
agreement,2,qwen2:72b,moderate,5.0,fairness
agreement,2,qwen2:72b,moderate,5.0,fairness
agreement,2,qwen2:72b,moderate,5.0,fairness
agreement,2,qwen2:72b,moderate,5.0,fairness
agreement,2,qwen2:72b,moderate,5.0,fairness
agreement,2,qwen2:72b,moderate,5.0,fairness
agreement,2,qwen2:72b,moderate,5.0,fairness
agreement,2,qwen2:72b,liberal,5.0,fairness
agreement,2,qwen2:72b,liberal,5.0,fairness
agreement,2,qwen2:72b,liberal,5.0,fairness
agreement,2,qwen2:72b,liberal,5.0,fairness
agreement,2,qwen2:72b,liberal,5.0,fairness
agreement,2,qwen2:72b,liberal,5.0,fairness
agreement,2,qwen2:72b,liberal,5.0,fairness
agreement,2,qwen2:72b,liberal,5.0,fairness
agreement,2,qwen2:72b,liberal,5.0,fairness
agreement,2,qwen2:72b,liberal,5.0,fairness
agreement,2,qwen2:72b,liberal,5.0,fairness
agreement,2,qwen2:72b,liberal,5.0,fairness
agreement,2,qwen2:72b,liberal,5.0,fairness
agreement,2,qwen2:72b,liberal,5.0,fairness
agreement,2,qwen2:72b,liberal,5.0,fairness
agreement,2,qwen2:72b,liberal,5.0,fairness
agreement,2,qwen2:72b,liberal,5.0,fairness
agreement,2,qwen2:72b,liberal,5.0,fairness
agreement,2,qwen2:72b,liberal,5.0,fairness
agreement,2,qwen2:72b,liberal,5.0,fairness
agreement,2,qwen2:72b,liberal,5.0,fairness
agreement,2,qwen2:72b,liberal,5.0,fairness
agreement,2,qwen2:72b,liberal,5.0,fairness
agreement,2,qwen2:72b,liberal,5.0,fairness
agreement,2,qwen2:72b,liberal,5.0,fairness
agreement,2,qwen2:72b,liberal,5.0,fairness
agreement,2,qwen2:72b,liberal,5.0,fairness
agreement,2,qwen2:72b,liberal,5.0,fairness
agreement,2,qwen2:72b,liberal,5.0,fairness
agreement,2,qwen2:72b,liberal,5.0,fairness
agreement,2,qwen2:72b,liberal,5.0,fairness
agreement,2,qwen2:72b,liberal,5.0,fairness
agreement,2,qwen2:72b,liberal,5.0,fairness
agreement,2,qwen2:72b,liberal,5.0,fairness
agreement,2,qwen2:72b,liberal,5.0,fairness
agreement,2,qwen2:72b,liberal,5.0,fairness
agreement,2,qwen2:72b,liberal,5.0,fairness
agreement,2,qwen2:72b,liberal,5.0,fairness
agreement,2,qwen2:72b,liberal,5.0,fairness
agreement,2,qwen2:72b,liberal,5.0,fairness
agreement,2,qwen2:72b,liberal,5.0,fairness
agreement,2,qwen2:72b,liberal,5.0,fairness
agreement,2,qwen2:72b,liberal,5.0,fairness
agreement,2,qwen2:72b,liberal,5.0,fairness
agreement,2,qwen2:72b,liberal,5.0,fairness
agreement,2,qwen2:72b,liberal,5.0,fairness
agreement,2,qwen2:72b,liberal,5.0,fairness
agreement,2,qwen2:72b,liberal,5.0,fairness
agreement,2,qwen2:72b,liberal,5.0,fairness
agreement,2,qwen2:72b,liberal,5.0,fairness
agreement,3,llama3.1:8b,conservative,5.0,ingroup
agreement,3,llama3.1:8b,conservative,5.0,ingroup
agreement,3,llama3.1:8b,conservative,5.0,ingroup
agreement,3,llama3.1:8b,conservative,5.0,ingroup
agreement,3,llama3.1:8b,conservative,5.0,ingroup
agreement,3,llama3.1:8b,conservative,5.0,ingroup
agreement,3,llama3.1:8b,conservative,5.0,ingroup
agreement,3,llama3.1:8b,conservative,5.0,ingroup
agreement,3,llama3.1:8b,conservative,5.0,ingroup
agreement,3,llama3.1:8b,conservative,5.0,ingroup
agreement,3,llama3.1:8b,conservative,5.0,ingroup
agreement,3,llama3.1:8b,conservative,5.0,ingroup
agreement,3,llama3.1:8b,conservative,5.0,ingroup
agreement,3,llama3.1:8b,conservative,5.0,ingroup
agreement,3,llama3.1:8b,conservative,5.0,ingroup
agreement,3,llama3.1:8b,conservative,5.0,ingroup
agreement,3,llama3.1:8b,conservative,5.0,ingroup
agreement,3,llama3.1:8b,conservative,5.0,ingroup
agreement,3,llama3.1:8b,conservative,5.0,ingroup
agreement,3,llama3.1:8b,conservative,5.0,ingroup
agreement,3,llama3.1:8b,conservative,5.0,ingroup
agreement,3,llama3.1:8b,conservative,5.0,ingroup
agreement,3,llama3.1:8b,conservative,5.0,ingroup
agreement,3,llama3.1:8b,conservative,5.0,ingroup
agreement,3,llama3.1:8b,conservative,5.0,ingroup
agreement,3,llama3.1:8b,conservative,5.0,ingroup
agreement,3,llama3.1:8b,conservative,5.0,ingroup
agreement,3,llama3.1:8b,conservative,5.0,ingroup
agreement,3,llama3.1:8b,conservative,5.0,ingroup
agreement,3,llama3.1:8b,conservative,5.0,ingroup
agreement,3,llama3.1:8b,conservative,5.0,ingroup
agreement,3,llama3.1:8b,conservative,5.0,ingroup
agreement,3,llama3.1:8b,conservative,5.0,ingroup
agreement,3,llama3.1:8b,conservative,5.0,ingroup
agreement,3,llama3.1:8b,conservative,5.0,ingroup
agreement,3,llama3.1:8b,conservative,5.0,ingroup
agreement,3,llama3.1:8b,conservative,5.0,ingroup
agreement,3,llama3.1:8b,conservative,5.0,ingroup
agreement,3,llama3.1:8b,conservative,5.0,ingroup
agreement,3,llama3.1:8b,conservative,5.0,ingroup
agreement,3,llama3.1:8b,conservative,5.0,ingroup
agreement,3,llama3.1:8b,conservative,5.0,ingroup
agreement,3,llama3.1:8b,conservative,5.0,ingroup
agreement,3,llama3.1:8b,conservative,5.0,ingroup
agreement,3,llama3.1:8b,conservative,5.0,ingroup
agreement,3,llama3.1:8b,conservative,5.0,ingroup
agreement,3,llama3.1:8b,conservative,5.0,ingroup
agreement,3,llama3.1:8b,conservative,5.0,ingroup
agreement,3,llama3.1:8b,conservative,5.0,ingroup
agreement,3,llama3.1:8b,conservative,5.0,ingroup
agreement,3,llama3.1:8b,moderate,5.0,ingroup
agreement,3,llama3.1:8b,moderate,4.0,ingroup
agreement,3,llama3.1:8b,moderate,4.0,ingroup
agreement,3,llama3.1:8b,moderate,4.0,ingroup
agreement,3,llama3.1:8b,moderate,4.0,ingroup
agreement,3,llama3.1:8b,moderate,4.0,ingroup
agreement,3,llama3.1:8b,moderate,5.0,ingroup
agreement,3,llama3.1:8b,moderate,4.0,ingroup
agreement,3,llama3.1:8b,moderate,4.0,ingroup
agreement,3,llama3.1:8b,moderate,4.0,ingroup
agreement,3,llama3.1:8b,moderate,4.0,ingroup
agreement,3,llama3.1:8b,moderate,4.0,ingroup
agreement,3,llama3.1:8b,moderate,4.0,ingroup
agreement,3,llama3.1:8b,moderate,3.0,ingroup
agreement,3,llama3.1:8b,moderate,4.0,ingroup
agreement,3,llama3.1:8b,moderate,5.0,ingroup
agreement,3,llama3.1:8b,moderate,4.0,ingroup
agreement,3,llama3.1:8b,moderate,4.0,ingroup
agreement,3,llama3.1:8b,moderate,5.0,ingroup
agreement,3,llama3.1:8b,moderate,5.0,ingroup
agreement,3,llama3.1:8b,moderate,5.0,ingroup
agreement,3,llama3.1:8b,moderate,4.0,ingroup
agreement,3,llama3.1:8b,moderate,4.0,ingroup
agreement,3,llama3.1:8b,moderate,4.0,ingroup
agreement,3,llama3.1:8b,moderate,3.0,ingroup
agreement,3,llama3.1:8b,moderate,4.0,ingroup
agreement,3,llama3.1:8b,moderate,4.0,ingroup
agreement,3,llama3.1:8b,moderate,5.0,ingroup
agreement,3,llama3.1:8b,moderate,4.0,ingroup
agreement,3,llama3.1:8b,moderate,4.0,ingroup
agreement,3,llama3.1:8b,moderate,4.0,ingroup
agreement,3,llama3.1:8b,moderate,4.0,ingroup
agreement,3,llama3.1:8b,moderate,4.0,ingroup
agreement,3,llama3.1:8b,moderate,5.0,ingroup
agreement,3,llama3.1:8b,moderate,5.0,ingroup
agreement,3,llama3.1:8b,moderate,4.0,ingroup
agreement,3,llama3.1:8b,moderate,4.0,ingroup
agreement,3,llama3.1:8b,moderate,4.0,ingroup
agreement,3,llama3.1:8b,moderate,3.0,ingroup
agreement,3,llama3.1:8b,moderate,4.0,ingroup
agreement,3,llama3.1:8b,moderate,4.0,ingroup
agreement,3,llama3.1:8b,moderate,5.0,ingroup
agreement,3,llama3.1:8b,moderate,4.0,ingroup
agreement,3,llama3.1:8b,moderate,4.0,ingroup
agreement,3,llama3.1:8b,moderate,4.0,ingroup
agreement,3,llama3.1:8b,moderate,4.0,ingroup
agreement,3,llama3.1:8b,moderate,3.0,ingroup
agreement,3,llama3.1:8b,moderate,4.0,ingroup
agreement,3,llama3.1:8b,moderate,4.0,ingroup
agreement,3,llama3.1:8b,moderate,4.0,ingroup
agreement,3,llama3.1:8b,liberal,4.0,ingroup
agreement,3,llama3.1:8b,liberal,2.0,ingroup
agreement,3,llama3.1:8b,liberal,4.0,ingroup
agreement,3,llama3.1:8b,liberal,5.0,ingroup
agreement,3,llama3.1:8b,liberal,2.0,ingroup
agreement,3,llama3.1:8b,liberal,5.0,ingroup
agreement,3,llama3.1:8b,liberal,2.0,ingroup
agreement,3,llama3.1:8b,liberal,2.0,ingroup
agreement,3,llama3.1:8b,liberal,4.0,ingroup
agreement,3,llama3.1:8b,liberal,2.0,ingroup
agreement,3,llama3.1:8b,liberal,5.0,ingroup
agreement,3,llama3.1:8b,liberal,4.0,ingroup
agreement,3,llama3.1:8b,liberal,3.0,ingroup
agreement,3,llama3.1:8b,liberal,4.0,ingroup
agreement,3,llama3.1:8b,liberal,3.0,ingroup
agreement,3,llama3.1:8b,liberal,3.0,ingroup
agreement,3,llama3.1:8b,liberal,3.0,ingroup
agreement,3,llama3.1:8b,liberal,2.0,ingroup
agreement,3,llama3.1:8b,liberal,2.0,ingroup
agreement,3,llama3.1:8b,liberal,5.0,ingroup
agreement,3,llama3.1:8b,liberal,4.0,ingroup
agreement,3,llama3.1:8b,liberal,4.0,ingroup
agreement,3,llama3.1:8b,liberal,4.0,ingroup
agreement,3,llama3.1:8b,liberal,2.0,ingroup
agreement,3,llama3.1:8b,liberal,2.0,ingroup
agreement,3,llama3.1:8b,liberal,2.0,ingroup
agreement,3,llama3.1:8b,liberal,4.0,ingroup
agreement,3,llama3.1:8b,liberal,2.0,ingroup
agreement,3,llama3.1:8b,liberal,3.0,ingroup
agreement,3,llama3.1:8b,liberal,2.0,ingroup
agreement,3,llama3.1:8b,liberal,4.0,ingroup
agreement,3,llama3.1:8b,liberal,3.0,ingroup
agreement,3,llama3.1:8b,liberal,2.0,ingroup
agreement,3,llama3.1:8b,liberal,5.0,ingroup
agreement,3,llama3.1:8b,liberal,4.0,ingroup
agreement,3,llama3.1:8b,liberal,5.0,ingroup
agreement,3,llama3.1:8b,liberal,3.0,ingroup
agreement,3,llama3.1:8b,liberal,4.0,ingroup
agreement,3,llama3.1:8b,liberal,2.0,ingroup
agreement,3,llama3.1:8b,liberal,5.0,ingroup
agreement,3,llama3.1:8b,liberal,2.0,ingroup
agreement,3,llama3.1:8b,liberal,3.0,ingroup
agreement,3,llama3.1:8b,liberal,2.0,ingroup
agreement,3,llama3.1:8b,liberal,2.0,ingroup
agreement,3,llama3.1:8b,liberal,2.0,ingroup
agreement,3,llama3.1:8b,liberal,2.0,ingroup
agreement,3,llama3.1:8b,liberal,2.0,ingroup
agreement,3,llama3.1:8b,liberal,4.0,ingroup
agreement,3,llama3.1:8b,liberal,4.0,ingroup
agreement,3,llama3.1:8b,liberal,3.0,ingroup
agreement,3,llama2:70b,conservative,4.0,ingroup
agreement,3,llama2:70b,conservative,4.0,ingroup
agreement,3,llama2:70b,conservative,4.0,ingroup
agreement,3,llama2:70b,conservative,4.0,ingroup
agreement,3,llama2:70b,conservative,4.0,ingroup
agreement,3,llama2:70b,conservative,4.0,ingroup
agreement,3,llama2:70b,conservative,4.0,ingroup
agreement,3,llama2:70b,conservative,4.0,ingroup
agreement,3,llama2:70b,conservative,4.0,ingroup
agreement,3,llama2:70b,conservative,4.0,ingroup
agreement,3,llama2:70b,conservative,4.0,ingroup
agreement,3,llama2:70b,conservative,4.0,ingroup
agreement,3,llama2:70b,conservative,4.0,ingroup
agreement,3,llama2:70b,conservative,4.0,ingroup
agreement,3,llama2:70b,conservative,4.0,ingroup
agreement,3,llama2:70b,conservative,4.0,ingroup
agreement,3,llama2:70b,conservative,4.0,ingroup
agreement,3,llama2:70b,conservative,4.0,ingroup
agreement,3,llama2:70b,conservative,4.0,ingroup
agreement,3,llama2:70b,conservative,4.0,ingroup
agreement,3,llama2:70b,conservative,5.0,ingroup
agreement,3,llama2:70b,conservative,5.0,ingroup
agreement,3,llama2:70b,conservative,5.0,ingroup
agreement,3,llama2:70b,conservative,5.0,ingroup
agreement,3,llama2:70b,conservative,4.0,ingroup
agreement,3,llama2:70b,conservative,4.0,ingroup
agreement,3,llama2:70b,conservative,4.0,ingroup
agreement,3,llama2:70b,conservative,4.0,ingroup
agreement,3,llama2:70b,conservative,4.0,ingroup
agreement,3,llama2:70b,conservative,4.0,ingroup
agreement,3,llama2:70b,conservative,5.0,ingroup
agreement,3,llama2:70b,conservative,4.0,ingroup
agreement,3,llama2:70b,conservative,5.0,ingroup
agreement,3,llama2:70b,conservative,4.0,ingroup
agreement,3,llama2:70b,conservative,4.0,ingroup
agreement,3,llama2:70b,conservative,5.0,ingroup
agreement,3,llama2:70b,conservative,4.0,ingroup
agreement,3,llama2:70b,conservative,4.0,ingroup
agreement,3,llama2:70b,conservative,4.0,ingroup
agreement,3,llama2:70b,conservative,4.0,ingroup
agreement,3,llama2:70b,conservative,4.0,ingroup
agreement,3,llama2:70b,conservative,4.0,ingroup
agreement,3,llama2:70b,conservative,4.0,ingroup
agreement,3,llama2:70b,conservative,4.0,ingroup
agreement,3,llama2:70b,conservative,4.0,ingroup
agreement,3,llama2:70b,conservative,4.0,ingroup
agreement,3,llama2:70b,conservative,4.0,ingroup
agreement,3,llama2:70b,conservative,4.0,ingroup
agreement,3,llama2:70b,moderate,4.0,ingroup
agreement,3,llama2:70b,moderate,3.0,ingroup
agreement,3,llama2:70b,moderate,3.0,ingroup
agreement,3,llama2:70b,moderate,3.0,ingroup
agreement,3,llama2:70b,moderate,3.0,ingroup
agreement,3,llama2:70b,moderate,4.0,ingroup
agreement,3,llama2:70b,moderate,3.0,ingroup
agreement,3,llama2:70b,moderate,4.0,ingroup
agreement,3,llama2:70b,moderate,4.0,ingroup
agreement,3,llama2:70b,moderate,4.0,ingroup
agreement,3,llama2:70b,moderate,4.0,ingroup
agreement,3,llama2:70b,moderate,3.0,ingroup
agreement,3,llama2:70b,moderate,3.0,ingroup
agreement,3,llama2:70b,moderate,4.0,ingroup
agreement,3,llama2:70b,moderate,3.0,ingroup
agreement,3,llama2:70b,moderate,3.0,ingroup
agreement,3,llama2:70b,moderate,4.0,ingroup
agreement,3,llama2:70b,moderate,4.0,ingroup
agreement,3,llama2:70b,moderate,3.0,ingroup
agreement,3,llama2:70b,moderate,3.0,ingroup
agreement,3,llama2:70b,moderate,4.0,ingroup
agreement,3,llama2:70b,moderate,3.0,ingroup
agreement,3,llama2:70b,moderate,4.0,ingroup
agreement,3,llama2:70b,moderate,4.0,ingroup
agreement,3,llama2:70b,moderate,4.0,ingroup
agreement,3,llama2:70b,moderate,4.0,ingroup
agreement,3,llama2:70b,moderate,3.0,ingroup
agreement,3,llama2:70b,moderate,4.0,ingroup
agreement,3,llama2:70b,moderate,4.0,ingroup
agreement,3,llama2:70b,moderate,3.0,ingroup
agreement,3,llama2:70b,moderate,3.0,ingroup
agreement,3,llama2:70b,moderate,3.0,ingroup
agreement,3,llama2:70b,moderate,3.0,ingroup
agreement,3,llama2:70b,moderate,3.0,ingroup
agreement,3,llama2:70b,moderate,3.0,ingroup
agreement,3,llama2:70b,moderate,3.0,ingroup
agreement,3,llama2:70b,moderate,3.0,ingroup
agreement,3,llama2:70b,moderate,3.0,ingroup
agreement,3,llama2:70b,moderate,3.0,ingroup
agreement,3,llama2:70b,moderate,3.0,ingroup
agreement,3,llama2:70b,moderate,3.0,ingroup
agreement,3,llama2:70b,moderate,3.0,ingroup
agreement,3,llama2:70b,moderate,3.0,ingroup
agreement,3,llama2:70b,moderate,3.0,ingroup
agreement,3,llama2:70b,moderate,3.0,ingroup
agreement,3,llama2:70b,moderate,3.0,ingroup
agreement,3,llama2:70b,moderate,3.0,ingroup
agreement,3,llama2:70b,moderate,3.0,ingroup
agreement,3,llama2:70b,moderate,3.0,ingroup
agreement,3,llama2:70b,moderate,4.0,ingroup
agreement,3,llama2:70b,liberal,3.0,ingroup
agreement,3,llama2:70b,liberal,3.0,ingroup
agreement,3,llama2:70b,liberal,3.0,ingroup
agreement,3,llama2:70b,liberal,4.0,ingroup
agreement,3,llama2:70b,liberal,3.0,ingroup
agreement,3,llama2:70b,liberal,3.0,ingroup
agreement,3,llama2:70b,liberal,3.0,ingroup
agreement,3,llama2:70b,liberal,5.0,ingroup
agreement,3,llama2:70b,liberal,4.0,ingroup
agreement,3,llama2:70b,liberal,3.0,ingroup
agreement,3,llama2:70b,liberal,5.0,ingroup
agreement,3,llama2:70b,liberal,3.0,ingroup
agreement,3,llama2:70b,liberal,5.0,ingroup
agreement,3,llama2:70b,liberal,4.0,ingroup
agreement,3,llama2:70b,liberal,3.0,ingroup
agreement,3,llama2:70b,liberal,3.0,ingroup
agreement,3,llama2:70b,liberal,3.0,ingroup
agreement,3,llama2:70b,liberal,4.0,ingroup
agreement,3,llama2:70b,liberal,3.0,ingroup
agreement,3,llama2:70b,liberal,5.0,ingroup
agreement,3,llama2:70b,liberal,5.0,ingroup
agreement,3,llama2:70b,liberal,3.0,ingroup
agreement,3,llama2:70b,liberal,3.0,ingroup
agreement,3,llama2:70b,liberal,3.0,ingroup
agreement,3,llama2:70b,liberal,3.0,ingroup
agreement,3,llama2:70b,liberal,3.0,ingroup
agreement,3,llama2:70b,liberal,3.0,ingroup
agreement,3,llama2:70b,liberal,4.0,ingroup
agreement,3,llama2:70b,liberal,3.0,ingroup
agreement,3,llama2:70b,liberal,3.0,ingroup
agreement,3,llama2:70b,liberal,3.0,ingroup
agreement,3,llama2:70b,liberal,3.0,ingroup
agreement,3,llama2:70b,liberal,3.0,ingroup
agreement,3,llama2:70b,liberal,3.0,ingroup
agreement,3,llama2:70b,liberal,3.0,ingroup
agreement,3,llama2:70b,liberal,3.0,ingroup
agreement,3,llama2:70b,liberal,5.0,ingroup
agreement,3,llama2:70b,liberal,3.0,ingroup
agreement,3,llama2:70b,liberal,3.0,ingroup
agreement,3,llama2:70b,liberal,5.0,ingroup
agreement,3,llama2:70b,liberal,3.0,ingroup
agreement,3,llama2:70b,liberal,3.0,ingroup
agreement,3,llama2:70b,liberal,3.0,ingroup
agreement,3,llama2:70b,liberal,5.0,ingroup
agreement,3,llama2:70b,liberal,3.0,ingroup
agreement,3,llama2:70b,liberal,3.0,ingroup
agreement,3,llama2:70b,liberal,3.0,ingroup
agreement,3,llama2:70b,liberal,3.0,ingroup
agreement,3,llama2:70b,liberal,3.0,ingroup
agreement,3,llama2:70b,liberal,3.0,ingroup
agreement,3,llama3:70b,conservative,5.0,ingroup
agreement,3,llama3:70b,conservative,5.0,ingroup
agreement,3,llama3:70b,conservative,5.0,ingroup
agreement,3,llama3:70b,conservative,5.0,ingroup
agreement,3,llama3:70b,conservative,5.0,ingroup
agreement,3,llama3:70b,conservative,5.0,ingroup
agreement,3,llama3:70b,conservative,5.0,ingroup
agreement,3,llama3:70b,conservative,5.0,ingroup
agreement,3,llama3:70b,conservative,5.0,ingroup
agreement,3,llama3:70b,conservative,5.0,ingroup
agreement,3,llama3:70b,conservative,5.0,ingroup
agreement,3,llama3:70b,conservative,5.0,ingroup
agreement,3,llama3:70b,conservative,5.0,ingroup
agreement,3,llama3:70b,conservative,5.0,ingroup
agreement,3,llama3:70b,conservative,5.0,ingroup
agreement,3,llama3:70b,conservative,5.0,ingroup
agreement,3,llama3:70b,conservative,5.0,ingroup
agreement,3,llama3:70b,conservative,5.0,ingroup
agreement,3,llama3:70b,conservative,5.0,ingroup
agreement,3,llama3:70b,conservative,5.0,ingroup
agreement,3,llama3:70b,conservative,5.0,ingroup
agreement,3,llama3:70b,conservative,5.0,ingroup
agreement,3,llama3:70b,conservative,5.0,ingroup
agreement,3,llama3:70b,conservative,5.0,ingroup
agreement,3,llama3:70b,conservative,5.0,ingroup
agreement,3,llama3:70b,conservative,5.0,ingroup
agreement,3,llama3:70b,conservative,5.0,ingroup
agreement,3,llama3:70b,conservative,5.0,ingroup
agreement,3,llama3:70b,conservative,5.0,ingroup
agreement,3,llama3:70b,conservative,5.0,ingroup
agreement,3,llama3:70b,conservative,5.0,ingroup
agreement,3,llama3:70b,conservative,5.0,ingroup
agreement,3,llama3:70b,conservative,5.0,ingroup
agreement,3,llama3:70b,conservative,5.0,ingroup
agreement,3,llama3:70b,conservative,5.0,ingroup
agreement,3,llama3:70b,conservative,5.0,ingroup
agreement,3,llama3:70b,conservative,5.0,ingroup
agreement,3,llama3:70b,conservative,5.0,ingroup
agreement,3,llama3:70b,conservative,5.0,ingroup
agreement,3,llama3:70b,conservative,5.0,ingroup
agreement,3,llama3:70b,conservative,5.0,ingroup
agreement,3,llama3:70b,conservative,5.0,ingroup
agreement,3,llama3:70b,conservative,5.0,ingroup
agreement,3,llama3:70b,conservative,5.0,ingroup
agreement,3,llama3:70b,conservative,5.0,ingroup
agreement,3,llama3:70b,conservative,5.0,ingroup
agreement,3,llama3:70b,conservative,5.0,ingroup
agreement,3,llama3:70b,conservative,5.0,ingroup
agreement,3,llama3:70b,conservative,5.0,ingroup
agreement,3,llama3:70b,conservative,5.0,ingroup
agreement,3,llama3:70b,moderate,3.0,ingroup
agreement,3,llama3:70b,moderate,3.0,ingroup
agreement,3,llama3:70b,moderate,3.0,ingroup
agreement,3,llama3:70b,moderate,3.0,ingroup
agreement,3,llama3:70b,moderate,3.0,ingroup
agreement,3,llama3:70b,moderate,3.0,ingroup
agreement,3,llama3:70b,moderate,3.0,ingroup
agreement,3,llama3:70b,moderate,3.0,ingroup
agreement,3,llama3:70b,moderate,3.0,ingroup
agreement,3,llama3:70b,moderate,3.0,ingroup
agreement,3,llama3:70b,moderate,3.0,ingroup
agreement,3,llama3:70b,moderate,3.0,ingroup
agreement,3,llama3:70b,moderate,3.0,ingroup
agreement,3,llama3:70b,moderate,3.0,ingroup
agreement,3,llama3:70b,moderate,3.0,ingroup
agreement,3,llama3:70b,moderate,3.0,ingroup
agreement,3,llama3:70b,moderate,3.0,ingroup
agreement,3,llama3:70b,moderate,3.0,ingroup
agreement,3,llama3:70b,moderate,3.0,ingroup
agreement,3,llama3:70b,moderate,3.0,ingroup
agreement,3,llama3:70b,moderate,3.0,ingroup
agreement,3,llama3:70b,moderate,3.0,ingroup
agreement,3,llama3:70b,moderate,3.0,ingroup
agreement,3,llama3:70b,moderate,3.0,ingroup
agreement,3,llama3:70b,moderate,3.0,ingroup
agreement,3,llama3:70b,moderate,3.0,ingroup
agreement,3,llama3:70b,moderate,3.0,ingroup
agreement,3,llama3:70b,moderate,3.0,ingroup
agreement,3,llama3:70b,moderate,3.0,ingroup
agreement,3,llama3:70b,moderate,3.0,ingroup
agreement,3,llama3:70b,moderate,3.0,ingroup
agreement,3,llama3:70b,moderate,3.0,ingroup
agreement,3,llama3:70b,moderate,3.0,ingroup
agreement,3,llama3:70b,moderate,3.0,ingroup
agreement,3,llama3:70b,moderate,3.0,ingroup
agreement,3,llama3:70b,moderate,3.0,ingroup
agreement,3,llama3:70b,moderate,3.0,ingroup
agreement,3,llama3:70b,moderate,3.0,ingroup
agreement,3,llama3:70b,moderate,3.0,ingroup
agreement,3,llama3:70b,moderate,3.0,ingroup
agreement,3,llama3:70b,moderate,3.0,ingroup
agreement,3,llama3:70b,moderate,3.0,ingroup
agreement,3,llama3:70b,moderate,3.0,ingroup
agreement,3,llama3:70b,moderate,3.0,ingroup
agreement,3,llama3:70b,moderate,3.0,ingroup
agreement,3,llama3:70b,moderate,3.0,ingroup
agreement,3,llama3:70b,moderate,3.0,ingroup
agreement,3,llama3:70b,moderate,3.0,ingroup
agreement,3,llama3:70b,moderate,3.0,ingroup
agreement,3,llama3:70b,moderate,3.0,ingroup
agreement,3,llama3:70b,liberal,2.0,ingroup
agreement,3,llama3:70b,liberal,2.0,ingroup
agreement,3,llama3:70b,liberal,2.0,ingroup
agreement,3,llama3:70b,liberal,2.0,ingroup
agreement,3,llama3:70b,liberal,2.0,ingroup
agreement,3,llama3:70b,liberal,2.0,ingroup
agreement,3,llama3:70b,liberal,2.0,ingroup
agreement,3,llama3:70b,liberal,2.0,ingroup
agreement,3,llama3:70b,liberal,2.0,ingroup
agreement,3,llama3:70b,liberal,2.0,ingroup
agreement,3,llama3:70b,liberal,2.0,ingroup
agreement,3,llama3:70b,liberal,2.0,ingroup
agreement,3,llama3:70b,liberal,2.0,ingroup
agreement,3,llama3:70b,liberal,2.0,ingroup
agreement,3,llama3:70b,liberal,2.0,ingroup
agreement,3,llama3:70b,liberal,2.0,ingroup
agreement,3,llama3:70b,liberal,2.0,ingroup
agreement,3,llama3:70b,liberal,2.0,ingroup
agreement,3,llama3:70b,liberal,2.0,ingroup
agreement,3,llama3:70b,liberal,2.0,ingroup
agreement,3,llama3:70b,liberal,2.0,ingroup
agreement,3,llama3:70b,liberal,2.0,ingroup
agreement,3,llama3:70b,liberal,2.0,ingroup
agreement,3,llama3:70b,liberal,2.0,ingroup
agreement,3,llama3:70b,liberal,2.0,ingroup
agreement,3,llama3:70b,liberal,2.0,ingroup
agreement,3,llama3:70b,liberal,2.0,ingroup
agreement,3,llama3:70b,liberal,2.0,ingroup
agreement,3,llama3:70b,liberal,2.0,ingroup
agreement,3,llama3:70b,liberal,2.0,ingroup
agreement,3,llama3:70b,liberal,2.0,ingroup
agreement,3,llama3:70b,liberal,2.0,ingroup
agreement,3,llama3:70b,liberal,2.0,ingroup
agreement,3,llama3:70b,liberal,2.0,ingroup
agreement,3,llama3:70b,liberal,2.0,ingroup
agreement,3,llama3:70b,liberal,2.0,ingroup
agreement,3,llama3:70b,liberal,2.0,ingroup
agreement,3,llama3:70b,liberal,2.0,ingroup
agreement,3,llama3:70b,liberal,2.0,ingroup
agreement,3,llama3:70b,liberal,2.0,ingroup
agreement,3,llama3:70b,liberal,2.0,ingroup
agreement,3,llama3:70b,liberal,2.0,ingroup
agreement,3,llama3:70b,liberal,2.0,ingroup
agreement,3,llama3:70b,liberal,2.0,ingroup
agreement,3,llama3:70b,liberal,2.0,ingroup
agreement,3,llama3:70b,liberal,2.0,ingroup
agreement,3,llama3:70b,liberal,2.0,ingroup
agreement,3,llama3:70b,liberal,2.0,ingroup
agreement,3,llama3:70b,liberal,2.0,ingroup
agreement,3,llama3:70b,liberal,2.0,ingroup
agreement,3,llama3.1:70b,conservative,5.0,ingroup
agreement,3,llama3.1:70b,conservative,5.0,ingroup
agreement,3,llama3.1:70b,conservative,5.0,ingroup
agreement,3,llama3.1:70b,conservative,5.0,ingroup
agreement,3,llama3.1:70b,conservative,5.0,ingroup
agreement,3,llama3.1:70b,conservative,5.0,ingroup
agreement,3,llama3.1:70b,conservative,5.0,ingroup
agreement,3,llama3.1:70b,conservative,5.0,ingroup
agreement,3,llama3.1:70b,conservative,5.0,ingroup
agreement,3,llama3.1:70b,conservative,5.0,ingroup
agreement,3,llama3.1:70b,conservative,5.0,ingroup
agreement,3,llama3.1:70b,conservative,5.0,ingroup
agreement,3,llama3.1:70b,conservative,5.0,ingroup
agreement,3,llama3.1:70b,conservative,5.0,ingroup
agreement,3,llama3.1:70b,conservative,5.0,ingroup
agreement,3,llama3.1:70b,conservative,5.0,ingroup
agreement,3,llama3.1:70b,conservative,5.0,ingroup
agreement,3,llama3.1:70b,conservative,5.0,ingroup
agreement,3,llama3.1:70b,conservative,5.0,ingroup
agreement,3,llama3.1:70b,conservative,5.0,ingroup
agreement,3,llama3.1:70b,conservative,5.0,ingroup
agreement,3,llama3.1:70b,conservative,5.0,ingroup
agreement,3,llama3.1:70b,conservative,5.0,ingroup
agreement,3,llama3.1:70b,conservative,5.0,ingroup
agreement,3,llama3.1:70b,conservative,5.0,ingroup
agreement,3,llama3.1:70b,conservative,5.0,ingroup
agreement,3,llama3.1:70b,conservative,5.0,ingroup
agreement,3,llama3.1:70b,conservative,5.0,ingroup
agreement,3,llama3.1:70b,conservative,5.0,ingroup
agreement,3,llama3.1:70b,conservative,5.0,ingroup
agreement,3,llama3.1:70b,conservative,5.0,ingroup
agreement,3,llama3.1:70b,conservative,5.0,ingroup
agreement,3,llama3.1:70b,conservative,5.0,ingroup
agreement,3,llama3.1:70b,conservative,5.0,ingroup
agreement,3,llama3.1:70b,conservative,5.0,ingroup
agreement,3,llama3.1:70b,conservative,5.0,ingroup
agreement,3,llama3.1:70b,conservative,5.0,ingroup
agreement,3,llama3.1:70b,conservative,5.0,ingroup
agreement,3,llama3.1:70b,conservative,5.0,ingroup
agreement,3,llama3.1:70b,conservative,5.0,ingroup
agreement,3,llama3.1:70b,conservative,5.0,ingroup
agreement,3,llama3.1:70b,conservative,5.0,ingroup
agreement,3,llama3.1:70b,conservative,5.0,ingroup
agreement,3,llama3.1:70b,conservative,5.0,ingroup
agreement,3,llama3.1:70b,conservative,5.0,ingroup
agreement,3,llama3.1:70b,conservative,5.0,ingroup
agreement,3,llama3.1:70b,conservative,5.0,ingroup
agreement,3,llama3.1:70b,conservative,5.0,ingroup
agreement,3,llama3.1:70b,conservative,5.0,ingroup
agreement,3,llama3.1:70b,conservative,5.0,ingroup
agreement,3,llama3.1:70b,moderate,4.0,ingroup
agreement,3,llama3.1:70b,moderate,3.0,ingroup
agreement,3,llama3.1:70b,moderate,4.0,ingroup
agreement,3,llama3.1:70b,moderate,3.0,ingroup
agreement,3,llama3.1:70b,moderate,4.0,ingroup
agreement,3,llama3.1:70b,moderate,4.0,ingroup
agreement,3,llama3.1:70b,moderate,4.0,ingroup
agreement,3,llama3.1:70b,moderate,3.0,ingroup
agreement,3,llama3.1:70b,moderate,3.0,ingroup
agreement,3,llama3.1:70b,moderate,4.0,ingroup
agreement,3,llama3.1:70b,moderate,4.0,ingroup
agreement,3,llama3.1:70b,moderate,4.0,ingroup
agreement,3,llama3.1:70b,moderate,4.0,ingroup
agreement,3,llama3.1:70b,moderate,4.0,ingroup
agreement,3,llama3.1:70b,moderate,4.0,ingroup
agreement,3,llama3.1:70b,moderate,4.0,ingroup
agreement,3,llama3.1:70b,moderate,4.0,ingroup
agreement,3,llama3.1:70b,moderate,4.0,ingroup
agreement,3,llama3.1:70b,moderate,4.0,ingroup
agreement,3,llama3.1:70b,moderate,4.0,ingroup
agreement,3,llama3.1:70b,moderate,4.0,ingroup
agreement,3,llama3.1:70b,moderate,3.0,ingroup
agreement,3,llama3.1:70b,moderate,4.0,ingroup
agreement,3,llama3.1:70b,moderate,4.0,ingroup
agreement,3,llama3.1:70b,moderate,4.0,ingroup
agreement,3,llama3.1:70b,moderate,4.0,ingroup
agreement,3,llama3.1:70b,moderate,4.0,ingroup
agreement,3,llama3.1:70b,moderate,4.0,ingroup
agreement,3,llama3.1:70b,moderate,4.0,ingroup
agreement,3,llama3.1:70b,moderate,4.0,ingroup
agreement,3,llama3.1:70b,moderate,3.0,ingroup
agreement,3,llama3.1:70b,moderate,3.0,ingroup
agreement,3,llama3.1:70b,moderate,3.0,ingroup
agreement,3,llama3.1:70b,moderate,4.0,ingroup
agreement,3,llama3.1:70b,moderate,4.0,ingroup
agreement,3,llama3.1:70b,moderate,3.0,ingroup
agreement,3,llama3.1:70b,moderate,4.0,ingroup
agreement,3,llama3.1:70b,moderate,3.0,ingroup
agreement,3,llama3.1:70b,moderate,4.0,ingroup
agreement,3,llama3.1:70b,moderate,4.0,ingroup
agreement,3,llama3.1:70b,moderate,4.0,ingroup
agreement,3,llama3.1:70b,moderate,4.0,ingroup
agreement,3,llama3.1:70b,moderate,4.0,ingroup
agreement,3,llama3.1:70b,moderate,4.0,ingroup
agreement,3,llama3.1:70b,moderate,3.0,ingroup
agreement,3,llama3.1:70b,moderate,4.0,ingroup
agreement,3,llama3.1:70b,moderate,4.0,ingroup
agreement,3,llama3.1:70b,moderate,4.0,ingroup
agreement,3,llama3.1:70b,moderate,4.0,ingroup
agreement,3,llama3.1:70b,moderate,3.0,ingroup
agreement,3,llama3.1:70b,liberal,2.0,ingroup
agreement,3,llama3.1:70b,liberal,2.0,ingroup
agreement,3,llama3.1:70b,liberal,2.0,ingroup
agreement,3,llama3.1:70b,liberal,2.0,ingroup
agreement,3,llama3.1:70b,liberal,2.0,ingroup
agreement,3,llama3.1:70b,liberal,2.0,ingroup
agreement,3,llama3.1:70b,liberal,2.0,ingroup
agreement,3,llama3.1:70b,liberal,2.0,ingroup
agreement,3,llama3.1:70b,liberal,2.0,ingroup
agreement,3,llama3.1:70b,liberal,2.0,ingroup
agreement,3,llama3.1:70b,liberal,2.0,ingroup
agreement,3,llama3.1:70b,liberal,2.0,ingroup
agreement,3,llama3.1:70b,liberal,2.0,ingroup
agreement,3,llama3.1:70b,liberal,2.0,ingroup
agreement,3,llama3.1:70b,liberal,2.0,ingroup
agreement,3,llama3.1:70b,liberal,2.0,ingroup
agreement,3,llama3.1:70b,liberal,2.0,ingroup
agreement,3,llama3.1:70b,liberal,2.0,ingroup
agreement,3,llama3.1:70b,liberal,3.0,ingroup
agreement,3,llama3.1:70b,liberal,2.0,ingroup
agreement,3,llama3.1:70b,liberal,1.0,ingroup
agreement,3,llama3.1:70b,liberal,2.0,ingroup
agreement,3,llama3.1:70b,liberal,2.0,ingroup
agreement,3,llama3.1:70b,liberal,2.0,ingroup
agreement,3,llama3.1:70b,liberal,3.0,ingroup
agreement,3,llama3.1:70b,liberal,3.0,ingroup
agreement,3,llama3.1:70b,liberal,2.0,ingroup
agreement,3,llama3.1:70b,liberal,2.0,ingroup
agreement,3,llama3.1:70b,liberal,2.0,ingroup
agreement,3,llama3.1:70b,liberal,2.0,ingroup
agreement,3,llama3.1:70b,liberal,2.0,ingroup
agreement,3,llama3.1:70b,liberal,1.0,ingroup
agreement,3,llama3.1:70b,liberal,2.0,ingroup
agreement,3,llama3.1:70b,liberal,2.0,ingroup
agreement,3,llama3.1:70b,liberal,2.0,ingroup
agreement,3,llama3.1:70b,liberal,2.0,ingroup
agreement,3,llama3.1:70b,liberal,2.0,ingroup
agreement,3,llama3.1:70b,liberal,2.0,ingroup
agreement,3,llama3.1:70b,liberal,1.0,ingroup
agreement,3,llama3.1:70b,liberal,2.0,ingroup
agreement,3,llama3.1:70b,liberal,2.0,ingroup
agreement,3,llama3.1:70b,liberal,2.0,ingroup
agreement,3,llama3.1:70b,liberal,2.0,ingroup
agreement,3,llama3.1:70b,liberal,2.0,ingroup
agreement,3,llama3.1:70b,liberal,2.0,ingroup
agreement,3,llama3.1:70b,liberal,2.0,ingroup
agreement,3,llama3.1:70b,liberal,2.0,ingroup
agreement,3,llama3.1:70b,liberal,2.0,ingroup
agreement,3,llama3.1:70b,liberal,2.0,ingroup
agreement,3,llama3.1:70b,liberal,2.0,ingroup
agreement,3,mistral:7b,conservative,5.0,ingroup
agreement,3,mistral:7b,conservative,5.0,ingroup
agreement,3,mistral:7b,conservative,5.0,ingroup
agreement,3,mistral:7b,conservative,5.0,ingroup
agreement,3,mistral:7b,conservative,5.0,ingroup
agreement,3,mistral:7b,conservative,5.0,ingroup
agreement,3,mistral:7b,conservative,5.0,ingroup
agreement,3,mistral:7b,conservative,5.0,ingroup
agreement,3,mistral:7b,conservative,5.0,ingroup
agreement,3,mistral:7b,conservative,5.0,ingroup
agreement,3,mistral:7b,conservative,5.0,ingroup
agreement,3,mistral:7b,conservative,5.0,ingroup
agreement,3,mistral:7b,conservative,5.0,ingroup
agreement,3,mistral:7b,conservative,5.0,ingroup
agreement,3,mistral:7b,conservative,5.0,ingroup
agreement,3,mistral:7b,conservative,5.0,ingroup
agreement,3,mistral:7b,conservative,5.0,ingroup
agreement,3,mistral:7b,conservative,5.0,ingroup
agreement,3,mistral:7b,conservative,5.0,ingroup
agreement,3,mistral:7b,conservative,5.0,ingroup
agreement,3,mistral:7b,conservative,5.0,ingroup
agreement,3,mistral:7b,conservative,5.0,ingroup
agreement,3,mistral:7b,conservative,5.0,ingroup
agreement,3,mistral:7b,conservative,5.0,ingroup
agreement,3,mistral:7b,conservative,5.0,ingroup
agreement,3,mistral:7b,conservative,5.0,ingroup
agreement,3,mistral:7b,conservative,5.0,ingroup
agreement,3,mistral:7b,conservative,5.0,ingroup
agreement,3,mistral:7b,conservative,5.0,ingroup
agreement,3,mistral:7b,conservative,5.0,ingroup
agreement,3,mistral:7b,conservative,5.0,ingroup
agreement,3,mistral:7b,conservative,5.0,ingroup
agreement,3,mistral:7b,conservative,5.0,ingroup
agreement,3,mistral:7b,conservative,5.0,ingroup
agreement,3,mistral:7b,conservative,5.0,ingroup
agreement,3,mistral:7b,conservative,5.0,ingroup
agreement,3,mistral:7b,conservative,5.0,ingroup
agreement,3,mistral:7b,conservative,5.0,ingroup
agreement,3,mistral:7b,conservative,5.0,ingroup
agreement,3,mistral:7b,conservative,5.0,ingroup
agreement,3,mistral:7b,conservative,5.0,ingroup
agreement,3,mistral:7b,conservative,5.0,ingroup
agreement,3,mistral:7b,conservative,5.0,ingroup
agreement,3,mistral:7b,conservative,5.0,ingroup
agreement,3,mistral:7b,conservative,5.0,ingroup
agreement,3,mistral:7b,conservative,5.0,ingroup
agreement,3,mistral:7b,conservative,5.0,ingroup
agreement,3,mistral:7b,conservative,5.0,ingroup
agreement,3,mistral:7b,conservative,5.0,ingroup
agreement,3,mistral:7b,conservative,5.0,ingroup
agreement,3,mistral:7b,moderate,0.0,ingroup
agreement,3,mistral:7b,moderate,3.0,ingroup
agreement,3,mistral:7b,moderate,4.0,ingroup
agreement,3,mistral:7b,moderate,3.0,ingroup
agreement,3,mistral:7b,moderate,0.0,ingroup
agreement,3,mistral:7b,moderate,3.0,ingroup
agreement,3,mistral:7b,moderate,0.0,ingroup
agreement,3,mistral:7b,moderate,0.0,ingroup
agreement,3,mistral:7b,moderate,3.0,ingroup
agreement,3,mistral:7b,moderate,3.0,ingroup
agreement,3,mistral:7b,moderate,5.0,ingroup
agreement,3,mistral:7b,moderate,0.0,ingroup
agreement,3,mistral:7b,moderate,3.0,ingroup
agreement,3,mistral:7b,moderate,3.0,ingroup
agreement,3,mistral:7b,moderate,3.0,ingroup
agreement,3,mistral:7b,moderate,3.0,ingroup
agreement,3,mistral:7b,moderate,3.0,ingroup
agreement,3,mistral:7b,moderate,3.0,ingroup
agreement,3,mistral:7b,moderate,5.0,ingroup
agreement,3,mistral:7b,moderate,3.0,ingroup
agreement,3,mistral:7b,moderate,4.0,ingroup
agreement,3,mistral:7b,moderate,3.0,ingroup
agreement,3,mistral:7b,moderate,3.0,ingroup
agreement,3,mistral:7b,moderate,3.0,ingroup
agreement,3,mistral:7b,moderate,0.0,ingroup
agreement,3,mistral:7b,moderate,3.0,ingroup
agreement,3,mistral:7b,moderate,3.0,ingroup
agreement,3,mistral:7b,moderate,3.0,ingroup
agreement,3,mistral:7b,moderate,3.0,ingroup
agreement,3,mistral:7b,moderate,3.0,ingroup
agreement,3,mistral:7b,moderate,4.0,ingroup
agreement,3,mistral:7b,moderate,3.0,ingroup
agreement,3,mistral:7b,moderate,0.0,ingroup
agreement,3,mistral:7b,moderate,5.0,ingroup
agreement,3,mistral:7b,moderate,3.0,ingroup
agreement,3,mistral:7b,moderate,3.0,ingroup
agreement,3,mistral:7b,moderate,3.0,ingroup
agreement,3,mistral:7b,moderate,5.0,ingroup
agreement,3,mistral:7b,moderate,3.0,ingroup
agreement,3,mistral:7b,moderate,3.0,ingroup
agreement,3,mistral:7b,moderate,3.0,ingroup
agreement,3,mistral:7b,moderate,4.0,ingroup
agreement,3,mistral:7b,moderate,3.0,ingroup
agreement,3,mistral:7b,moderate,4.0,ingroup
agreement,3,mistral:7b,moderate,0.0,ingroup
agreement,3,mistral:7b,liberal,3.0,ingroup
agreement,3,mistral:7b,liberal,3.0,ingroup
agreement,3,mistral:7b,liberal,3.0,ingroup
agreement,3,mistral:7b,liberal,3.0,ingroup
agreement,3,mistral:7b,liberal,3.0,ingroup
agreement,3,mistral:7b,liberal,0.0,ingroup
agreement,3,mistral:7b,liberal,3.0,ingroup
agreement,3,mistral:7b,liberal,3.0,ingroup
agreement,3,mistral:7b,liberal,5.0,ingroup
agreement,3,mistral:7b,liberal,3.0,ingroup
agreement,3,mistral:7b,liberal,3.0,ingroup
agreement,3,mistral:7b,liberal,5.0,ingroup
agreement,3,mistral:7b,liberal,5.0,ingroup
agreement,3,mistral:7b,liberal,3.0,ingroup
agreement,3,mistral:7b,liberal,3.0,ingroup
agreement,3,mistral:7b,liberal,3.0,ingroup
agreement,3,mistral:7b,liberal,3.0,ingroup
agreement,3,mistral:7b,liberal,4.0,ingroup
agreement,3,mistral:7b,liberal,0.0,ingroup
agreement,3,mistral:7b,liberal,3.0,ingroup
agreement,3,mistral:7b,liberal,3.0,ingroup
agreement,3,mistral:7b,liberal,3.0,ingroup
agreement,3,mistral:7b,liberal,1.0,ingroup
agreement,3,mistral:7b,liberal,3.0,ingroup
agreement,3,mistral:7b,liberal,3.0,ingroup
agreement,3,mistral:7b,liberal,5.0,ingroup
agreement,3,mistral:7b,liberal,0.0,ingroup
agreement,3,mistral:7b,liberal,3.0,ingroup
agreement,3,mistral:7b,liberal,2.0,ingroup
agreement,3,mistral:7b,liberal,3.0,ingroup
agreement,3,mistral:7b,liberal,3.0,ingroup
agreement,3,mistral:7b,liberal,2.0,ingroup
agreement,3,mistral:7b,liberal,1.0,ingroup
agreement,3,mistral:7b,liberal,3.0,ingroup
agreement,3,mistral:7b,liberal,3.0,ingroup
agreement,3,mistral:7b,liberal,1.0,ingroup
agreement,3,mistral:7b,liberal,3.0,ingroup
agreement,3,mistral:7b,liberal,3.0,ingroup
agreement,3,mistral:7b,liberal,0.0,ingroup
agreement,3,mistral:7b,liberal,3.0,ingroup
agreement,3,mistral:7b,liberal,3.0,ingroup
agreement,3,mistral:7b,liberal,3.0,ingroup
agreement,3,mistral:7b,liberal,0.0,ingroup
agreement,3,mistral:7b,liberal,0.0,ingroup
agreement,3,mixtral:8x22b,conservative,5.0,ingroup
agreement,3,mixtral:8x22b,conservative,5.0,ingroup
agreement,3,mixtral:8x22b,conservative,5.0,ingroup
agreement,3,mixtral:8x22b,conservative,5.0,ingroup
agreement,3,mixtral:8x22b,conservative,5.0,ingroup
agreement,3,mixtral:8x22b,conservative,5.0,ingroup
agreement,3,mixtral:8x22b,conservative,5.0,ingroup
agreement,3,mixtral:8x22b,conservative,5.0,ingroup
agreement,3,mixtral:8x22b,conservative,5.0,ingroup
agreement,3,mixtral:8x22b,conservative,5.0,ingroup
agreement,3,mixtral:8x22b,conservative,5.0,ingroup
agreement,3,mixtral:8x22b,conservative,5.0,ingroup
agreement,3,mixtral:8x22b,conservative,5.0,ingroup
agreement,3,mixtral:8x22b,conservative,5.0,ingroup
agreement,3,mixtral:8x22b,conservative,5.0,ingroup
agreement,3,mixtral:8x22b,conservative,5.0,ingroup
agreement,3,mixtral:8x22b,conservative,5.0,ingroup
agreement,3,mixtral:8x22b,conservative,5.0,ingroup
agreement,3,mixtral:8x22b,conservative,5.0,ingroup
agreement,3,mixtral:8x22b,conservative,5.0,ingroup
agreement,3,mixtral:8x22b,conservative,5.0,ingroup
agreement,3,mixtral:8x22b,conservative,5.0,ingroup
agreement,3,mixtral:8x22b,conservative,5.0,ingroup
agreement,3,mixtral:8x22b,conservative,5.0,ingroup
agreement,3,mixtral:8x22b,conservative,5.0,ingroup
agreement,3,mixtral:8x22b,conservative,5.0,ingroup
agreement,3,mixtral:8x22b,conservative,5.0,ingroup
agreement,3,mixtral:8x22b,conservative,5.0,ingroup
agreement,3,mixtral:8x22b,conservative,5.0,ingroup
agreement,3,mixtral:8x22b,conservative,5.0,ingroup
agreement,3,mixtral:8x22b,conservative,5.0,ingroup
agreement,3,mixtral:8x22b,conservative,5.0,ingroup
agreement,3,mixtral:8x22b,conservative,5.0,ingroup
agreement,3,mixtral:8x22b,conservative,5.0,ingroup
agreement,3,mixtral:8x22b,conservative,5.0,ingroup
agreement,3,mixtral:8x22b,conservative,5.0,ingroup
agreement,3,mixtral:8x22b,conservative,5.0,ingroup
agreement,3,mixtral:8x22b,conservative,5.0,ingroup
agreement,3,mixtral:8x22b,conservative,5.0,ingroup
agreement,3,mixtral:8x22b,conservative,5.0,ingroup
agreement,3,mixtral:8x22b,conservative,5.0,ingroup
agreement,3,mixtral:8x22b,conservative,5.0,ingroup
agreement,3,mixtral:8x22b,conservative,5.0,ingroup
agreement,3,mixtral:8x22b,conservative,5.0,ingroup
agreement,3,mixtral:8x22b,conservative,5.0,ingroup
agreement,3,mixtral:8x22b,conservative,5.0,ingroup
agreement,3,mixtral:8x22b,conservative,5.0,ingroup
agreement,3,mixtral:8x22b,conservative,5.0,ingroup
agreement,3,mixtral:8x22b,conservative,5.0,ingroup
agreement,3,mixtral:8x22b,conservative,5.0,ingroup
agreement,3,mixtral:8x22b,moderate,4.0,ingroup
agreement,3,mixtral:8x22b,moderate,4.0,ingroup
agreement,3,mixtral:8x22b,moderate,4.0,ingroup
agreement,3,mixtral:8x22b,moderate,4.0,ingroup
agreement,3,mixtral:8x22b,moderate,4.0,ingroup
agreement,3,mixtral:8x22b,moderate,4.0,ingroup
agreement,3,mixtral:8x22b,moderate,4.0,ingroup
agreement,3,mixtral:8x22b,moderate,4.0,ingroup
agreement,3,mixtral:8x22b,moderate,4.0,ingroup
agreement,3,mixtral:8x22b,moderate,4.0,ingroup
agreement,3,mixtral:8x22b,moderate,4.0,ingroup
agreement,3,mixtral:8x22b,moderate,4.0,ingroup
agreement,3,mixtral:8x22b,moderate,4.0,ingroup
agreement,3,mixtral:8x22b,moderate,4.0,ingroup
agreement,3,mixtral:8x22b,moderate,4.0,ingroup
agreement,3,mixtral:8x22b,moderate,4.0,ingroup
agreement,3,mixtral:8x22b,moderate,4.0,ingroup
agreement,3,mixtral:8x22b,moderate,4.0,ingroup
agreement,3,mixtral:8x22b,moderate,5.0,ingroup
agreement,3,mixtral:8x22b,moderate,4.0,ingroup
agreement,3,mixtral:8x22b,moderate,4.0,ingroup
agreement,3,mixtral:8x22b,moderate,4.0,ingroup
agreement,3,mixtral:8x22b,moderate,5.0,ingroup
agreement,3,mixtral:8x22b,moderate,4.0,ingroup
agreement,3,mixtral:8x22b,moderate,4.0,ingroup
agreement,3,mixtral:8x22b,moderate,4.0,ingroup
agreement,3,mixtral:8x22b,moderate,4.0,ingroup
agreement,3,mixtral:8x22b,moderate,4.0,ingroup
agreement,3,mixtral:8x22b,moderate,4.0,ingroup
agreement,3,mixtral:8x22b,moderate,4.0,ingroup
agreement,3,mixtral:8x22b,moderate,4.0,ingroup
agreement,3,mixtral:8x22b,moderate,5.0,ingroup
agreement,3,mixtral:8x22b,moderate,4.0,ingroup
agreement,3,mixtral:8x22b,moderate,4.0,ingroup
agreement,3,mixtral:8x22b,moderate,4.0,ingroup
agreement,3,mixtral:8x22b,moderate,4.0,ingroup
agreement,3,mixtral:8x22b,moderate,4.0,ingroup
agreement,3,mixtral:8x22b,moderate,5.0,ingroup
agreement,3,mixtral:8x22b,moderate,4.0,ingroup
agreement,3,mixtral:8x22b,moderate,4.0,ingroup
agreement,3,mixtral:8x22b,moderate,4.0,ingroup
agreement,3,mixtral:8x22b,moderate,4.0,ingroup
agreement,3,mixtral:8x22b,moderate,4.0,ingroup
agreement,3,mixtral:8x22b,moderate,4.0,ingroup
agreement,3,mixtral:8x22b,moderate,4.0,ingroup
agreement,3,mixtral:8x22b,moderate,4.0,ingroup
agreement,3,mixtral:8x22b,moderate,4.0,ingroup
agreement,3,mixtral:8x22b,moderate,4.0,ingroup
agreement,3,mixtral:8x22b,moderate,4.0,ingroup
agreement,3,mixtral:8x22b,moderate,4.0,ingroup
agreement,3,mixtral:8x22b,liberal,3.0,ingroup
agreement,3,mixtral:8x22b,liberal,3.0,ingroup
agreement,3,mixtral:8x22b,liberal,3.0,ingroup
agreement,3,mixtral:8x22b,liberal,4.0,ingroup
agreement,3,mixtral:8x22b,liberal,4.0,ingroup
agreement,3,mixtral:8x22b,liberal,3.0,ingroup
agreement,3,mixtral:8x22b,liberal,3.0,ingroup
agreement,3,mixtral:8x22b,liberal,3.0,ingroup
agreement,3,mixtral:8x22b,liberal,3.0,ingroup
agreement,3,mixtral:8x22b,liberal,4.0,ingroup
agreement,3,mixtral:8x22b,liberal,4.0,ingroup
agreement,3,mixtral:8x22b,liberal,4.0,ingroup
agreement,3,mixtral:8x22b,liberal,3.0,ingroup
agreement,3,mixtral:8x22b,liberal,4.0,ingroup
agreement,3,mixtral:8x22b,liberal,3.0,ingroup
agreement,3,mixtral:8x22b,liberal,3.0,ingroup
agreement,3,mixtral:8x22b,liberal,4.0,ingroup
agreement,3,mixtral:8x22b,liberal,3.0,ingroup
agreement,3,mixtral:8x22b,liberal,4.0,ingroup
agreement,3,mixtral:8x22b,liberal,3.0,ingroup
agreement,3,mixtral:8x22b,liberal,3.0,ingroup
agreement,3,mixtral:8x22b,liberal,3.0,ingroup
agreement,3,mixtral:8x22b,liberal,4.0,ingroup
agreement,3,mixtral:8x22b,liberal,3.0,ingroup
agreement,3,mixtral:8x22b,liberal,3.0,ingroup
agreement,3,mixtral:8x22b,liberal,3.0,ingroup
agreement,3,mixtral:8x22b,liberal,3.0,ingroup
agreement,3,mixtral:8x22b,liberal,3.0,ingroup
agreement,3,mixtral:8x22b,liberal,3.0,ingroup
agreement,3,mixtral:8x22b,liberal,3.0,ingroup
agreement,3,mixtral:8x22b,liberal,4.0,ingroup
agreement,3,mixtral:8x22b,liberal,4.0,ingroup
agreement,3,mixtral:8x22b,liberal,3.0,ingroup
agreement,3,mixtral:8x22b,liberal,3.0,ingroup
agreement,3,mixtral:8x22b,liberal,3.0,ingroup
agreement,3,mixtral:8x22b,liberal,3.0,ingroup
agreement,3,mixtral:8x22b,liberal,3.0,ingroup
agreement,3,mixtral:8x22b,liberal,3.0,ingroup
agreement,3,mixtral:8x22b,liberal,4.0,ingroup
agreement,3,mixtral:8x22b,liberal,4.0,ingroup
agreement,3,mixtral:8x22b,liberal,4.0,ingroup
agreement,3,mixtral:8x22b,liberal,3.0,ingroup
agreement,3,mixtral:8x22b,liberal,3.0,ingroup
agreement,3,mixtral:8x22b,liberal,3.0,ingroup
agreement,3,mixtral:8x22b,liberal,4.0,ingroup
agreement,3,mixtral:8x22b,liberal,3.0,ingroup
agreement,3,mixtral:8x22b,liberal,3.0,ingroup
agreement,3,mixtral:8x22b,liberal,4.0,ingroup
agreement,3,mixtral:8x22b,liberal,3.0,ingroup
agreement,3,mixtral:8x22b,liberal,4.0,ingroup
agreement,3,mixtral:8x7b,conservative,5.0,ingroup
agreement,3,mixtral:8x7b,conservative,5.0,ingroup
agreement,3,mixtral:8x7b,conservative,5.0,ingroup
agreement,3,mixtral:8x7b,conservative,5.0,ingroup
agreement,3,mixtral:8x7b,conservative,5.0,ingroup
agreement,3,mixtral:8x7b,conservative,5.0,ingroup
agreement,3,mixtral:8x7b,conservative,5.0,ingroup
agreement,3,mixtral:8x7b,conservative,5.0,ingroup
agreement,3,mixtral:8x7b,conservative,5.0,ingroup
agreement,3,mixtral:8x7b,conservative,5.0,ingroup
agreement,3,mixtral:8x7b,conservative,5.0,ingroup
agreement,3,mixtral:8x7b,conservative,5.0,ingroup
agreement,3,mixtral:8x7b,conservative,5.0,ingroup
agreement,3,mixtral:8x7b,conservative,5.0,ingroup
agreement,3,mixtral:8x7b,conservative,5.0,ingroup
agreement,3,mixtral:8x7b,conservative,5.0,ingroup
agreement,3,mixtral:8x7b,conservative,5.0,ingroup
agreement,3,mixtral:8x7b,conservative,5.0,ingroup
agreement,3,mixtral:8x7b,conservative,5.0,ingroup
agreement,3,mixtral:8x7b,conservative,5.0,ingroup
agreement,3,mixtral:8x7b,conservative,5.0,ingroup
agreement,3,mixtral:8x7b,conservative,5.0,ingroup
agreement,3,mixtral:8x7b,conservative,5.0,ingroup
agreement,3,mixtral:8x7b,conservative,5.0,ingroup
agreement,3,mixtral:8x7b,conservative,5.0,ingroup
agreement,3,mixtral:8x7b,conservative,5.0,ingroup
agreement,3,mixtral:8x7b,conservative,5.0,ingroup
agreement,3,mixtral:8x7b,conservative,5.0,ingroup
agreement,3,mixtral:8x7b,conservative,5.0,ingroup
agreement,3,mixtral:8x7b,conservative,5.0,ingroup
agreement,3,mixtral:8x7b,conservative,5.0,ingroup
agreement,3,mixtral:8x7b,conservative,5.0,ingroup
agreement,3,mixtral:8x7b,conservative,5.0,ingroup
agreement,3,mixtral:8x7b,conservative,5.0,ingroup
agreement,3,mixtral:8x7b,conservative,5.0,ingroup
agreement,3,mixtral:8x7b,conservative,5.0,ingroup
agreement,3,mixtral:8x7b,conservative,5.0,ingroup
agreement,3,mixtral:8x7b,conservative,5.0,ingroup
agreement,3,mixtral:8x7b,conservative,5.0,ingroup
agreement,3,mixtral:8x7b,conservative,5.0,ingroup
agreement,3,mixtral:8x7b,conservative,5.0,ingroup
agreement,3,mixtral:8x7b,conservative,5.0,ingroup
agreement,3,mixtral:8x7b,conservative,5.0,ingroup
agreement,3,mixtral:8x7b,conservative,5.0,ingroup
agreement,3,mixtral:8x7b,conservative,5.0,ingroup
agreement,3,mixtral:8x7b,conservative,5.0,ingroup
agreement,3,mixtral:8x7b,conservative,5.0,ingroup
agreement,3,mixtral:8x7b,conservative,5.0,ingroup
agreement,3,mixtral:8x7b,conservative,5.0,ingroup
agreement,3,mixtral:8x7b,conservative,5.0,ingroup
agreement,3,mixtral:8x7b,moderate,4.0,ingroup
agreement,3,mixtral:8x7b,moderate,4.0,ingroup
agreement,3,mixtral:8x7b,moderate,4.0,ingroup
agreement,3,mixtral:8x7b,moderate,4.0,ingroup
agreement,3,mixtral:8x7b,moderate,4.0,ingroup
agreement,3,mixtral:8x7b,moderate,4.0,ingroup
agreement,3,mixtral:8x7b,moderate,4.0,ingroup
agreement,3,mixtral:8x7b,moderate,4.0,ingroup
agreement,3,mixtral:8x7b,moderate,4.0,ingroup
agreement,3,mixtral:8x7b,moderate,4.0,ingroup
agreement,3,mixtral:8x7b,moderate,4.0,ingroup
agreement,3,mixtral:8x7b,moderate,4.0,ingroup
agreement,3,mixtral:8x7b,moderate,4.0,ingroup
agreement,3,mixtral:8x7b,moderate,4.0,ingroup
agreement,3,mixtral:8x7b,moderate,4.0,ingroup
agreement,3,mixtral:8x7b,moderate,4.0,ingroup
agreement,3,mixtral:8x7b,moderate,4.0,ingroup
agreement,3,mixtral:8x7b,moderate,4.0,ingroup
agreement,3,mixtral:8x7b,moderate,4.0,ingroup
agreement,3,mixtral:8x7b,moderate,4.0,ingroup
agreement,3,mixtral:8x7b,moderate,4.0,ingroup
agreement,3,mixtral:8x7b,moderate,4.0,ingroup
agreement,3,mixtral:8x7b,moderate,4.0,ingroup
agreement,3,mixtral:8x7b,moderate,4.0,ingroup
agreement,3,mixtral:8x7b,moderate,4.0,ingroup
agreement,3,mixtral:8x7b,moderate,4.0,ingroup
agreement,3,mixtral:8x7b,moderate,4.0,ingroup
agreement,3,mixtral:8x7b,moderate,4.0,ingroup
agreement,3,mixtral:8x7b,moderate,4.0,ingroup
agreement,3,mixtral:8x7b,moderate,4.0,ingroup
agreement,3,mixtral:8x7b,moderate,4.0,ingroup
agreement,3,mixtral:8x7b,moderate,4.0,ingroup
agreement,3,mixtral:8x7b,moderate,4.0,ingroup
agreement,3,mixtral:8x7b,moderate,4.0,ingroup
agreement,3,mixtral:8x7b,moderate,4.0,ingroup
agreement,3,mixtral:8x7b,moderate,4.0,ingroup
agreement,3,mixtral:8x7b,moderate,4.0,ingroup
agreement,3,mixtral:8x7b,moderate,4.0,ingroup
agreement,3,mixtral:8x7b,moderate,4.0,ingroup
agreement,3,mixtral:8x7b,moderate,4.0,ingroup
agreement,3,mixtral:8x7b,moderate,4.0,ingroup
agreement,3,mixtral:8x7b,moderate,4.0,ingroup
agreement,3,mixtral:8x7b,moderate,4.0,ingroup
agreement,3,mixtral:8x7b,moderate,4.0,ingroup
agreement,3,mixtral:8x7b,moderate,4.0,ingroup
agreement,3,mixtral:8x7b,moderate,4.0,ingroup
agreement,3,mixtral:8x7b,moderate,4.0,ingroup
agreement,3,mixtral:8x7b,moderate,4.0,ingroup
agreement,3,mixtral:8x7b,moderate,4.0,ingroup
agreement,3,mixtral:8x7b,moderate,4.0,ingroup
agreement,3,mixtral:8x7b,liberal,4.0,ingroup
agreement,3,mixtral:8x7b,liberal,4.0,ingroup
agreement,3,mixtral:8x7b,liberal,4.0,ingroup
agreement,3,mixtral:8x7b,liberal,4.0,ingroup
agreement,3,mixtral:8x7b,liberal,4.0,ingroup
agreement,3,mixtral:8x7b,liberal,4.0,ingroup
agreement,3,mixtral:8x7b,liberal,4.0,ingroup
agreement,3,mixtral:8x7b,liberal,4.0,ingroup
agreement,3,mixtral:8x7b,liberal,4.0,ingroup
agreement,3,mixtral:8x7b,liberal,4.0,ingroup
agreement,3,mixtral:8x7b,liberal,4.0,ingroup
agreement,3,mixtral:8x7b,liberal,4.0,ingroup
agreement,3,mixtral:8x7b,liberal,4.0,ingroup
agreement,3,mixtral:8x7b,liberal,4.0,ingroup
agreement,3,mixtral:8x7b,liberal,4.0,ingroup
agreement,3,mixtral:8x7b,liberal,4.0,ingroup
agreement,3,mixtral:8x7b,liberal,4.0,ingroup
agreement,3,mixtral:8x7b,liberal,4.0,ingroup
agreement,3,mixtral:8x7b,liberal,4.0,ingroup
agreement,3,mixtral:8x7b,liberal,4.0,ingroup
agreement,3,mixtral:8x7b,liberal,4.0,ingroup
agreement,3,mixtral:8x7b,liberal,4.0,ingroup
agreement,3,mixtral:8x7b,liberal,4.0,ingroup
agreement,3,mixtral:8x7b,liberal,4.0,ingroup
agreement,3,mixtral:8x7b,liberal,4.0,ingroup
agreement,3,mixtral:8x7b,liberal,4.0,ingroup
agreement,3,mixtral:8x7b,liberal,4.0,ingroup
agreement,3,mixtral:8x7b,liberal,4.0,ingroup
agreement,3,mixtral:8x7b,liberal,4.0,ingroup
agreement,3,mixtral:8x7b,liberal,4.0,ingroup
agreement,3,mixtral:8x7b,liberal,4.0,ingroup
agreement,3,mixtral:8x7b,liberal,4.0,ingroup
agreement,3,mixtral:8x7b,liberal,4.0,ingroup
agreement,3,mixtral:8x7b,liberal,4.0,ingroup
agreement,3,mixtral:8x7b,liberal,4.0,ingroup
agreement,3,mixtral:8x7b,liberal,4.0,ingroup
agreement,3,mixtral:8x7b,liberal,4.0,ingroup
agreement,3,mixtral:8x7b,liberal,4.0,ingroup
agreement,3,mixtral:8x7b,liberal,4.0,ingroup
agreement,3,mixtral:8x7b,liberal,4.0,ingroup
agreement,3,mixtral:8x7b,liberal,4.0,ingroup
agreement,3,mixtral:8x7b,liberal,4.0,ingroup
agreement,3,mixtral:8x7b,liberal,4.0,ingroup
agreement,3,mixtral:8x7b,liberal,4.0,ingroup
agreement,3,mixtral:8x7b,liberal,4.0,ingroup
agreement,3,mixtral:8x7b,liberal,4.0,ingroup
agreement,3,mixtral:8x7b,liberal,4.0,ingroup
agreement,3,mixtral:8x7b,liberal,4.0,ingroup
agreement,3,phi3:14b,conservative,5.0,ingroup
agreement,3,phi3:14b,conservative,5.0,ingroup
agreement,3,phi3:14b,conservative,5.0,ingroup
agreement,3,phi3:14b,conservative,5.0,ingroup
agreement,3,phi3:14b,conservative,5.0,ingroup
agreement,3,phi3:14b,conservative,5.0,ingroup
agreement,3,phi3:14b,conservative,5.0,ingroup
agreement,3,phi3:14b,conservative,5.0,ingroup
agreement,3,phi3:14b,conservative,5.0,ingroup
agreement,3,phi3:14b,conservative,5.0,ingroup
agreement,3,phi3:14b,conservative,4.0,ingroup
agreement,3,phi3:14b,conservative,5.0,ingroup
agreement,3,phi3:14b,conservative,5.0,ingroup
agreement,3,phi3:14b,conservative,5.0,ingroup
agreement,3,phi3:14b,conservative,5.0,ingroup
agreement,3,phi3:14b,conservative,5.0,ingroup
agreement,3,phi3:14b,conservative,5.0,ingroup
agreement,3,phi3:14b,conservative,5.0,ingroup
agreement,3,phi3:14b,conservative,5.0,ingroup
agreement,3,phi3:14b,conservative,5.0,ingroup
agreement,3,phi3:14b,conservative,5.0,ingroup
agreement,3,phi3:14b,conservative,5.0,ingroup
agreement,3,phi3:14b,conservative,5.0,ingroup
agreement,3,phi3:14b,conservative,5.0,ingroup
agreement,3,phi3:14b,conservative,5.0,ingroup
agreement,3,phi3:14b,conservative,5.0,ingroup
agreement,3,phi3:14b,conservative,5.0,ingroup
agreement,3,phi3:14b,conservative,5.0,ingroup
agreement,3,phi3:14b,conservative,5.0,ingroup
agreement,3,phi3:14b,conservative,5.0,ingroup
agreement,3,phi3:14b,conservative,5.0,ingroup
agreement,3,phi3:14b,conservative,5.0,ingroup
agreement,3,phi3:14b,conservative,5.0,ingroup
agreement,3,phi3:14b,conservative,5.0,ingroup
agreement,3,phi3:14b,conservative,5.0,ingroup
agreement,3,phi3:14b,conservative,5.0,ingroup
agreement,3,phi3:14b,conservative,5.0,ingroup
agreement,3,phi3:14b,conservative,5.0,ingroup
agreement,3,phi3:14b,conservative,5.0,ingroup
agreement,3,phi3:14b,conservative,5.0,ingroup
agreement,3,phi3:14b,conservative,5.0,ingroup
agreement,3,phi3:14b,conservative,5.0,ingroup
agreement,3,phi3:14b,conservative,5.0,ingroup
agreement,3,phi3:14b,conservative,5.0,ingroup
agreement,3,phi3:14b,conservative,5.0,ingroup
agreement,3,phi3:14b,conservative,5.0,ingroup
agreement,3,phi3:14b,conservative,5.0,ingroup
agreement,3,phi3:14b,conservative,5.0,ingroup
agreement,3,phi3:14b,conservative,5.0,ingroup
agreement,3,phi3:14b,conservative,5.0,ingroup
agreement,3,phi3:14b,moderate,5.0,ingroup
agreement,3,phi3:14b,moderate,4.0,ingroup
agreement,3,phi3:14b,moderate,5.0,ingroup
agreement,3,phi3:14b,moderate,5.0,ingroup
agreement,3,phi3:14b,moderate,5.0,ingroup
agreement,3,phi3:14b,moderate,5.0,ingroup
agreement,3,phi3:14b,moderate,4.0,ingroup
agreement,3,phi3:14b,moderate,3.0,ingroup
agreement,3,phi3:14b,moderate,5.0,ingroup
agreement,3,phi3:14b,moderate,5.0,ingroup
agreement,3,phi3:14b,moderate,4.0,ingroup
agreement,3,phi3:14b,moderate,5.0,ingroup
agreement,3,phi3:14b,moderate,4.0,ingroup
agreement,3,phi3:14b,moderate,5.0,ingroup
agreement,3,phi3:14b,moderate,5.0,ingroup
agreement,3,phi3:14b,moderate,3.0,ingroup
agreement,3,phi3:14b,moderate,5.0,ingroup
agreement,3,phi3:14b,moderate,4.0,ingroup
agreement,3,phi3:14b,moderate,3.0,ingroup
agreement,3,phi3:14b,moderate,4.0,ingroup
agreement,3,phi3:14b,moderate,3.0,ingroup
agreement,3,phi3:14b,moderate,4.0,ingroup
agreement,3,phi3:14b,moderate,4.0,ingroup
agreement,3,phi3:14b,moderate,4.0,ingroup
agreement,3,phi3:14b,moderate,5.0,ingroup
agreement,3,phi3:14b,moderate,5.0,ingroup
agreement,3,phi3:14b,moderate,5.0,ingroup
agreement,3,phi3:14b,moderate,5.0,ingroup
agreement,3,phi3:14b,moderate,3.0,ingroup
agreement,3,phi3:14b,moderate,4.0,ingroup
agreement,3,phi3:14b,moderate,4.0,ingroup
agreement,3,phi3:14b,moderate,4.0,ingroup
agreement,3,phi3:14b,moderate,3.0,ingroup
agreement,3,phi3:14b,moderate,3.0,ingroup
agreement,3,phi3:14b,moderate,4.0,ingroup
agreement,3,phi3:14b,moderate,5.0,ingroup
agreement,3,phi3:14b,moderate,4.0,ingroup
agreement,3,phi3:14b,moderate,3.0,ingroup
agreement,3,phi3:14b,moderate,5.0,ingroup
agreement,3,phi3:14b,moderate,5.0,ingroup
agreement,3,phi3:14b,moderate,3.0,ingroup
agreement,3,phi3:14b,moderate,4.0,ingroup
agreement,3,phi3:14b,moderate,4.0,ingroup
agreement,3,phi3:14b,moderate,3.0,ingroup
agreement,3,phi3:14b,moderate,4.0,ingroup
agreement,3,phi3:14b,moderate,5.0,ingroup
agreement,3,phi3:14b,moderate,4.0,ingroup
agreement,3,phi3:14b,moderate,4.0,ingroup
agreement,3,phi3:14b,moderate,5.0,ingroup
agreement,3,phi3:14b,moderate,5.0,ingroup
agreement,3,phi3:14b,liberal,3.0,ingroup
agreement,3,phi3:14b,liberal,3.0,ingroup
agreement,3,phi3:14b,liberal,3.0,ingroup
agreement,3,phi3:14b,liberal,5.0,ingroup
agreement,3,phi3:14b,liberal,4.0,ingroup
agreement,3,phi3:14b,liberal,3.0,ingroup
agreement,3,phi3:14b,liberal,3.0,ingroup
agreement,3,phi3:14b,liberal,5.0,ingroup
agreement,3,phi3:14b,liberal,3.0,ingroup
agreement,3,phi3:14b,liberal,3.0,ingroup
agreement,3,phi3:14b,liberal,4.0,ingroup
agreement,3,phi3:14b,liberal,5.0,ingroup
agreement,3,phi3:14b,liberal,0.0,ingroup
agreement,3,phi3:14b,liberal,5.0,ingroup
agreement,3,phi3:14b,liberal,3.0,ingroup
agreement,3,phi3:14b,liberal,5.0,ingroup
agreement,3,phi3:14b,liberal,4.0,ingroup
agreement,3,phi3:14b,liberal,3.0,ingroup
agreement,3,phi3:14b,liberal,4.0,ingroup
agreement,3,phi3:14b,liberal,0.0,ingroup
agreement,3,phi3:14b,liberal,2.0,ingroup
agreement,3,phi3:14b,liberal,0.0,ingroup
agreement,3,phi3:14b,liberal,4.0,ingroup
agreement,3,phi3:14b,liberal,0.0,ingroup
agreement,3,phi3:14b,liberal,4.0,ingroup
agreement,3,phi3:14b,liberal,4.0,ingroup
agreement,3,phi3:14b,liberal,4.0,ingroup
agreement,3,phi3:14b,liberal,3.0,ingroup
agreement,3,phi3:14b,liberal,5.0,ingroup
agreement,3,phi3:14b,liberal,3.0,ingroup
agreement,3,phi3:14b,liberal,3.0,ingroup
agreement,3,phi3:14b,liberal,3.0,ingroup
agreement,3,phi3:14b,liberal,3.0,ingroup
agreement,3,phi3:14b,liberal,3.0,ingroup
agreement,3,phi3:14b,liberal,1.0,ingroup
agreement,3,phi3:14b,liberal,4.0,ingroup
agreement,3,phi3:14b,liberal,3.0,ingroup
agreement,3,phi3:14b,liberal,2.0,ingroup
agreement,3,phi3:14b,liberal,3.0,ingroup
agreement,3,phi3:14b,liberal,5.0,ingroup
agreement,3,phi3:14b,liberal,3.0,ingroup
agreement,3,phi3:14b,liberal,4.0,ingroup
agreement,3,phi3:14b,liberal,3.0,ingroup
agreement,3,phi3:14b,liberal,4.0,ingroup
agreement,3,phi3:14b,liberal,5.0,ingroup
agreement,3,phi3:14b,liberal,4.0,ingroup
agreement,3,phi3:14b,liberal,5.0,ingroup
agreement,3,phi3:14b,liberal,3.0,ingroup
agreement,3,phi3:14b,liberal,3.0,ingroup
agreement,3,phi3:14b,liberal,3.0,ingroup
agreement,3,gemma:7b,conservative,5.0,ingroup
agreement,3,gemma:7b,conservative,5.0,ingroup
agreement,3,gemma:7b,conservative,5.0,ingroup
agreement,3,gemma:7b,conservative,5.0,ingroup
agreement,3,gemma:7b,conservative,5.0,ingroup
agreement,3,gemma:7b,conservative,5.0,ingroup
agreement,3,gemma:7b,conservative,5.0,ingroup
agreement,3,gemma:7b,conservative,5.0,ingroup
agreement,3,gemma:7b,conservative,5.0,ingroup
agreement,3,gemma:7b,conservative,5.0,ingroup
agreement,3,gemma:7b,conservative,5.0,ingroup
agreement,3,gemma:7b,conservative,5.0,ingroup
agreement,3,gemma:7b,conservative,5.0,ingroup
agreement,3,gemma:7b,conservative,4.0,ingroup
agreement,3,gemma:7b,conservative,5.0,ingroup
agreement,3,gemma:7b,conservative,5.0,ingroup
agreement,3,gemma:7b,conservative,5.0,ingroup
agreement,3,gemma:7b,conservative,5.0,ingroup
agreement,3,gemma:7b,conservative,5.0,ingroup
agreement,3,gemma:7b,conservative,5.0,ingroup
agreement,3,gemma:7b,conservative,5.0,ingroup
agreement,3,gemma:7b,conservative,5.0,ingroup
agreement,3,gemma:7b,conservative,5.0,ingroup
agreement,3,gemma:7b,conservative,4.0,ingroup
agreement,3,gemma:7b,conservative,4.0,ingroup
agreement,3,gemma:7b,conservative,4.0,ingroup
agreement,3,gemma:7b,conservative,5.0,ingroup
agreement,3,gemma:7b,conservative,5.0,ingroup
agreement,3,gemma:7b,conservative,5.0,ingroup
agreement,3,gemma:7b,conservative,5.0,ingroup
agreement,3,gemma:7b,conservative,5.0,ingroup
agreement,3,gemma:7b,conservative,5.0,ingroup
agreement,3,gemma:7b,conservative,4.0,ingroup
agreement,3,gemma:7b,conservative,5.0,ingroup
agreement,3,gemma:7b,conservative,5.0,ingroup
agreement,3,gemma:7b,conservative,5.0,ingroup
agreement,3,gemma:7b,conservative,5.0,ingroup
agreement,3,gemma:7b,conservative,5.0,ingroup
agreement,3,gemma:7b,conservative,5.0,ingroup
agreement,3,gemma:7b,conservative,5.0,ingroup
agreement,3,gemma:7b,conservative,5.0,ingroup
agreement,3,gemma:7b,conservative,5.0,ingroup
agreement,3,gemma:7b,conservative,5.0,ingroup
agreement,3,gemma:7b,conservative,5.0,ingroup
agreement,3,gemma:7b,conservative,5.0,ingroup
agreement,3,gemma:7b,conservative,5.0,ingroup
agreement,3,gemma:7b,conservative,5.0,ingroup
agreement,3,gemma:7b,conservative,5.0,ingroup
agreement,3,gemma:7b,conservative,5.0,ingroup
agreement,3,gemma:7b,conservative,5.0,ingroup
agreement,3,gemma:7b,moderate,3.0,ingroup
agreement,3,gemma:7b,moderate,3.0,ingroup
agreement,3,gemma:7b,moderate,3.0,ingroup
agreement,3,gemma:7b,moderate,3.0,ingroup
agreement,3,gemma:7b,moderate,3.0,ingroup
agreement,3,gemma:7b,moderate,3.0,ingroup
agreement,3,gemma:7b,moderate,3.0,ingroup
agreement,3,gemma:7b,moderate,3.0,ingroup
agreement,3,gemma:7b,moderate,3.0,ingroup
agreement,3,gemma:7b,moderate,3.0,ingroup
agreement,3,gemma:7b,moderate,3.0,ingroup
agreement,3,gemma:7b,moderate,3.0,ingroup
agreement,3,gemma:7b,moderate,3.0,ingroup
agreement,3,gemma:7b,moderate,3.0,ingroup
agreement,3,gemma:7b,moderate,3.0,ingroup
agreement,3,gemma:7b,moderate,3.0,ingroup
agreement,3,gemma:7b,moderate,3.0,ingroup
agreement,3,gemma:7b,moderate,3.0,ingroup
agreement,3,gemma:7b,moderate,3.0,ingroup
agreement,3,gemma:7b,moderate,3.0,ingroup
agreement,3,gemma:7b,moderate,3.0,ingroup
agreement,3,gemma:7b,moderate,3.0,ingroup
agreement,3,gemma:7b,moderate,3.0,ingroup
agreement,3,gemma:7b,moderate,3.0,ingroup
agreement,3,gemma:7b,moderate,3.0,ingroup
agreement,3,gemma:7b,moderate,3.0,ingroup
agreement,3,gemma:7b,moderate,3.0,ingroup
agreement,3,gemma:7b,moderate,3.0,ingroup
agreement,3,gemma:7b,moderate,3.0,ingroup
agreement,3,gemma:7b,moderate,3.0,ingroup
agreement,3,gemma:7b,moderate,3.0,ingroup
agreement,3,gemma:7b,moderate,3.0,ingroup
agreement,3,gemma:7b,moderate,3.0,ingroup
agreement,3,gemma:7b,moderate,3.0,ingroup
agreement,3,gemma:7b,moderate,3.0,ingroup
agreement,3,gemma:7b,moderate,3.0,ingroup
agreement,3,gemma:7b,moderate,3.0,ingroup
agreement,3,gemma:7b,moderate,3.0,ingroup
agreement,3,gemma:7b,moderate,3.0,ingroup
agreement,3,gemma:7b,moderate,3.0,ingroup
agreement,3,gemma:7b,moderate,3.0,ingroup
agreement,3,gemma:7b,moderate,3.0,ingroup
agreement,3,gemma:7b,moderate,3.0,ingroup
agreement,3,gemma:7b,moderate,3.0,ingroup
agreement,3,gemma:7b,moderate,3.0,ingroup
agreement,3,gemma:7b,moderate,3.0,ingroup
agreement,3,gemma:7b,moderate,3.0,ingroup
agreement,3,gemma:7b,moderate,3.0,ingroup
agreement,3,gemma:7b,moderate,3.0,ingroup
agreement,3,gemma:7b,moderate,3.0,ingroup
agreement,3,gemma:7b,liberal,4.0,ingroup
agreement,3,gemma:7b,liberal,3.0,ingroup
agreement,3,gemma:7b,liberal,3.0,ingroup
agreement,3,gemma:7b,liberal,4.0,ingroup
agreement,3,gemma:7b,liberal,3.0,ingroup
agreement,3,gemma:7b,liberal,4.0,ingroup
agreement,3,gemma:7b,liberal,3.0,ingroup
agreement,3,gemma:7b,liberal,3.0,ingroup
agreement,3,gemma:7b,liberal,4.0,ingroup
agreement,3,gemma:7b,liberal,3.0,ingroup
agreement,3,gemma:7b,liberal,3.0,ingroup
agreement,3,gemma:7b,liberal,4.0,ingroup
agreement,3,gemma:7b,liberal,4.0,ingroup
agreement,3,gemma:7b,liberal,3.0,ingroup
agreement,3,gemma:7b,liberal,4.0,ingroup
agreement,3,gemma:7b,liberal,3.0,ingroup
agreement,3,gemma:7b,liberal,4.0,ingroup
agreement,3,gemma:7b,liberal,3.0,ingroup
agreement,3,gemma:7b,liberal,3.0,ingroup
agreement,3,gemma:7b,liberal,4.0,ingroup
agreement,3,gemma:7b,liberal,3.0,ingroup
agreement,3,gemma:7b,liberal,3.0,ingroup
agreement,3,gemma:7b,liberal,3.0,ingroup
agreement,3,gemma:7b,liberal,3.0,ingroup
agreement,3,gemma:7b,liberal,3.0,ingroup
agreement,3,gemma:7b,liberal,4.0,ingroup
agreement,3,gemma:7b,liberal,4.0,ingroup
agreement,3,gemma:7b,liberal,3.0,ingroup
agreement,3,gemma:7b,liberal,4.0,ingroup
agreement,3,gemma:7b,liberal,3.0,ingroup
agreement,3,gemma:7b,liberal,4.0,ingroup
agreement,3,gemma:7b,liberal,3.0,ingroup
agreement,3,gemma:7b,liberal,3.0,ingroup
agreement,3,gemma:7b,liberal,4.0,ingroup
agreement,3,gemma:7b,liberal,3.0,ingroup
agreement,3,gemma:7b,liberal,3.0,ingroup
agreement,3,gemma:7b,liberal,4.0,ingroup
agreement,3,gemma:7b,liberal,5.0,ingroup
agreement,3,gemma:7b,liberal,4.0,ingroup
agreement,3,gemma:7b,liberal,4.0,ingroup
agreement,3,gemma:7b,liberal,3.0,ingroup
agreement,3,gemma:7b,liberal,4.0,ingroup
agreement,3,gemma:7b,liberal,3.0,ingroup
agreement,3,gemma:7b,liberal,3.0,ingroup
agreement,3,gemma:7b,liberal,4.0,ingroup
agreement,3,gemma:7b,liberal,4.0,ingroup
agreement,3,gemma:7b,liberal,3.0,ingroup
agreement,3,gemma:7b,liberal,3.0,ingroup
agreement,3,gemma:7b,liberal,3.0,ingroup
agreement,3,gemma:7b,liberal,3.0,ingroup
agreement,3,gemma2:27b,conservative,5.0,ingroup
agreement,3,gemma2:27b,conservative,5.0,ingroup
agreement,3,gemma2:27b,conservative,5.0,ingroup
agreement,3,gemma2:27b,conservative,5.0,ingroup
agreement,3,gemma2:27b,conservative,5.0,ingroup
agreement,3,gemma2:27b,conservative,5.0,ingroup
agreement,3,gemma2:27b,conservative,5.0,ingroup
agreement,3,gemma2:27b,conservative,5.0,ingroup
agreement,3,gemma2:27b,conservative,5.0,ingroup
agreement,3,gemma2:27b,conservative,5.0,ingroup
agreement,3,gemma2:27b,conservative,5.0,ingroup
agreement,3,gemma2:27b,conservative,5.0,ingroup
agreement,3,gemma2:27b,conservative,5.0,ingroup
agreement,3,gemma2:27b,conservative,5.0,ingroup
agreement,3,gemma2:27b,conservative,5.0,ingroup
agreement,3,gemma2:27b,conservative,5.0,ingroup
agreement,3,gemma2:27b,conservative,5.0,ingroup
agreement,3,gemma2:27b,conservative,5.0,ingroup
agreement,3,gemma2:27b,conservative,5.0,ingroup
agreement,3,gemma2:27b,conservative,5.0,ingroup
agreement,3,gemma2:27b,conservative,5.0,ingroup
agreement,3,gemma2:27b,conservative,5.0,ingroup
agreement,3,gemma2:27b,conservative,5.0,ingroup
agreement,3,gemma2:27b,conservative,5.0,ingroup
agreement,3,gemma2:27b,conservative,5.0,ingroup
agreement,3,gemma2:27b,conservative,5.0,ingroup
agreement,3,gemma2:27b,conservative,5.0,ingroup
agreement,3,gemma2:27b,conservative,5.0,ingroup
agreement,3,gemma2:27b,conservative,5.0,ingroup
agreement,3,gemma2:27b,conservative,5.0,ingroup
agreement,3,gemma2:27b,conservative,5.0,ingroup
agreement,3,gemma2:27b,conservative,5.0,ingroup
agreement,3,gemma2:27b,conservative,5.0,ingroup
agreement,3,gemma2:27b,conservative,5.0,ingroup
agreement,3,gemma2:27b,conservative,5.0,ingroup
agreement,3,gemma2:27b,conservative,5.0,ingroup
agreement,3,gemma2:27b,conservative,5.0,ingroup
agreement,3,gemma2:27b,conservative,5.0,ingroup
agreement,3,gemma2:27b,conservative,5.0,ingroup
agreement,3,gemma2:27b,conservative,5.0,ingroup
agreement,3,gemma2:27b,conservative,5.0,ingroup
agreement,3,gemma2:27b,conservative,5.0,ingroup
agreement,3,gemma2:27b,conservative,5.0,ingroup
agreement,3,gemma2:27b,conservative,5.0,ingroup
agreement,3,gemma2:27b,conservative,5.0,ingroup
agreement,3,gemma2:27b,conservative,5.0,ingroup
agreement,3,gemma2:27b,conservative,5.0,ingroup
agreement,3,gemma2:27b,conservative,5.0,ingroup
agreement,3,gemma2:27b,conservative,5.0,ingroup
agreement,3,gemma2:27b,conservative,5.0,ingroup
agreement,3,gemma2:27b,moderate,4.0,ingroup
agreement,3,gemma2:27b,moderate,3.0,ingroup
agreement,3,gemma2:27b,moderate,4.0,ingroup
agreement,3,gemma2:27b,moderate,3.0,ingroup
agreement,3,gemma2:27b,moderate,3.0,ingroup
agreement,3,gemma2:27b,moderate,3.0,ingroup
agreement,3,gemma2:27b,moderate,3.0,ingroup
agreement,3,gemma2:27b,moderate,3.0,ingroup
agreement,3,gemma2:27b,moderate,3.0,ingroup
agreement,3,gemma2:27b,moderate,3.0,ingroup
agreement,3,gemma2:27b,moderate,3.0,ingroup
agreement,3,gemma2:27b,moderate,3.0,ingroup
agreement,3,gemma2:27b,moderate,3.0,ingroup
agreement,3,gemma2:27b,moderate,3.0,ingroup
agreement,3,gemma2:27b,moderate,3.0,ingroup
agreement,3,gemma2:27b,moderate,3.0,ingroup
agreement,3,gemma2:27b,moderate,3.0,ingroup
agreement,3,gemma2:27b,moderate,3.0,ingroup
agreement,3,gemma2:27b,moderate,3.0,ingroup
agreement,3,gemma2:27b,moderate,3.0,ingroup
agreement,3,gemma2:27b,moderate,3.0,ingroup
agreement,3,gemma2:27b,moderate,3.0,ingroup
agreement,3,gemma2:27b,moderate,3.0,ingroup
agreement,3,gemma2:27b,moderate,3.0,ingroup
agreement,3,gemma2:27b,moderate,3.0,ingroup
agreement,3,gemma2:27b,moderate,3.0,ingroup
agreement,3,gemma2:27b,moderate,3.0,ingroup
agreement,3,gemma2:27b,moderate,3.0,ingroup
agreement,3,gemma2:27b,moderate,3.0,ingroup
agreement,3,gemma2:27b,moderate,3.0,ingroup
agreement,3,gemma2:27b,moderate,3.0,ingroup
agreement,3,gemma2:27b,moderate,3.0,ingroup
agreement,3,gemma2:27b,moderate,3.0,ingroup
agreement,3,gemma2:27b,moderate,3.0,ingroup
agreement,3,gemma2:27b,moderate,3.0,ingroup
agreement,3,gemma2:27b,moderate,3.0,ingroup
agreement,3,gemma2:27b,moderate,3.0,ingroup
agreement,3,gemma2:27b,moderate,3.0,ingroup
agreement,3,gemma2:27b,moderate,3.0,ingroup
agreement,3,gemma2:27b,moderate,3.0,ingroup
agreement,3,gemma2:27b,moderate,3.0,ingroup
agreement,3,gemma2:27b,moderate,3.0,ingroup
agreement,3,gemma2:27b,moderate,3.0,ingroup
agreement,3,gemma2:27b,moderate,4.0,ingroup
agreement,3,gemma2:27b,moderate,3.0,ingroup
agreement,3,gemma2:27b,moderate,3.0,ingroup
agreement,3,gemma2:27b,moderate,3.0,ingroup
agreement,3,gemma2:27b,moderate,3.0,ingroup
agreement,3,gemma2:27b,moderate,3.0,ingroup
agreement,3,gemma2:27b,moderate,3.0,ingroup
agreement,3,gemma2:27b,liberal,3.0,ingroup
agreement,3,gemma2:27b,liberal,3.0,ingroup
agreement,3,gemma2:27b,liberal,3.0,ingroup
agreement,3,gemma2:27b,liberal,3.0,ingroup
agreement,3,gemma2:27b,liberal,3.0,ingroup
agreement,3,gemma2:27b,liberal,3.0,ingroup
agreement,3,gemma2:27b,liberal,3.0,ingroup
agreement,3,gemma2:27b,liberal,3.0,ingroup
agreement,3,gemma2:27b,liberal,3.0,ingroup
agreement,3,gemma2:27b,liberal,3.0,ingroup
agreement,3,gemma2:27b,liberal,3.0,ingroup
agreement,3,gemma2:27b,liberal,3.0,ingroup
agreement,3,gemma2:27b,liberal,3.0,ingroup
agreement,3,gemma2:27b,liberal,3.0,ingroup
agreement,3,gemma2:27b,liberal,3.0,ingroup
agreement,3,gemma2:27b,liberal,3.0,ingroup
agreement,3,gemma2:27b,liberal,3.0,ingroup
agreement,3,gemma2:27b,liberal,3.0,ingroup
agreement,3,gemma2:27b,liberal,3.0,ingroup
agreement,3,gemma2:27b,liberal,3.0,ingroup
agreement,3,gemma2:27b,liberal,3.0,ingroup
agreement,3,gemma2:27b,liberal,3.0,ingroup
agreement,3,gemma2:27b,liberal,3.0,ingroup
agreement,3,gemma2:27b,liberal,3.0,ingroup
agreement,3,gemma2:27b,liberal,3.0,ingroup
agreement,3,gemma2:27b,liberal,3.0,ingroup
agreement,3,gemma2:27b,liberal,3.0,ingroup
agreement,3,gemma2:27b,liberal,3.0,ingroup
agreement,3,gemma2:27b,liberal,3.0,ingroup
agreement,3,gemma2:27b,liberal,3.0,ingroup
agreement,3,gemma2:27b,liberal,3.0,ingroup
agreement,3,gemma2:27b,liberal,3.0,ingroup
agreement,3,gemma2:27b,liberal,3.0,ingroup
agreement,3,gemma2:27b,liberal,3.0,ingroup
agreement,3,gemma2:27b,liberal,3.0,ingroup
agreement,3,gemma2:27b,liberal,3.0,ingroup
agreement,3,gemma2:27b,liberal,3.0,ingroup
agreement,3,gemma2:27b,liberal,3.0,ingroup
agreement,3,gemma2:27b,liberal,3.0,ingroup
agreement,3,gemma2:27b,liberal,3.0,ingroup
agreement,3,gemma2:27b,liberal,4.0,ingroup
agreement,3,gemma2:27b,liberal,3.0,ingroup
agreement,3,gemma2:27b,liberal,3.0,ingroup
agreement,3,gemma2:27b,liberal,3.0,ingroup
agreement,3,gemma2:27b,liberal,3.0,ingroup
agreement,3,gemma2:27b,liberal,3.0,ingroup
agreement,3,gemma2:27b,liberal,3.0,ingroup
agreement,3,gemma2:27b,liberal,3.0,ingroup
agreement,3,gemma2:27b,liberal,3.0,ingroup
agreement,3,gemma2:27b,liberal,3.0,ingroup
agreement,3,qwen:72b,conservative,5.0,ingroup
agreement,3,qwen:72b,conservative,5.0,ingroup
agreement,3,qwen:72b,conservative,5.0,ingroup
agreement,3,qwen:72b,conservative,5.0,ingroup
agreement,3,qwen:72b,conservative,5.0,ingroup
agreement,3,qwen:72b,conservative,5.0,ingroup
agreement,3,qwen:72b,conservative,5.0,ingroup
agreement,3,qwen:72b,conservative,5.0,ingroup
agreement,3,qwen:72b,conservative,5.0,ingroup
agreement,3,qwen:72b,conservative,5.0,ingroup
agreement,3,qwen:72b,conservative,5.0,ingroup
agreement,3,qwen:72b,conservative,5.0,ingroup
agreement,3,qwen:72b,conservative,5.0,ingroup
agreement,3,qwen:72b,conservative,5.0,ingroup
agreement,3,qwen:72b,conservative,5.0,ingroup
agreement,3,qwen:72b,conservative,5.0,ingroup
agreement,3,qwen:72b,conservative,5.0,ingroup
agreement,3,qwen:72b,conservative,5.0,ingroup
agreement,3,qwen:72b,conservative,5.0,ingroup
agreement,3,qwen:72b,conservative,5.0,ingroup
agreement,3,qwen:72b,conservative,5.0,ingroup
agreement,3,qwen:72b,conservative,5.0,ingroup
agreement,3,qwen:72b,conservative,5.0,ingroup
agreement,3,qwen:72b,conservative,5.0,ingroup
agreement,3,qwen:72b,conservative,5.0,ingroup
agreement,3,qwen:72b,conservative,5.0,ingroup
agreement,3,qwen:72b,conservative,5.0,ingroup
agreement,3,qwen:72b,conservative,5.0,ingroup
agreement,3,qwen:72b,conservative,5.0,ingroup
agreement,3,qwen:72b,conservative,5.0,ingroup
agreement,3,qwen:72b,conservative,5.0,ingroup
agreement,3,qwen:72b,conservative,5.0,ingroup
agreement,3,qwen:72b,conservative,5.0,ingroup
agreement,3,qwen:72b,conservative,5.0,ingroup
agreement,3,qwen:72b,conservative,5.0,ingroup
agreement,3,qwen:72b,conservative,5.0,ingroup
agreement,3,qwen:72b,conservative,5.0,ingroup
agreement,3,qwen:72b,conservative,5.0,ingroup
agreement,3,qwen:72b,conservative,5.0,ingroup
agreement,3,qwen:72b,conservative,5.0,ingroup
agreement,3,qwen:72b,conservative,5.0,ingroup
agreement,3,qwen:72b,conservative,5.0,ingroup
agreement,3,qwen:72b,conservative,5.0,ingroup
agreement,3,qwen:72b,conservative,5.0,ingroup
agreement,3,qwen:72b,conservative,5.0,ingroup
agreement,3,qwen:72b,conservative,5.0,ingroup
agreement,3,qwen:72b,conservative,5.0,ingroup
agreement,3,qwen:72b,conservative,5.0,ingroup
agreement,3,qwen:72b,conservative,5.0,ingroup
agreement,3,qwen:72b,moderate,3.0,ingroup
agreement,3,qwen:72b,moderate,4.0,ingroup
agreement,3,qwen:72b,moderate,4.0,ingroup
agreement,3,qwen:72b,moderate,4.0,ingroup
agreement,3,qwen:72b,moderate,4.0,ingroup
agreement,3,qwen:72b,moderate,4.0,ingroup
agreement,3,qwen:72b,moderate,4.0,ingroup
agreement,3,qwen:72b,moderate,4.0,ingroup
agreement,3,qwen:72b,moderate,0.0,ingroup
agreement,3,qwen:72b,moderate,4.0,ingroup
agreement,3,qwen:72b,moderate,4.0,ingroup
agreement,3,qwen:72b,moderate,4.0,ingroup
agreement,3,qwen:72b,moderate,5.0,ingroup
agreement,3,qwen:72b,moderate,4.0,ingroup
agreement,3,qwen:72b,moderate,3.0,ingroup
agreement,3,qwen:72b,moderate,0.0,ingroup
agreement,3,qwen:72b,moderate,4.0,ingroup
agreement,3,qwen:72b,moderate,4.0,ingroup
agreement,3,qwen:72b,moderate,4.0,ingroup
agreement,3,qwen:72b,moderate,4.0,ingroup
agreement,3,qwen:72b,moderate,5.0,ingroup
agreement,3,qwen:72b,moderate,5.0,ingroup
agreement,3,qwen:72b,moderate,3.0,ingroup
agreement,3,qwen:72b,moderate,0.0,ingroup
agreement,3,qwen:72b,moderate,0.0,ingroup
agreement,3,qwen:72b,moderate,4.0,ingroup
agreement,3,qwen:72b,moderate,4.0,ingroup
agreement,3,qwen:72b,moderate,4.0,ingroup
agreement,3,qwen:72b,moderate,5.0,ingroup
agreement,3,qwen:72b,moderate,4.0,ingroup
agreement,3,qwen:72b,moderate,4.0,ingroup
agreement,3,qwen:72b,moderate,4.0,ingroup
agreement,3,qwen:72b,moderate,4.0,ingroup
agreement,3,qwen:72b,moderate,3.0,ingroup
agreement,3,qwen:72b,moderate,4.0,ingroup
agreement,3,qwen:72b,moderate,4.0,ingroup
agreement,3,qwen:72b,moderate,3.0,ingroup
agreement,3,qwen:72b,liberal,2.0,ingroup
agreement,3,qwen:72b,liberal,2.0,ingroup
agreement,3,qwen:72b,liberal,3.0,ingroup
agreement,3,qwen:72b,liberal,2.0,ingroup
agreement,3,qwen:72b,liberal,4.0,ingroup
agreement,3,qwen:72b,liberal,4.0,ingroup
agreement,3,qwen:72b,liberal,4.0,ingroup
agreement,3,qwen:72b,liberal,2.0,ingroup
agreement,3,qwen:72b,liberal,2.0,ingroup
agreement,3,qwen:72b,liberal,2.0,ingroup
agreement,3,qwen:72b,liberal,4.0,ingroup
agreement,3,qwen:72b,liberal,3.0,ingroup
agreement,3,qwen:72b,liberal,3.0,ingroup
agreement,3,qwen:72b,liberal,2.0,ingroup
agreement,3,qwen:72b,liberal,4.0,ingroup
agreement,3,qwen:72b,liberal,2.0,ingroup
agreement,3,qwen:72b,liberal,3.0,ingroup
agreement,3,qwen:72b,liberal,3.0,ingroup
agreement,3,qwen:72b,liberal,4.0,ingroup
agreement,3,qwen:72b,liberal,3.0,ingroup
agreement,3,qwen:72b,liberal,2.0,ingroup
agreement,3,qwen:72b,liberal,2.0,ingroup
agreement,3,qwen:72b,liberal,2.0,ingroup
agreement,3,qwen:72b,liberal,2.0,ingroup
agreement,3,qwen:72b,liberal,1.0,ingroup
agreement,3,qwen:72b,liberal,3.0,ingroup
agreement,3,qwen:72b,liberal,4.0,ingroup
agreement,3,qwen:72b,liberal,2.0,ingroup
agreement,3,qwen:72b,liberal,2.0,ingroup
agreement,3,qwen:72b,liberal,4.0,ingroup
agreement,3,qwen:72b,liberal,4.0,ingroup
agreement,3,qwen:72b,liberal,2.0,ingroup
agreement,3,qwen:72b,liberal,2.0,ingroup
agreement,3,qwen:72b,liberal,2.0,ingroup
agreement,3,qwen:72b,liberal,3.0,ingroup
agreement,3,qwen:72b,liberal,3.0,ingroup
agreement,3,qwen:72b,liberal,4.0,ingroup
agreement,3,qwen:72b,liberal,1.0,ingroup
agreement,3,qwen:72b,liberal,2.0,ingroup
agreement,3,qwen:72b,liberal,3.0,ingroup
agreement,3,qwen:72b,liberal,4.0,ingroup
agreement,3,qwen:72b,liberal,2.0,ingroup
agreement,3,qwen:72b,liberal,3.0,ingroup
agreement,3,qwen:72b,liberal,3.0,ingroup
agreement,3,qwen:72b,liberal,4.0,ingroup
agreement,3,qwen:72b,liberal,3.0,ingroup
agreement,3,qwen:72b,liberal,2.0,ingroup
agreement,3,qwen:72b,liberal,2.0,ingroup
agreement,3,qwen:72b,liberal,4.0,ingroup
agreement,3,qwen:72b,liberal,2.0,ingroup
agreement,3,qwen2:72b,conservative,5.0,ingroup
agreement,3,qwen2:72b,conservative,5.0,ingroup
agreement,3,qwen2:72b,conservative,5.0,ingroup
agreement,3,qwen2:72b,conservative,5.0,ingroup
agreement,3,qwen2:72b,conservative,5.0,ingroup
agreement,3,qwen2:72b,conservative,5.0,ingroup
agreement,3,qwen2:72b,conservative,5.0,ingroup
agreement,3,qwen2:72b,conservative,5.0,ingroup
agreement,3,qwen2:72b,conservative,5.0,ingroup
agreement,3,qwen2:72b,conservative,5.0,ingroup
agreement,3,qwen2:72b,conservative,5.0,ingroup
agreement,3,qwen2:72b,conservative,5.0,ingroup
agreement,3,qwen2:72b,conservative,5.0,ingroup
agreement,3,qwen2:72b,conservative,5.0,ingroup
agreement,3,qwen2:72b,conservative,5.0,ingroup
agreement,3,qwen2:72b,conservative,5.0,ingroup
agreement,3,qwen2:72b,conservative,5.0,ingroup
agreement,3,qwen2:72b,conservative,5.0,ingroup
agreement,3,qwen2:72b,conservative,5.0,ingroup
agreement,3,qwen2:72b,conservative,5.0,ingroup
agreement,3,qwen2:72b,conservative,5.0,ingroup
agreement,3,qwen2:72b,conservative,5.0,ingroup
agreement,3,qwen2:72b,conservative,5.0,ingroup
agreement,3,qwen2:72b,conservative,5.0,ingroup
agreement,3,qwen2:72b,conservative,5.0,ingroup
agreement,3,qwen2:72b,conservative,5.0,ingroup
agreement,3,qwen2:72b,conservative,5.0,ingroup
agreement,3,qwen2:72b,conservative,5.0,ingroup
agreement,3,qwen2:72b,conservative,5.0,ingroup
agreement,3,qwen2:72b,conservative,5.0,ingroup
agreement,3,qwen2:72b,conservative,5.0,ingroup
agreement,3,qwen2:72b,conservative,5.0,ingroup
agreement,3,qwen2:72b,conservative,5.0,ingroup
agreement,3,qwen2:72b,conservative,5.0,ingroup
agreement,3,qwen2:72b,conservative,5.0,ingroup
agreement,3,qwen2:72b,conservative,5.0,ingroup
agreement,3,qwen2:72b,conservative,5.0,ingroup
agreement,3,qwen2:72b,conservative,5.0,ingroup
agreement,3,qwen2:72b,conservative,5.0,ingroup
agreement,3,qwen2:72b,conservative,5.0,ingroup
agreement,3,qwen2:72b,conservative,5.0,ingroup
agreement,3,qwen2:72b,conservative,5.0,ingroup
agreement,3,qwen2:72b,conservative,5.0,ingroup
agreement,3,qwen2:72b,conservative,5.0,ingroup
agreement,3,qwen2:72b,conservative,5.0,ingroup
agreement,3,qwen2:72b,conservative,5.0,ingroup
agreement,3,qwen2:72b,conservative,5.0,ingroup
agreement,3,qwen2:72b,conservative,5.0,ingroup
agreement,3,qwen2:72b,conservative,5.0,ingroup
agreement,3,qwen2:72b,conservative,5.0,ingroup
agreement,3,qwen2:72b,moderate,5.0,ingroup
agreement,3,qwen2:72b,moderate,5.0,ingroup
agreement,3,qwen2:72b,moderate,4.0,ingroup
agreement,3,qwen2:72b,moderate,5.0,ingroup
agreement,3,qwen2:72b,moderate,5.0,ingroup
agreement,3,qwen2:72b,moderate,5.0,ingroup
agreement,3,qwen2:72b,moderate,4.0,ingroup
agreement,3,qwen2:72b,moderate,5.0,ingroup
agreement,3,qwen2:72b,moderate,5.0,ingroup
agreement,3,qwen2:72b,moderate,3.0,ingroup
agreement,3,qwen2:72b,moderate,5.0,ingroup
agreement,3,qwen2:72b,moderate,5.0,ingroup
agreement,3,qwen2:72b,moderate,5.0,ingroup
agreement,3,qwen2:72b,moderate,5.0,ingroup
agreement,3,qwen2:72b,moderate,3.0,ingroup
agreement,3,qwen2:72b,moderate,5.0,ingroup
agreement,3,qwen2:72b,moderate,5.0,ingroup
agreement,3,qwen2:72b,moderate,4.0,ingroup
agreement,3,qwen2:72b,moderate,4.0,ingroup
agreement,3,qwen2:72b,moderate,5.0,ingroup
agreement,3,qwen2:72b,moderate,4.0,ingroup
agreement,3,qwen2:72b,moderate,5.0,ingroup
agreement,3,qwen2:72b,moderate,5.0,ingroup
agreement,3,qwen2:72b,moderate,5.0,ingroup
agreement,3,qwen2:72b,moderate,5.0,ingroup
agreement,3,qwen2:72b,moderate,4.0,ingroup
agreement,3,qwen2:72b,moderate,5.0,ingroup
agreement,3,qwen2:72b,moderate,5.0,ingroup
agreement,3,qwen2:72b,moderate,5.0,ingroup
agreement,3,qwen2:72b,moderate,4.0,ingroup
agreement,3,qwen2:72b,moderate,5.0,ingroup
agreement,3,qwen2:72b,moderate,5.0,ingroup
agreement,3,qwen2:72b,moderate,5.0,ingroup
agreement,3,qwen2:72b,moderate,5.0,ingroup
agreement,3,qwen2:72b,moderate,5.0,ingroup
agreement,3,qwen2:72b,moderate,5.0,ingroup
agreement,3,qwen2:72b,moderate,4.0,ingroup
agreement,3,qwen2:72b,moderate,5.0,ingroup
agreement,3,qwen2:72b,moderate,5.0,ingroup
agreement,3,qwen2:72b,moderate,5.0,ingroup
agreement,3,qwen2:72b,moderate,5.0,ingroup
agreement,3,qwen2:72b,moderate,5.0,ingroup
agreement,3,qwen2:72b,moderate,4.0,ingroup
agreement,3,qwen2:72b,moderate,4.0,ingroup
agreement,3,qwen2:72b,moderate,4.0,ingroup
agreement,3,qwen2:72b,moderate,3.0,ingroup
agreement,3,qwen2:72b,moderate,4.0,ingroup
agreement,3,qwen2:72b,moderate,4.0,ingroup
agreement,3,qwen2:72b,moderate,4.0,ingroup
agreement,3,qwen2:72b,moderate,4.0,ingroup
agreement,3,qwen2:72b,liberal,5.0,ingroup
agreement,3,qwen2:72b,liberal,4.0,ingroup
agreement,3,qwen2:72b,liberal,5.0,ingroup
agreement,3,qwen2:72b,liberal,5.0,ingroup
agreement,3,qwen2:72b,liberal,5.0,ingroup
agreement,3,qwen2:72b,liberal,4.0,ingroup
agreement,3,qwen2:72b,liberal,5.0,ingroup
agreement,3,qwen2:72b,liberal,5.0,ingroup
agreement,3,qwen2:72b,liberal,5.0,ingroup
agreement,3,qwen2:72b,liberal,5.0,ingroup
agreement,3,qwen2:72b,liberal,5.0,ingroup
agreement,3,qwen2:72b,liberal,4.0,ingroup
agreement,3,qwen2:72b,liberal,5.0,ingroup
agreement,3,qwen2:72b,liberal,4.0,ingroup
agreement,3,qwen2:72b,liberal,4.0,ingroup
agreement,3,qwen2:72b,liberal,4.0,ingroup
agreement,3,qwen2:72b,liberal,4.0,ingroup
agreement,3,qwen2:72b,liberal,5.0,ingroup
agreement,3,qwen2:72b,liberal,5.0,ingroup
agreement,3,qwen2:72b,liberal,4.0,ingroup
agreement,3,qwen2:72b,liberal,4.0,ingroup
agreement,3,qwen2:72b,liberal,5.0,ingroup
agreement,3,qwen2:72b,liberal,4.0,ingroup
agreement,3,qwen2:72b,liberal,5.0,ingroup
agreement,3,qwen2:72b,liberal,5.0,ingroup
agreement,3,qwen2:72b,liberal,4.0,ingroup
agreement,3,qwen2:72b,liberal,5.0,ingroup
agreement,3,qwen2:72b,liberal,5.0,ingroup
agreement,3,qwen2:72b,liberal,5.0,ingroup
agreement,3,qwen2:72b,liberal,5.0,ingroup
agreement,3,qwen2:72b,liberal,4.0,ingroup
agreement,3,qwen2:72b,liberal,5.0,ingroup
agreement,3,qwen2:72b,liberal,5.0,ingroup
agreement,3,qwen2:72b,liberal,4.0,ingroup
agreement,3,qwen2:72b,liberal,5.0,ingroup
agreement,3,qwen2:72b,liberal,5.0,ingroup
agreement,3,qwen2:72b,liberal,5.0,ingroup
agreement,3,qwen2:72b,liberal,4.0,ingroup
agreement,3,qwen2:72b,liberal,5.0,ingroup
agreement,3,qwen2:72b,liberal,4.0,ingroup
agreement,3,qwen2:72b,liberal,5.0,ingroup
agreement,3,qwen2:72b,liberal,5.0,ingroup
agreement,3,qwen2:72b,liberal,5.0,ingroup
agreement,3,qwen2:72b,liberal,4.0,ingroup
agreement,3,qwen2:72b,liberal,4.0,ingroup
agreement,3,qwen2:72b,liberal,4.0,ingroup
agreement,3,qwen2:72b,liberal,4.0,ingroup
agreement,3,qwen2:72b,liberal,5.0,ingroup
agreement,3,qwen2:72b,liberal,5.0,ingroup
agreement,3,qwen2:72b,liberal,5.0,ingroup
agreement,4,llama3.1:8b,conservative,5.0,authority
agreement,4,llama3.1:8b,conservative,4.0,authority
agreement,4,llama3.1:8b,conservative,5.0,authority
agreement,4,llama3.1:8b,conservative,5.0,authority
agreement,4,llama3.1:8b,conservative,5.0,authority
agreement,4,llama3.1:8b,conservative,5.0,authority
agreement,4,llama3.1:8b,conservative,5.0,authority
agreement,4,llama3.1:8b,conservative,5.0,authority
agreement,4,llama3.1:8b,conservative,5.0,authority
agreement,4,llama3.1:8b,conservative,5.0,authority
agreement,4,llama3.1:8b,conservative,5.0,authority
agreement,4,llama3.1:8b,conservative,4.0,authority
agreement,4,llama3.1:8b,conservative,5.0,authority
agreement,4,llama3.1:8b,conservative,5.0,authority
agreement,4,llama3.1:8b,conservative,5.0,authority
agreement,4,llama3.1:8b,conservative,5.0,authority
agreement,4,llama3.1:8b,conservative,4.0,authority
agreement,4,llama3.1:8b,conservative,4.0,authority
agreement,4,llama3.1:8b,conservative,5.0,authority
agreement,4,llama3.1:8b,conservative,5.0,authority
agreement,4,llama3.1:8b,conservative,5.0,authority
agreement,4,llama3.1:8b,conservative,5.0,authority
agreement,4,llama3.1:8b,conservative,5.0,authority
agreement,4,llama3.1:8b,conservative,5.0,authority
agreement,4,llama3.1:8b,conservative,5.0,authority
agreement,4,llama3.1:8b,conservative,5.0,authority
agreement,4,llama3.1:8b,conservative,5.0,authority
agreement,4,llama3.1:8b,conservative,5.0,authority
agreement,4,llama3.1:8b,conservative,5.0,authority
agreement,4,llama3.1:8b,conservative,4.0,authority
agreement,4,llama3.1:8b,conservative,5.0,authority
agreement,4,llama3.1:8b,conservative,5.0,authority
agreement,4,llama3.1:8b,conservative,5.0,authority
agreement,4,llama3.1:8b,conservative,5.0,authority
agreement,4,llama3.1:8b,conservative,5.0,authority
agreement,4,llama3.1:8b,conservative,5.0,authority
agreement,4,llama3.1:8b,conservative,4.0,authority
agreement,4,llama3.1:8b,conservative,5.0,authority
agreement,4,llama3.1:8b,conservative,5.0,authority
agreement,4,llama3.1:8b,conservative,5.0,authority
agreement,4,llama3.1:8b,conservative,5.0,authority
agreement,4,llama3.1:8b,conservative,5.0,authority
agreement,4,llama3.1:8b,conservative,5.0,authority
agreement,4,llama3.1:8b,conservative,5.0,authority
agreement,4,llama3.1:8b,conservative,5.0,authority
agreement,4,llama3.1:8b,conservative,5.0,authority
agreement,4,llama3.1:8b,conservative,5.0,authority
agreement,4,llama3.1:8b,conservative,5.0,authority
agreement,4,llama3.1:8b,conservative,5.0,authority
agreement,4,llama3.1:8b,conservative,5.0,authority
agreement,4,llama3.1:8b,moderate,5.0,authority
agreement,4,llama3.1:8b,moderate,4.0,authority
agreement,4,llama3.1:8b,moderate,5.0,authority
agreement,4,llama3.1:8b,moderate,4.0,authority
agreement,4,llama3.1:8b,moderate,4.0,authority
agreement,4,llama3.1:8b,moderate,4.0,authority
agreement,4,llama3.1:8b,moderate,4.0,authority
agreement,4,llama3.1:8b,moderate,5.0,authority
agreement,4,llama3.1:8b,moderate,5.0,authority
agreement,4,llama3.1:8b,moderate,4.0,authority
agreement,4,llama3.1:8b,moderate,4.0,authority
agreement,4,llama3.1:8b,moderate,4.0,authority
agreement,4,llama3.1:8b,moderate,4.0,authority
agreement,4,llama3.1:8b,moderate,5.0,authority
agreement,4,llama3.1:8b,moderate,4.0,authority
agreement,4,llama3.1:8b,moderate,4.0,authority
agreement,4,llama3.1:8b,moderate,4.0,authority
agreement,4,llama3.1:8b,moderate,4.0,authority
agreement,4,llama3.1:8b,moderate,4.0,authority
agreement,4,llama3.1:8b,moderate,4.0,authority
agreement,4,llama3.1:8b,moderate,4.0,authority
agreement,4,llama3.1:8b,moderate,4.0,authority
agreement,4,llama3.1:8b,moderate,4.0,authority
agreement,4,llama3.1:8b,moderate,4.0,authority
agreement,4,llama3.1:8b,moderate,4.0,authority
agreement,4,llama3.1:8b,moderate,4.0,authority
agreement,4,llama3.1:8b,moderate,5.0,authority
agreement,4,llama3.1:8b,moderate,4.0,authority
agreement,4,llama3.1:8b,moderate,4.0,authority
agreement,4,llama3.1:8b,moderate,4.0,authority
agreement,4,llama3.1:8b,moderate,4.0,authority
agreement,4,llama3.1:8b,moderate,5.0,authority
agreement,4,llama3.1:8b,moderate,4.0,authority
agreement,4,llama3.1:8b,moderate,4.0,authority
agreement,4,llama3.1:8b,moderate,4.0,authority
agreement,4,llama3.1:8b,moderate,4.0,authority
agreement,4,llama3.1:8b,moderate,5.0,authority
agreement,4,llama3.1:8b,moderate,4.0,authority
agreement,4,llama3.1:8b,moderate,4.0,authority
agreement,4,llama3.1:8b,moderate,5.0,authority
agreement,4,llama3.1:8b,moderate,5.0,authority
agreement,4,llama3.1:8b,moderate,4.0,authority
agreement,4,llama3.1:8b,moderate,4.0,authority
agreement,4,llama3.1:8b,moderate,5.0,authority
agreement,4,llama3.1:8b,moderate,4.0,authority
agreement,4,llama3.1:8b,moderate,4.0,authority
agreement,4,llama3.1:8b,moderate,5.0,authority
agreement,4,llama3.1:8b,moderate,4.0,authority
agreement,4,llama3.1:8b,moderate,4.0,authority
agreement,4,llama3.1:8b,moderate,4.0,authority
agreement,4,llama3.1:8b,liberal,3.0,authority
agreement,4,llama3.1:8b,liberal,5.0,authority
agreement,4,llama3.1:8b,liberal,2.0,authority
agreement,4,llama3.1:8b,liberal,3.0,authority
agreement,4,llama3.1:8b,liberal,4.0,authority
agreement,4,llama3.1:8b,liberal,2.0,authority
agreement,4,llama3.1:8b,liberal,4.0,authority
agreement,4,llama3.1:8b,liberal,5.0,authority
agreement,4,llama3.1:8b,liberal,5.0,authority
agreement,4,llama3.1:8b,liberal,2.0,authority
agreement,4,llama3.1:8b,liberal,2.0,authority
agreement,4,llama3.1:8b,liberal,3.0,authority
agreement,4,llama3.1:8b,liberal,3.0,authority
agreement,4,llama3.1:8b,liberal,2.0,authority
agreement,4,llama3.1:8b,liberal,2.0,authority
agreement,4,llama3.1:8b,liberal,2.0,authority
agreement,4,llama3.1:8b,liberal,5.0,authority
agreement,4,llama3.1:8b,liberal,2.0,authority
agreement,4,llama3.1:8b,liberal,5.0,authority
agreement,4,llama3.1:8b,liberal,4.0,authority
agreement,4,llama3.1:8b,liberal,2.0,authority
agreement,4,llama3.1:8b,liberal,2.0,authority
agreement,4,llama3.1:8b,liberal,2.0,authority
agreement,4,llama3.1:8b,liberal,4.0,authority
agreement,4,llama3.1:8b,liberal,2.0,authority
agreement,4,llama3.1:8b,liberal,5.0,authority
agreement,4,llama3.1:8b,liberal,2.0,authority
agreement,4,llama3.1:8b,liberal,5.0,authority
agreement,4,llama3.1:8b,liberal,1.0,authority
agreement,4,llama3.1:8b,liberal,2.0,authority
agreement,4,llama3.1:8b,liberal,5.0,authority
agreement,4,llama3.1:8b,liberal,5.0,authority
agreement,4,llama3.1:8b,liberal,4.0,authority
agreement,4,llama3.1:8b,liberal,2.0,authority
agreement,4,llama3.1:8b,liberal,2.0,authority
agreement,4,llama3.1:8b,liberal,5.0,authority
agreement,4,llama3.1:8b,liberal,5.0,authority
agreement,4,llama3.1:8b,liberal,5.0,authority
agreement,4,llama3.1:8b,liberal,5.0,authority
agreement,4,llama3.1:8b,liberal,4.0,authority
agreement,4,llama3.1:8b,liberal,2.0,authority
agreement,4,llama3.1:8b,liberal,2.0,authority
agreement,4,llama3.1:8b,liberal,4.0,authority
agreement,4,llama3.1:8b,liberal,5.0,authority
agreement,4,llama3.1:8b,liberal,4.0,authority
agreement,4,llama3.1:8b,liberal,2.0,authority
agreement,4,llama3.1:8b,liberal,4.0,authority
agreement,4,llama3.1:8b,liberal,2.0,authority
agreement,4,llama3.1:8b,liberal,4.0,authority
agreement,4,llama3.1:8b,liberal,5.0,authority
agreement,4,llama2:70b,conservative,4.0,authority
agreement,4,llama2:70b,conservative,4.0,authority
agreement,4,llama2:70b,conservative,4.0,authority
agreement,4,llama2:70b,conservative,4.0,authority
agreement,4,llama2:70b,conservative,4.0,authority
agreement,4,llama2:70b,conservative,4.0,authority
agreement,4,llama2:70b,conservative,4.0,authority
agreement,4,llama2:70b,conservative,4.0,authority
agreement,4,llama2:70b,conservative,4.0,authority
agreement,4,llama2:70b,conservative,4.0,authority
agreement,4,llama2:70b,conservative,4.0,authority
agreement,4,llama2:70b,conservative,4.0,authority
agreement,4,llama2:70b,conservative,4.0,authority
agreement,4,llama2:70b,conservative,4.0,authority
agreement,4,llama2:70b,conservative,4.0,authority
agreement,4,llama2:70b,conservative,4.0,authority
agreement,4,llama2:70b,conservative,4.0,authority
agreement,4,llama2:70b,conservative,4.0,authority
agreement,4,llama2:70b,conservative,4.0,authority
agreement,4,llama2:70b,conservative,4.0,authority
agreement,4,llama2:70b,conservative,4.0,authority
agreement,4,llama2:70b,conservative,4.0,authority
agreement,4,llama2:70b,conservative,4.0,authority
agreement,4,llama2:70b,conservative,4.0,authority
agreement,4,llama2:70b,conservative,4.0,authority
agreement,4,llama2:70b,conservative,4.0,authority
agreement,4,llama2:70b,conservative,4.0,authority
agreement,4,llama2:70b,conservative,4.0,authority
agreement,4,llama2:70b,conservative,4.0,authority
agreement,4,llama2:70b,conservative,4.0,authority
agreement,4,llama2:70b,conservative,4.0,authority
agreement,4,llama2:70b,conservative,4.0,authority
agreement,4,llama2:70b,conservative,4.0,authority
agreement,4,llama2:70b,conservative,4.0,authority
agreement,4,llama2:70b,conservative,4.0,authority
agreement,4,llama2:70b,conservative,4.0,authority
agreement,4,llama2:70b,conservative,4.0,authority
agreement,4,llama2:70b,conservative,4.0,authority
agreement,4,llama2:70b,conservative,4.0,authority
agreement,4,llama2:70b,conservative,4.0,authority
agreement,4,llama2:70b,conservative,4.0,authority
agreement,4,llama2:70b,conservative,4.0,authority
agreement,4,llama2:70b,conservative,4.0,authority
agreement,4,llama2:70b,conservative,4.0,authority
agreement,4,llama2:70b,conservative,4.0,authority
agreement,4,llama2:70b,conservative,4.0,authority
agreement,4,llama2:70b,conservative,4.0,authority
agreement,4,llama2:70b,conservative,4.0,authority
agreement,4,llama2:70b,conservative,4.0,authority
agreement,4,llama2:70b,conservative,4.0,authority
agreement,4,llama2:70b,moderate,3.0,authority
agreement,4,llama2:70b,moderate,4.0,authority
agreement,4,llama2:70b,moderate,4.0,authority
agreement,4,llama2:70b,moderate,4.0,authority
agreement,4,llama2:70b,moderate,4.0,authority
agreement,4,llama2:70b,moderate,4.0,authority
agreement,4,llama2:70b,moderate,4.0,authority
agreement,4,llama2:70b,moderate,1.0,authority
agreement,4,llama2:70b,moderate,4.0,authority
agreement,4,llama2:70b,moderate,4.0,authority
agreement,4,llama2:70b,moderate,4.0,authority
agreement,4,llama2:70b,moderate,4.0,authority
agreement,4,llama2:70b,moderate,4.0,authority
agreement,4,llama2:70b,moderate,4.0,authority
agreement,4,llama2:70b,moderate,4.0,authority
agreement,4,llama2:70b,moderate,3.0,authority
agreement,4,llama2:70b,moderate,1.0,authority
agreement,4,llama2:70b,moderate,4.0,authority
agreement,4,llama2:70b,moderate,4.0,authority
agreement,4,llama2:70b,moderate,4.0,authority
agreement,4,llama2:70b,moderate,4.0,authority
agreement,4,llama2:70b,moderate,4.0,authority
agreement,4,llama2:70b,moderate,4.0,authority
agreement,4,llama2:70b,moderate,4.0,authority
agreement,4,llama2:70b,moderate,4.0,authority
agreement,4,llama2:70b,moderate,4.0,authority
agreement,4,llama2:70b,moderate,4.0,authority
agreement,4,llama2:70b,moderate,4.0,authority
agreement,4,llama2:70b,moderate,4.0,authority
agreement,4,llama2:70b,moderate,4.0,authority
agreement,4,llama2:70b,moderate,3.0,authority
agreement,4,llama2:70b,moderate,3.0,authority
agreement,4,llama2:70b,moderate,4.0,authority
agreement,4,llama2:70b,moderate,4.0,authority
agreement,4,llama2:70b,moderate,4.0,authority
agreement,4,llama2:70b,moderate,4.0,authority
agreement,4,llama2:70b,moderate,4.0,authority
agreement,4,llama2:70b,moderate,4.0,authority
agreement,4,llama2:70b,moderate,4.0,authority
agreement,4,llama2:70b,moderate,4.0,authority
agreement,4,llama2:70b,moderate,4.0,authority
agreement,4,llama2:70b,moderate,4.0,authority
agreement,4,llama2:70b,moderate,4.0,authority
agreement,4,llama2:70b,moderate,4.0,authority
agreement,4,llama2:70b,moderate,4.0,authority
agreement,4,llama2:70b,moderate,4.0,authority
agreement,4,llama2:70b,moderate,4.0,authority
agreement,4,llama2:70b,moderate,4.0,authority
agreement,4,llama2:70b,moderate,4.0,authority
agreement,4,llama2:70b,moderate,4.0,authority
agreement,4,llama2:70b,liberal,1.0,authority
agreement,4,llama2:70b,liberal,3.0,authority
agreement,4,llama2:70b,liberal,3.0,authority
agreement,4,llama2:70b,liberal,1.0,authority
agreement,4,llama2:70b,liberal,3.0,authority
agreement,4,llama2:70b,liberal,1.0,authority
agreement,4,llama2:70b,liberal,1.0,authority
agreement,4,llama2:70b,liberal,1.0,authority
agreement,4,llama2:70b,liberal,3.0,authority
agreement,4,llama2:70b,liberal,3.0,authority
agreement,4,llama2:70b,liberal,1.0,authority
agreement,4,llama2:70b,liberal,1.0,authority
agreement,4,llama2:70b,liberal,3.0,authority
agreement,4,llama2:70b,liberal,1.0,authority
agreement,4,llama2:70b,liberal,1.0,authority
agreement,4,llama2:70b,liberal,1.0,authority
agreement,4,llama2:70b,liberal,3.0,authority
agreement,4,llama2:70b,liberal,3.0,authority
agreement,4,llama2:70b,liberal,3.0,authority
agreement,4,llama2:70b,liberal,3.0,authority
agreement,4,llama2:70b,liberal,1.0,authority
agreement,4,llama2:70b,liberal,3.0,authority
agreement,4,llama2:70b,liberal,1.0,authority
agreement,4,llama2:70b,liberal,3.0,authority
agreement,4,llama2:70b,liberal,3.0,authority
agreement,4,llama2:70b,liberal,1.0,authority
agreement,4,llama2:70b,liberal,1.0,authority
agreement,4,llama2:70b,liberal,3.0,authority
agreement,4,llama2:70b,liberal,1.0,authority
agreement,4,llama2:70b,liberal,3.0,authority
agreement,4,llama2:70b,liberal,1.0,authority
agreement,4,llama2:70b,liberal,3.0,authority
agreement,4,llama2:70b,liberal,1.0,authority
agreement,4,llama2:70b,liberal,4.0,authority
agreement,4,llama2:70b,liberal,1.0,authority
agreement,4,llama2:70b,liberal,3.0,authority
agreement,4,llama2:70b,liberal,4.0,authority
agreement,4,llama2:70b,liberal,3.0,authority
agreement,4,llama2:70b,liberal,3.0,authority
agreement,4,llama2:70b,liberal,1.0,authority
agreement,4,llama2:70b,liberal,1.0,authority
agreement,4,llama2:70b,liberal,3.0,authority
agreement,4,llama2:70b,liberal,1.0,authority
agreement,4,llama2:70b,liberal,3.0,authority
agreement,4,llama2:70b,liberal,1.0,authority
agreement,4,llama2:70b,liberal,1.0,authority
agreement,4,llama2:70b,liberal,1.0,authority
agreement,4,llama2:70b,liberal,3.0,authority
agreement,4,llama2:70b,liberal,3.0,authority
agreement,4,llama2:70b,liberal,3.0,authority
agreement,4,llama3:70b,conservative,5.0,authority
agreement,4,llama3:70b,conservative,5.0,authority
agreement,4,llama3:70b,conservative,5.0,authority
agreement,4,llama3:70b,conservative,5.0,authority
agreement,4,llama3:70b,conservative,5.0,authority
agreement,4,llama3:70b,conservative,5.0,authority
agreement,4,llama3:70b,conservative,5.0,authority
agreement,4,llama3:70b,conservative,5.0,authority
agreement,4,llama3:70b,conservative,5.0,authority
agreement,4,llama3:70b,conservative,5.0,authority
agreement,4,llama3:70b,conservative,5.0,authority
agreement,4,llama3:70b,conservative,5.0,authority
agreement,4,llama3:70b,conservative,5.0,authority
agreement,4,llama3:70b,conservative,5.0,authority
agreement,4,llama3:70b,conservative,5.0,authority
agreement,4,llama3:70b,conservative,5.0,authority
agreement,4,llama3:70b,conservative,5.0,authority
agreement,4,llama3:70b,conservative,5.0,authority
agreement,4,llama3:70b,conservative,5.0,authority
agreement,4,llama3:70b,conservative,5.0,authority
agreement,4,llama3:70b,conservative,5.0,authority
agreement,4,llama3:70b,conservative,5.0,authority
agreement,4,llama3:70b,conservative,5.0,authority
agreement,4,llama3:70b,conservative,5.0,authority
agreement,4,llama3:70b,conservative,5.0,authority
agreement,4,llama3:70b,conservative,5.0,authority
agreement,4,llama3:70b,conservative,5.0,authority
agreement,4,llama3:70b,conservative,5.0,authority
agreement,4,llama3:70b,conservative,5.0,authority
agreement,4,llama3:70b,conservative,5.0,authority
agreement,4,llama3:70b,conservative,5.0,authority
agreement,4,llama3:70b,conservative,5.0,authority
agreement,4,llama3:70b,conservative,5.0,authority
agreement,4,llama3:70b,conservative,5.0,authority
agreement,4,llama3:70b,conservative,5.0,authority
agreement,4,llama3:70b,conservative,5.0,authority
agreement,4,llama3:70b,conservative,5.0,authority
agreement,4,llama3:70b,conservative,5.0,authority
agreement,4,llama3:70b,conservative,5.0,authority
agreement,4,llama3:70b,conservative,5.0,authority
agreement,4,llama3:70b,conservative,5.0,authority
agreement,4,llama3:70b,conservative,5.0,authority
agreement,4,llama3:70b,conservative,5.0,authority
agreement,4,llama3:70b,conservative,5.0,authority
agreement,4,llama3:70b,conservative,5.0,authority
agreement,4,llama3:70b,conservative,5.0,authority
agreement,4,llama3:70b,conservative,5.0,authority
agreement,4,llama3:70b,conservative,5.0,authority
agreement,4,llama3:70b,conservative,5.0,authority
agreement,4,llama3:70b,conservative,5.0,authority
agreement,4,llama3:70b,moderate,4.0,authority
agreement,4,llama3:70b,moderate,4.0,authority
agreement,4,llama3:70b,moderate,4.0,authority
agreement,4,llama3:70b,moderate,4.0,authority
agreement,4,llama3:70b,moderate,4.0,authority
agreement,4,llama3:70b,moderate,4.0,authority
agreement,4,llama3:70b,moderate,4.0,authority
agreement,4,llama3:70b,moderate,4.0,authority
agreement,4,llama3:70b,moderate,4.0,authority
agreement,4,llama3:70b,moderate,4.0,authority
agreement,4,llama3:70b,moderate,4.0,authority
agreement,4,llama3:70b,moderate,4.0,authority
agreement,4,llama3:70b,moderate,4.0,authority
agreement,4,llama3:70b,moderate,4.0,authority
agreement,4,llama3:70b,moderate,4.0,authority
agreement,4,llama3:70b,moderate,4.0,authority
agreement,4,llama3:70b,moderate,4.0,authority
agreement,4,llama3:70b,moderate,4.0,authority
agreement,4,llama3:70b,moderate,4.0,authority
agreement,4,llama3:70b,moderate,4.0,authority
agreement,4,llama3:70b,moderate,4.0,authority
agreement,4,llama3:70b,moderate,4.0,authority
agreement,4,llama3:70b,moderate,4.0,authority
agreement,4,llama3:70b,moderate,4.0,authority
agreement,4,llama3:70b,moderate,4.0,authority
agreement,4,llama3:70b,moderate,4.0,authority
agreement,4,llama3:70b,moderate,4.0,authority
agreement,4,llama3:70b,moderate,4.0,authority
agreement,4,llama3:70b,moderate,4.0,authority
agreement,4,llama3:70b,moderate,4.0,authority
agreement,4,llama3:70b,moderate,4.0,authority
agreement,4,llama3:70b,moderate,4.0,authority
agreement,4,llama3:70b,moderate,4.0,authority
agreement,4,llama3:70b,moderate,4.0,authority
agreement,4,llama3:70b,moderate,4.0,authority
agreement,4,llama3:70b,moderate,4.0,authority
agreement,4,llama3:70b,moderate,4.0,authority
agreement,4,llama3:70b,moderate,4.0,authority
agreement,4,llama3:70b,moderate,4.0,authority
agreement,4,llama3:70b,moderate,4.0,authority
agreement,4,llama3:70b,moderate,4.0,authority
agreement,4,llama3:70b,moderate,4.0,authority
agreement,4,llama3:70b,moderate,4.0,authority
agreement,4,llama3:70b,moderate,4.0,authority
agreement,4,llama3:70b,moderate,4.0,authority
agreement,4,llama3:70b,moderate,4.0,authority
agreement,4,llama3:70b,moderate,4.0,authority
agreement,4,llama3:70b,moderate,4.0,authority
agreement,4,llama3:70b,moderate,4.0,authority
agreement,4,llama3:70b,moderate,4.0,authority
agreement,4,llama3:70b,liberal,2.0,authority
agreement,4,llama3:70b,liberal,2.0,authority
agreement,4,llama3:70b,liberal,2.0,authority
agreement,4,llama3:70b,liberal,2.0,authority
agreement,4,llama3:70b,liberal,2.0,authority
agreement,4,llama3:70b,liberal,2.0,authority
agreement,4,llama3:70b,liberal,2.0,authority
agreement,4,llama3:70b,liberal,2.0,authority
agreement,4,llama3:70b,liberal,2.0,authority
agreement,4,llama3:70b,liberal,2.0,authority
agreement,4,llama3:70b,liberal,2.0,authority
agreement,4,llama3:70b,liberal,2.0,authority
agreement,4,llama3:70b,liberal,2.0,authority
agreement,4,llama3:70b,liberal,2.0,authority
agreement,4,llama3:70b,liberal,2.0,authority
agreement,4,llama3:70b,liberal,2.0,authority
agreement,4,llama3:70b,liberal,2.0,authority
agreement,4,llama3:70b,liberal,2.0,authority
agreement,4,llama3:70b,liberal,2.0,authority
agreement,4,llama3:70b,liberal,2.0,authority
agreement,4,llama3:70b,liberal,2.0,authority
agreement,4,llama3:70b,liberal,2.0,authority
agreement,4,llama3:70b,liberal,2.0,authority
agreement,4,llama3:70b,liberal,2.0,authority
agreement,4,llama3:70b,liberal,2.0,authority
agreement,4,llama3:70b,liberal,2.0,authority
agreement,4,llama3:70b,liberal,2.0,authority
agreement,4,llama3:70b,liberal,2.0,authority
agreement,4,llama3:70b,liberal,2.0,authority
agreement,4,llama3:70b,liberal,2.0,authority
agreement,4,llama3:70b,liberal,2.0,authority
agreement,4,llama3:70b,liberal,2.0,authority
agreement,4,llama3:70b,liberal,2.0,authority
agreement,4,llama3:70b,liberal,2.0,authority
agreement,4,llama3:70b,liberal,2.0,authority
agreement,4,llama3:70b,liberal,2.0,authority
agreement,4,llama3:70b,liberal,2.0,authority
agreement,4,llama3:70b,liberal,2.0,authority
agreement,4,llama3:70b,liberal,2.0,authority
agreement,4,llama3:70b,liberal,2.0,authority
agreement,4,llama3:70b,liberal,2.0,authority
agreement,4,llama3:70b,liberal,2.0,authority
agreement,4,llama3:70b,liberal,2.0,authority
agreement,4,llama3:70b,liberal,2.0,authority
agreement,4,llama3:70b,liberal,2.0,authority
agreement,4,llama3:70b,liberal,2.0,authority
agreement,4,llama3:70b,liberal,2.0,authority
agreement,4,llama3:70b,liberal,2.0,authority
agreement,4,llama3:70b,liberal,2.0,authority
agreement,4,llama3:70b,liberal,2.0,authority
agreement,4,llama3.1:70b,conservative,5.0,authority
agreement,4,llama3.1:70b,conservative,5.0,authority
agreement,4,llama3.1:70b,conservative,5.0,authority
agreement,4,llama3.1:70b,conservative,5.0,authority
agreement,4,llama3.1:70b,conservative,5.0,authority
agreement,4,llama3.1:70b,conservative,5.0,authority
agreement,4,llama3.1:70b,conservative,5.0,authority
agreement,4,llama3.1:70b,conservative,5.0,authority
agreement,4,llama3.1:70b,conservative,5.0,authority
agreement,4,llama3.1:70b,conservative,5.0,authority
agreement,4,llama3.1:70b,conservative,5.0,authority
agreement,4,llama3.1:70b,conservative,5.0,authority
agreement,4,llama3.1:70b,conservative,5.0,authority
agreement,4,llama3.1:70b,conservative,5.0,authority
agreement,4,llama3.1:70b,conservative,5.0,authority
agreement,4,llama3.1:70b,conservative,5.0,authority
agreement,4,llama3.1:70b,conservative,5.0,authority
agreement,4,llama3.1:70b,conservative,5.0,authority
agreement,4,llama3.1:70b,conservative,5.0,authority
agreement,4,llama3.1:70b,conservative,5.0,authority
agreement,4,llama3.1:70b,conservative,5.0,authority
agreement,4,llama3.1:70b,conservative,5.0,authority
agreement,4,llama3.1:70b,conservative,5.0,authority
agreement,4,llama3.1:70b,conservative,5.0,authority
agreement,4,llama3.1:70b,conservative,5.0,authority
agreement,4,llama3.1:70b,conservative,5.0,authority
agreement,4,llama3.1:70b,conservative,5.0,authority
agreement,4,llama3.1:70b,conservative,5.0,authority
agreement,4,llama3.1:70b,conservative,5.0,authority
agreement,4,llama3.1:70b,conservative,5.0,authority
agreement,4,llama3.1:70b,conservative,5.0,authority
agreement,4,llama3.1:70b,conservative,5.0,authority
agreement,4,llama3.1:70b,conservative,5.0,authority
agreement,4,llama3.1:70b,conservative,5.0,authority
agreement,4,llama3.1:70b,conservative,5.0,authority
agreement,4,llama3.1:70b,conservative,5.0,authority
agreement,4,llama3.1:70b,conservative,5.0,authority
agreement,4,llama3.1:70b,conservative,5.0,authority
agreement,4,llama3.1:70b,conservative,5.0,authority
agreement,4,llama3.1:70b,conservative,5.0,authority
agreement,4,llama3.1:70b,conservative,5.0,authority
agreement,4,llama3.1:70b,conservative,5.0,authority
agreement,4,llama3.1:70b,conservative,5.0,authority
agreement,4,llama3.1:70b,conservative,5.0,authority
agreement,4,llama3.1:70b,conservative,5.0,authority
agreement,4,llama3.1:70b,conservative,5.0,authority
agreement,4,llama3.1:70b,conservative,5.0,authority
agreement,4,llama3.1:70b,conservative,5.0,authority
agreement,4,llama3.1:70b,conservative,5.0,authority
agreement,4,llama3.1:70b,conservative,5.0,authority
agreement,4,llama3.1:70b,moderate,5.0,authority
agreement,4,llama3.1:70b,moderate,5.0,authority
agreement,4,llama3.1:70b,moderate,5.0,authority
agreement,4,llama3.1:70b,moderate,4.0,authority
agreement,4,llama3.1:70b,moderate,4.0,authority
agreement,4,llama3.1:70b,moderate,4.0,authority
agreement,4,llama3.1:70b,moderate,4.0,authority
agreement,4,llama3.1:70b,moderate,5.0,authority
agreement,4,llama3.1:70b,moderate,5.0,authority
agreement,4,llama3.1:70b,moderate,5.0,authority
agreement,4,llama3.1:70b,moderate,5.0,authority
agreement,4,llama3.1:70b,moderate,4.0,authority
agreement,4,llama3.1:70b,moderate,4.0,authority
agreement,4,llama3.1:70b,moderate,4.0,authority
agreement,4,llama3.1:70b,moderate,4.0,authority
agreement,4,llama3.1:70b,moderate,4.0,authority
agreement,4,llama3.1:70b,moderate,4.0,authority
agreement,4,llama3.1:70b,moderate,4.0,authority
agreement,4,llama3.1:70b,moderate,5.0,authority
agreement,4,llama3.1:70b,moderate,4.0,authority
agreement,4,llama3.1:70b,moderate,4.0,authority
agreement,4,llama3.1:70b,moderate,5.0,authority
agreement,4,llama3.1:70b,moderate,5.0,authority
agreement,4,llama3.1:70b,moderate,4.0,authority
agreement,4,llama3.1:70b,moderate,5.0,authority
agreement,4,llama3.1:70b,moderate,4.0,authority
agreement,4,llama3.1:70b,moderate,5.0,authority
agreement,4,llama3.1:70b,moderate,4.0,authority
agreement,4,llama3.1:70b,moderate,5.0,authority
agreement,4,llama3.1:70b,moderate,4.0,authority
agreement,4,llama3.1:70b,moderate,4.0,authority
agreement,4,llama3.1:70b,moderate,4.0,authority
agreement,4,llama3.1:70b,moderate,4.0,authority
agreement,4,llama3.1:70b,moderate,4.0,authority
agreement,4,llama3.1:70b,moderate,4.0,authority
agreement,4,llama3.1:70b,moderate,4.0,authority
agreement,4,llama3.1:70b,moderate,4.0,authority
agreement,4,llama3.1:70b,moderate,5.0,authority
agreement,4,llama3.1:70b,moderate,5.0,authority
agreement,4,llama3.1:70b,moderate,5.0,authority
agreement,4,llama3.1:70b,moderate,4.0,authority
agreement,4,llama3.1:70b,moderate,4.0,authority
agreement,4,llama3.1:70b,moderate,5.0,authority
agreement,4,llama3.1:70b,moderate,4.0,authority
agreement,4,llama3.1:70b,moderate,4.0,authority
agreement,4,llama3.1:70b,moderate,4.0,authority
agreement,4,llama3.1:70b,moderate,4.0,authority
agreement,4,llama3.1:70b,moderate,4.0,authority
agreement,4,llama3.1:70b,moderate,4.0,authority
agreement,4,llama3.1:70b,moderate,5.0,authority
agreement,4,llama3.1:70b,liberal,3.0,authority
agreement,4,llama3.1:70b,liberal,2.0,authority
agreement,4,llama3.1:70b,liberal,2.0,authority
agreement,4,llama3.1:70b,liberal,2.0,authority
agreement,4,llama3.1:70b,liberal,2.0,authority
agreement,4,llama3.1:70b,liberal,3.0,authority
agreement,4,llama3.1:70b,liberal,2.0,authority
agreement,4,llama3.1:70b,liberal,2.0,authority
agreement,4,llama3.1:70b,liberal,2.0,authority
agreement,4,llama3.1:70b,liberal,2.0,authority
agreement,4,llama3.1:70b,liberal,2.0,authority
agreement,4,llama3.1:70b,liberal,1.0,authority
agreement,4,llama3.1:70b,liberal,2.0,authority
agreement,4,llama3.1:70b,liberal,2.0,authority
agreement,4,llama3.1:70b,liberal,2.0,authority
agreement,4,llama3.1:70b,liberal,3.0,authority
agreement,4,llama3.1:70b,liberal,2.0,authority
agreement,4,llama3.1:70b,liberal,2.0,authority
agreement,4,llama3.1:70b,liberal,2.0,authority
agreement,4,llama3.1:70b,liberal,2.0,authority
agreement,4,llama3.1:70b,liberal,1.0,authority
agreement,4,llama3.1:70b,liberal,2.0,authority
agreement,4,llama3.1:70b,liberal,2.0,authority
agreement,4,llama3.1:70b,liberal,1.0,authority
agreement,4,llama3.1:70b,liberal,2.0,authority
agreement,4,llama3.1:70b,liberal,2.0,authority
agreement,4,llama3.1:70b,liberal,2.0,authority
agreement,4,llama3.1:70b,liberal,2.0,authority
agreement,4,llama3.1:70b,liberal,2.0,authority
agreement,4,llama3.1:70b,liberal,2.0,authority
agreement,4,llama3.1:70b,liberal,3.0,authority
agreement,4,llama3.1:70b,liberal,2.0,authority
agreement,4,llama3.1:70b,liberal,2.0,authority
agreement,4,llama3.1:70b,liberal,2.0,authority
agreement,4,llama3.1:70b,liberal,3.0,authority
agreement,4,llama3.1:70b,liberal,2.0,authority
agreement,4,llama3.1:70b,liberal,3.0,authority
agreement,4,llama3.1:70b,liberal,2.0,authority
agreement,4,llama3.1:70b,liberal,2.0,authority
agreement,4,llama3.1:70b,liberal,3.0,authority
agreement,4,llama3.1:70b,liberal,2.0,authority
agreement,4,llama3.1:70b,liberal,3.0,authority
agreement,4,llama3.1:70b,liberal,2.0,authority
agreement,4,llama3.1:70b,liberal,3.0,authority
agreement,4,llama3.1:70b,liberal,3.0,authority
agreement,4,llama3.1:70b,liberal,2.0,authority
agreement,4,llama3.1:70b,liberal,2.0,authority
agreement,4,llama3.1:70b,liberal,3.0,authority
agreement,4,llama3.1:70b,liberal,2.0,authority
agreement,4,llama3.1:70b,liberal,0.0,authority
agreement,4,mistral:7b,conservative,3.0,authority
agreement,4,mistral:7b,conservative,3.0,authority
agreement,4,mistral:7b,conservative,3.0,authority
agreement,4,mistral:7b,conservative,3.0,authority
agreement,4,mistral:7b,conservative,3.0,authority
agreement,4,mistral:7b,conservative,3.0,authority
agreement,4,mistral:7b,conservative,3.0,authority
agreement,4,mistral:7b,conservative,3.0,authority
agreement,4,mistral:7b,conservative,3.0,authority
agreement,4,mistral:7b,conservative,3.0,authority
agreement,4,mistral:7b,conservative,3.0,authority
agreement,4,mistral:7b,conservative,3.0,authority
agreement,4,mistral:7b,conservative,3.0,authority
agreement,4,mistral:7b,conservative,3.0,authority
agreement,4,mistral:7b,conservative,3.0,authority
agreement,4,mistral:7b,conservative,3.0,authority
agreement,4,mistral:7b,conservative,3.0,authority
agreement,4,mistral:7b,conservative,3.0,authority
agreement,4,mistral:7b,conservative,3.0,authority
agreement,4,mistral:7b,conservative,3.0,authority
agreement,4,mistral:7b,conservative,3.0,authority
agreement,4,mistral:7b,conservative,3.0,authority
agreement,4,mistral:7b,conservative,3.0,authority
agreement,4,mistral:7b,conservative,3.0,authority
agreement,4,mistral:7b,conservative,3.0,authority
agreement,4,mistral:7b,conservative,3.0,authority
agreement,4,mistral:7b,conservative,3.0,authority
agreement,4,mistral:7b,conservative,3.0,authority
agreement,4,mistral:7b,conservative,4.0,authority
agreement,4,mistral:7b,conservative,3.0,authority
agreement,4,mistral:7b,conservative,3.0,authority
agreement,4,mistral:7b,conservative,3.0,authority
agreement,4,mistral:7b,conservative,3.0,authority
agreement,4,mistral:7b,conservative,3.0,authority
agreement,4,mistral:7b,conservative,3.0,authority
agreement,4,mistral:7b,conservative,3.0,authority
agreement,4,mistral:7b,conservative,3.0,authority
agreement,4,mistral:7b,conservative,3.0,authority
agreement,4,mistral:7b,conservative,3.0,authority
agreement,4,mistral:7b,conservative,3.0,authority
agreement,4,mistral:7b,conservative,3.0,authority
agreement,4,mistral:7b,conservative,3.0,authority
agreement,4,mistral:7b,conservative,3.0,authority
agreement,4,mistral:7b,conservative,3.0,authority
agreement,4,mistral:7b,conservative,3.0,authority
agreement,4,mistral:7b,conservative,3.0,authority
agreement,4,mistral:7b,conservative,3.0,authority
agreement,4,mistral:7b,conservative,3.0,authority
agreement,4,mistral:7b,conservative,3.0,authority
agreement,4,mistral:7b,conservative,3.0,authority
agreement,4,mistral:7b,moderate,3.0,authority
agreement,4,mistral:7b,moderate,3.0,authority
agreement,4,mistral:7b,moderate,3.0,authority
agreement,4,mistral:7b,moderate,3.0,authority
agreement,4,mistral:7b,moderate,3.0,authority
agreement,4,mistral:7b,moderate,3.0,authority
agreement,4,mistral:7b,moderate,3.0,authority
agreement,4,mistral:7b,moderate,3.0,authority
agreement,4,mistral:7b,moderate,3.0,authority
agreement,4,mistral:7b,moderate,3.0,authority
agreement,4,mistral:7b,moderate,3.0,authority
agreement,4,mistral:7b,moderate,3.0,authority
agreement,4,mistral:7b,moderate,3.0,authority
agreement,4,mistral:7b,moderate,3.0,authority
agreement,4,mistral:7b,moderate,3.0,authority
agreement,4,mistral:7b,moderate,3.0,authority
agreement,4,mistral:7b,moderate,3.0,authority
agreement,4,mistral:7b,moderate,3.0,authority
agreement,4,mistral:7b,moderate,3.0,authority
agreement,4,mistral:7b,moderate,3.0,authority
agreement,4,mistral:7b,moderate,3.0,authority
agreement,4,mistral:7b,moderate,3.0,authority
agreement,4,mistral:7b,moderate,3.0,authority
agreement,4,mistral:7b,moderate,3.0,authority
agreement,4,mistral:7b,moderate,3.0,authority
agreement,4,mistral:7b,moderate,3.0,authority
agreement,4,mistral:7b,moderate,3.0,authority
agreement,4,mistral:7b,moderate,3.0,authority
agreement,4,mistral:7b,moderate,3.0,authority
agreement,4,mistral:7b,moderate,3.0,authority
agreement,4,mistral:7b,moderate,3.0,authority
agreement,4,mistral:7b,moderate,3.0,authority
agreement,4,mistral:7b,moderate,3.0,authority
agreement,4,mistral:7b,moderate,3.0,authority
agreement,4,mistral:7b,moderate,3.0,authority
agreement,4,mistral:7b,moderate,3.0,authority
agreement,4,mistral:7b,moderate,3.0,authority
agreement,4,mistral:7b,moderate,3.0,authority
agreement,4,mistral:7b,moderate,3.0,authority
agreement,4,mistral:7b,moderate,3.0,authority
agreement,4,mistral:7b,moderate,3.0,authority
agreement,4,mistral:7b,moderate,3.0,authority
agreement,4,mistral:7b,moderate,3.0,authority
agreement,4,mistral:7b,moderate,3.0,authority
agreement,4,mistral:7b,moderate,3.0,authority
agreement,4,mistral:7b,moderate,3.0,authority
agreement,4,mistral:7b,moderate,3.0,authority
agreement,4,mistral:7b,moderate,3.0,authority
agreement,4,mistral:7b,moderate,3.0,authority
agreement,4,mistral:7b,moderate,3.0,authority
agreement,4,mistral:7b,liberal,3.0,authority
agreement,4,mistral:7b,liberal,3.0,authority
agreement,4,mistral:7b,liberal,2.0,authority
agreement,4,mistral:7b,liberal,3.0,authority
agreement,4,mistral:7b,liberal,3.0,authority
agreement,4,mistral:7b,liberal,2.0,authority
agreement,4,mistral:7b,liberal,3.0,authority
agreement,4,mistral:7b,liberal,2.0,authority
agreement,4,mistral:7b,liberal,2.0,authority
agreement,4,mistral:7b,liberal,3.0,authority
agreement,4,mistral:7b,liberal,3.0,authority
agreement,4,mistral:7b,liberal,3.0,authority
agreement,4,mistral:7b,liberal,2.0,authority
agreement,4,mistral:7b,liberal,2.0,authority
agreement,4,mistral:7b,liberal,3.0,authority
agreement,4,mistral:7b,liberal,3.0,authority
agreement,4,mistral:7b,liberal,3.0,authority
agreement,4,mistral:7b,liberal,3.0,authority
agreement,4,mistral:7b,liberal,3.0,authority
agreement,4,mistral:7b,liberal,2.0,authority
agreement,4,mistral:7b,liberal,2.0,authority
agreement,4,mistral:7b,liberal,3.0,authority
agreement,4,mistral:7b,liberal,3.0,authority
agreement,4,mistral:7b,liberal,2.0,authority
agreement,4,mistral:7b,liberal,3.0,authority
agreement,4,mistral:7b,liberal,2.0,authority
agreement,4,mistral:7b,liberal,2.0,authority
agreement,4,mistral:7b,liberal,3.0,authority
agreement,4,mistral:7b,liberal,3.0,authority
agreement,4,mistral:7b,liberal,3.0,authority
agreement,4,mistral:7b,liberal,3.0,authority
agreement,4,mistral:7b,liberal,3.0,authority
agreement,4,mistral:7b,liberal,3.0,authority
agreement,4,mistral:7b,liberal,2.0,authority
agreement,4,mistral:7b,liberal,2.0,authority
agreement,4,mistral:7b,liberal,2.0,authority
agreement,4,mistral:7b,liberal,2.0,authority
agreement,4,mistral:7b,liberal,2.0,authority
agreement,4,mistral:7b,liberal,3.0,authority
agreement,4,mistral:7b,liberal,3.0,authority
agreement,4,mistral:7b,liberal,2.0,authority
agreement,4,mistral:7b,liberal,2.0,authority
agreement,4,mistral:7b,liberal,2.0,authority
agreement,4,mistral:7b,liberal,3.0,authority
agreement,4,mistral:7b,liberal,3.0,authority
agreement,4,mistral:7b,liberal,3.0,authority
agreement,4,mistral:7b,liberal,3.0,authority
agreement,4,mistral:7b,liberal,2.0,authority
agreement,4,mistral:7b,liberal,3.0,authority
agreement,4,mixtral:8x22b,conservative,5.0,authority
agreement,4,mixtral:8x22b,conservative,5.0,authority
agreement,4,mixtral:8x22b,conservative,5.0,authority
agreement,4,mixtral:8x22b,conservative,5.0,authority
agreement,4,mixtral:8x22b,conservative,5.0,authority
agreement,4,mixtral:8x22b,conservative,5.0,authority
agreement,4,mixtral:8x22b,conservative,5.0,authority
agreement,4,mixtral:8x22b,conservative,5.0,authority
agreement,4,mixtral:8x22b,conservative,5.0,authority
agreement,4,mixtral:8x22b,conservative,5.0,authority
agreement,4,mixtral:8x22b,conservative,5.0,authority
agreement,4,mixtral:8x22b,conservative,5.0,authority
agreement,4,mixtral:8x22b,conservative,5.0,authority
agreement,4,mixtral:8x22b,conservative,5.0,authority
agreement,4,mixtral:8x22b,conservative,5.0,authority
agreement,4,mixtral:8x22b,conservative,5.0,authority
agreement,4,mixtral:8x22b,conservative,5.0,authority
agreement,4,mixtral:8x22b,conservative,5.0,authority
agreement,4,mixtral:8x22b,conservative,5.0,authority
agreement,4,mixtral:8x22b,conservative,5.0,authority
agreement,4,mixtral:8x22b,conservative,5.0,authority
agreement,4,mixtral:8x22b,conservative,5.0,authority
agreement,4,mixtral:8x22b,conservative,5.0,authority
agreement,4,mixtral:8x22b,conservative,5.0,authority
agreement,4,mixtral:8x22b,conservative,5.0,authority
agreement,4,mixtral:8x22b,conservative,5.0,authority
agreement,4,mixtral:8x22b,conservative,5.0,authority
agreement,4,mixtral:8x22b,conservative,5.0,authority
agreement,4,mixtral:8x22b,conservative,5.0,authority
agreement,4,mixtral:8x22b,conservative,5.0,authority
agreement,4,mixtral:8x22b,conservative,5.0,authority
agreement,4,mixtral:8x22b,conservative,5.0,authority
agreement,4,mixtral:8x22b,conservative,5.0,authority
agreement,4,mixtral:8x22b,conservative,5.0,authority
agreement,4,mixtral:8x22b,conservative,5.0,authority
agreement,4,mixtral:8x22b,conservative,5.0,authority
agreement,4,mixtral:8x22b,conservative,5.0,authority
agreement,4,mixtral:8x22b,conservative,5.0,authority
agreement,4,mixtral:8x22b,conservative,5.0,authority
agreement,4,mixtral:8x22b,conservative,5.0,authority
agreement,4,mixtral:8x22b,conservative,5.0,authority
agreement,4,mixtral:8x22b,conservative,5.0,authority
agreement,4,mixtral:8x22b,conservative,5.0,authority
agreement,4,mixtral:8x22b,conservative,5.0,authority
agreement,4,mixtral:8x22b,conservative,5.0,authority
agreement,4,mixtral:8x22b,conservative,5.0,authority
agreement,4,mixtral:8x22b,conservative,5.0,authority
agreement,4,mixtral:8x22b,conservative,5.0,authority
agreement,4,mixtral:8x22b,conservative,5.0,authority
agreement,4,mixtral:8x22b,conservative,5.0,authority
agreement,4,mixtral:8x22b,moderate,5.0,authority
agreement,4,mixtral:8x22b,moderate,5.0,authority
agreement,4,mixtral:8x22b,moderate,5.0,authority
agreement,4,mixtral:8x22b,moderate,5.0,authority
agreement,4,mixtral:8x22b,moderate,5.0,authority
agreement,4,mixtral:8x22b,moderate,4.0,authority
agreement,4,mixtral:8x22b,moderate,5.0,authority
agreement,4,mixtral:8x22b,moderate,5.0,authority
agreement,4,mixtral:8x22b,moderate,5.0,authority
agreement,4,mixtral:8x22b,moderate,5.0,authority
agreement,4,mixtral:8x22b,moderate,4.0,authority
agreement,4,mixtral:8x22b,moderate,5.0,authority
agreement,4,mixtral:8x22b,moderate,5.0,authority
agreement,4,mixtral:8x22b,moderate,5.0,authority
agreement,4,mixtral:8x22b,moderate,5.0,authority
agreement,4,mixtral:8x22b,moderate,5.0,authority
agreement,4,mixtral:8x22b,moderate,5.0,authority
agreement,4,mixtral:8x22b,moderate,5.0,authority
agreement,4,mixtral:8x22b,moderate,5.0,authority
agreement,4,mixtral:8x22b,moderate,5.0,authority
agreement,4,mixtral:8x22b,moderate,5.0,authority
agreement,4,mixtral:8x22b,moderate,5.0,authority
agreement,4,mixtral:8x22b,moderate,5.0,authority
agreement,4,mixtral:8x22b,moderate,5.0,authority
agreement,4,mixtral:8x22b,moderate,5.0,authority
agreement,4,mixtral:8x22b,moderate,5.0,authority
agreement,4,mixtral:8x22b,moderate,5.0,authority
agreement,4,mixtral:8x22b,moderate,5.0,authority
agreement,4,mixtral:8x22b,moderate,5.0,authority
agreement,4,mixtral:8x22b,moderate,5.0,authority
agreement,4,mixtral:8x22b,moderate,5.0,authority
agreement,4,mixtral:8x22b,moderate,5.0,authority
agreement,4,mixtral:8x22b,moderate,5.0,authority
agreement,4,mixtral:8x22b,moderate,5.0,authority
agreement,4,mixtral:8x22b,moderate,5.0,authority
agreement,4,mixtral:8x22b,moderate,5.0,authority
agreement,4,mixtral:8x22b,moderate,4.0,authority
agreement,4,mixtral:8x22b,moderate,5.0,authority
agreement,4,mixtral:8x22b,moderate,5.0,authority
agreement,4,mixtral:8x22b,moderate,5.0,authority
agreement,4,mixtral:8x22b,moderate,5.0,authority
agreement,4,mixtral:8x22b,moderate,4.0,authority
agreement,4,mixtral:8x22b,moderate,5.0,authority
agreement,4,mixtral:8x22b,moderate,5.0,authority
agreement,4,mixtral:8x22b,moderate,5.0,authority
agreement,4,mixtral:8x22b,moderate,5.0,authority
agreement,4,mixtral:8x22b,moderate,5.0,authority
agreement,4,mixtral:8x22b,moderate,5.0,authority
agreement,4,mixtral:8x22b,moderate,5.0,authority
agreement,4,mixtral:8x22b,moderate,5.0,authority
agreement,4,mixtral:8x22b,liberal,4.0,authority
agreement,4,mixtral:8x22b,liberal,3.0,authority
agreement,4,mixtral:8x22b,liberal,4.0,authority
agreement,4,mixtral:8x22b,liberal,4.0,authority
agreement,4,mixtral:8x22b,liberal,5.0,authority
agreement,4,mixtral:8x22b,liberal,4.0,authority
agreement,4,mixtral:8x22b,liberal,4.0,authority
agreement,4,mixtral:8x22b,liberal,4.0,authority
agreement,4,mixtral:8x22b,liberal,4.0,authority
agreement,4,mixtral:8x22b,liberal,4.0,authority
agreement,4,mixtral:8x22b,liberal,4.0,authority
agreement,4,mixtral:8x22b,liberal,4.0,authority
agreement,4,mixtral:8x22b,liberal,4.0,authority
agreement,4,mixtral:8x22b,liberal,5.0,authority
agreement,4,mixtral:8x22b,liberal,4.0,authority
agreement,4,mixtral:8x22b,liberal,4.0,authority
agreement,4,mixtral:8x22b,liberal,5.0,authority
agreement,4,mixtral:8x22b,liberal,4.0,authority
agreement,4,mixtral:8x22b,liberal,4.0,authority
agreement,4,mixtral:8x22b,liberal,4.0,authority
agreement,4,mixtral:8x22b,liberal,4.0,authority
agreement,4,mixtral:8x22b,liberal,3.0,authority
agreement,4,mixtral:8x22b,liberal,5.0,authority
agreement,4,mixtral:8x22b,liberal,4.0,authority
agreement,4,mixtral:8x22b,liberal,5.0,authority
agreement,4,mixtral:8x22b,liberal,5.0,authority
agreement,4,mixtral:8x22b,liberal,4.0,authority
agreement,4,mixtral:8x22b,liberal,4.0,authority
agreement,4,mixtral:8x22b,liberal,4.0,authority
agreement,4,mixtral:8x22b,liberal,4.0,authority
agreement,4,mixtral:8x22b,liberal,4.0,authority
agreement,4,mixtral:8x22b,liberal,4.0,authority
agreement,4,mixtral:8x22b,liberal,4.0,authority
agreement,4,mixtral:8x22b,liberal,4.0,authority
agreement,4,mixtral:8x22b,liberal,4.0,authority
agreement,4,mixtral:8x22b,liberal,4.0,authority
agreement,4,mixtral:8x22b,liberal,4.0,authority
agreement,4,mixtral:8x22b,liberal,4.0,authority
agreement,4,mixtral:8x22b,liberal,4.0,authority
agreement,4,mixtral:8x22b,liberal,4.0,authority
agreement,4,mixtral:8x22b,liberal,4.0,authority
agreement,4,mixtral:8x22b,liberal,4.0,authority
agreement,4,mixtral:8x22b,liberal,4.0,authority
agreement,4,mixtral:8x22b,liberal,4.0,authority
agreement,4,mixtral:8x22b,liberal,4.0,authority
agreement,4,mixtral:8x22b,liberal,4.0,authority
agreement,4,mixtral:8x22b,liberal,4.0,authority
agreement,4,mixtral:8x22b,liberal,4.0,authority
agreement,4,mixtral:8x22b,liberal,4.0,authority
agreement,4,mixtral:8x22b,liberal,4.0,authority
agreement,4,mixtral:8x7b,conservative,5.0,authority
agreement,4,mixtral:8x7b,conservative,5.0,authority
agreement,4,mixtral:8x7b,conservative,5.0,authority
agreement,4,mixtral:8x7b,conservative,5.0,authority
agreement,4,mixtral:8x7b,conservative,5.0,authority
agreement,4,mixtral:8x7b,conservative,5.0,authority
agreement,4,mixtral:8x7b,conservative,5.0,authority
agreement,4,mixtral:8x7b,conservative,5.0,authority
agreement,4,mixtral:8x7b,conservative,5.0,authority
agreement,4,mixtral:8x7b,conservative,5.0,authority
agreement,4,mixtral:8x7b,conservative,5.0,authority
agreement,4,mixtral:8x7b,conservative,5.0,authority
agreement,4,mixtral:8x7b,conservative,5.0,authority
agreement,4,mixtral:8x7b,conservative,5.0,authority
agreement,4,mixtral:8x7b,conservative,5.0,authority
agreement,4,mixtral:8x7b,conservative,5.0,authority
agreement,4,mixtral:8x7b,conservative,5.0,authority
agreement,4,mixtral:8x7b,conservative,5.0,authority
agreement,4,mixtral:8x7b,conservative,5.0,authority
agreement,4,mixtral:8x7b,conservative,5.0,authority
agreement,4,mixtral:8x7b,conservative,5.0,authority
agreement,4,mixtral:8x7b,conservative,5.0,authority
agreement,4,mixtral:8x7b,conservative,5.0,authority
agreement,4,mixtral:8x7b,conservative,5.0,authority
agreement,4,mixtral:8x7b,conservative,5.0,authority
agreement,4,mixtral:8x7b,conservative,5.0,authority
agreement,4,mixtral:8x7b,conservative,5.0,authority
agreement,4,mixtral:8x7b,conservative,5.0,authority
agreement,4,mixtral:8x7b,conservative,5.0,authority
agreement,4,mixtral:8x7b,conservative,5.0,authority
agreement,4,mixtral:8x7b,conservative,5.0,authority
agreement,4,mixtral:8x7b,conservative,5.0,authority
agreement,4,mixtral:8x7b,conservative,5.0,authority
agreement,4,mixtral:8x7b,conservative,5.0,authority
agreement,4,mixtral:8x7b,conservative,5.0,authority
agreement,4,mixtral:8x7b,conservative,5.0,authority
agreement,4,mixtral:8x7b,conservative,5.0,authority
agreement,4,mixtral:8x7b,conservative,5.0,authority
agreement,4,mixtral:8x7b,conservative,5.0,authority
agreement,4,mixtral:8x7b,conservative,5.0,authority
agreement,4,mixtral:8x7b,conservative,5.0,authority
agreement,4,mixtral:8x7b,conservative,5.0,authority
agreement,4,mixtral:8x7b,conservative,5.0,authority
agreement,4,mixtral:8x7b,conservative,5.0,authority
agreement,4,mixtral:8x7b,conservative,5.0,authority
agreement,4,mixtral:8x7b,conservative,5.0,authority
agreement,4,mixtral:8x7b,conservative,5.0,authority
agreement,4,mixtral:8x7b,conservative,5.0,authority
agreement,4,mixtral:8x7b,conservative,5.0,authority
agreement,4,mixtral:8x7b,conservative,5.0,authority
agreement,4,mixtral:8x7b,moderate,4.0,authority
agreement,4,mixtral:8x7b,moderate,4.0,authority
agreement,4,mixtral:8x7b,moderate,4.0,authority
agreement,4,mixtral:8x7b,moderate,4.0,authority
agreement,4,mixtral:8x7b,moderate,4.0,authority
agreement,4,mixtral:8x7b,moderate,4.0,authority
agreement,4,mixtral:8x7b,moderate,4.0,authority
agreement,4,mixtral:8x7b,moderate,4.0,authority
agreement,4,mixtral:8x7b,moderate,4.0,authority
agreement,4,mixtral:8x7b,moderate,4.0,authority
agreement,4,mixtral:8x7b,moderate,4.0,authority
agreement,4,mixtral:8x7b,moderate,4.0,authority
agreement,4,mixtral:8x7b,moderate,4.0,authority
agreement,4,mixtral:8x7b,moderate,4.0,authority
agreement,4,mixtral:8x7b,moderate,4.0,authority
agreement,4,mixtral:8x7b,moderate,4.0,authority
agreement,4,mixtral:8x7b,moderate,4.0,authority
agreement,4,mixtral:8x7b,moderate,4.0,authority
agreement,4,mixtral:8x7b,moderate,4.0,authority
agreement,4,mixtral:8x7b,moderate,4.0,authority
agreement,4,mixtral:8x7b,moderate,4.0,authority
agreement,4,mixtral:8x7b,moderate,4.0,authority
agreement,4,mixtral:8x7b,moderate,4.0,authority
agreement,4,mixtral:8x7b,moderate,4.0,authority
agreement,4,mixtral:8x7b,moderate,4.0,authority
agreement,4,mixtral:8x7b,moderate,4.0,authority
agreement,4,mixtral:8x7b,moderate,4.0,authority
agreement,4,mixtral:8x7b,moderate,4.0,authority
agreement,4,mixtral:8x7b,moderate,4.0,authority
agreement,4,mixtral:8x7b,moderate,4.0,authority
agreement,4,mixtral:8x7b,moderate,4.0,authority
agreement,4,mixtral:8x7b,moderate,4.0,authority
agreement,4,mixtral:8x7b,moderate,4.0,authority
agreement,4,mixtral:8x7b,moderate,4.0,authority
agreement,4,mixtral:8x7b,moderate,4.0,authority
agreement,4,mixtral:8x7b,moderate,4.0,authority
agreement,4,mixtral:8x7b,moderate,4.0,authority
agreement,4,mixtral:8x7b,moderate,4.0,authority
agreement,4,mixtral:8x7b,moderate,4.0,authority
agreement,4,mixtral:8x7b,moderate,4.0,authority
agreement,4,mixtral:8x7b,moderate,4.0,authority
agreement,4,mixtral:8x7b,moderate,4.0,authority
agreement,4,mixtral:8x7b,moderate,4.0,authority
agreement,4,mixtral:8x7b,moderate,4.0,authority
agreement,4,mixtral:8x7b,moderate,4.0,authority
agreement,4,mixtral:8x7b,moderate,4.0,authority
agreement,4,mixtral:8x7b,moderate,4.0,authority
agreement,4,mixtral:8x7b,moderate,4.0,authority
agreement,4,mixtral:8x7b,moderate,4.0,authority
agreement,4,mixtral:8x7b,moderate,4.0,authority
agreement,4,mixtral:8x7b,liberal,3.0,authority
agreement,4,mixtral:8x7b,liberal,4.0,authority
agreement,4,mixtral:8x7b,liberal,3.0,authority
agreement,4,mixtral:8x7b,liberal,4.0,authority
agreement,4,mixtral:8x7b,liberal,4.0,authority
agreement,4,mixtral:8x7b,liberal,3.0,authority
agreement,4,mixtral:8x7b,liberal,4.0,authority
agreement,4,mixtral:8x7b,liberal,3.0,authority
agreement,4,mixtral:8x7b,liberal,4.0,authority
agreement,4,mixtral:8x7b,liberal,4.0,authority
agreement,4,mixtral:8x7b,liberal,4.0,authority
agreement,4,mixtral:8x7b,liberal,4.0,authority
agreement,4,mixtral:8x7b,liberal,4.0,authority
agreement,4,mixtral:8x7b,liberal,4.0,authority
agreement,4,mixtral:8x7b,liberal,4.0,authority
agreement,4,mixtral:8x7b,liberal,4.0,authority
agreement,4,mixtral:8x7b,liberal,3.0,authority
agreement,4,mixtral:8x7b,liberal,4.0,authority
agreement,4,mixtral:8x7b,liberal,3.0,authority
agreement,4,mixtral:8x7b,liberal,3.0,authority
agreement,4,mixtral:8x7b,liberal,3.0,authority
agreement,4,mixtral:8x7b,liberal,4.0,authority
agreement,4,mixtral:8x7b,liberal,3.0,authority
agreement,4,mixtral:8x7b,liberal,4.0,authority
agreement,4,mixtral:8x7b,liberal,4.0,authority
agreement,4,mixtral:8x7b,liberal,4.0,authority
agreement,4,mixtral:8x7b,liberal,4.0,authority
agreement,4,mixtral:8x7b,liberal,4.0,authority
agreement,4,mixtral:8x7b,liberal,3.0,authority
agreement,4,mixtral:8x7b,liberal,4.0,authority
agreement,4,mixtral:8x7b,liberal,3.0,authority
agreement,4,mixtral:8x7b,liberal,3.0,authority
agreement,4,mixtral:8x7b,liberal,3.0,authority
agreement,4,mixtral:8x7b,liberal,3.0,authority
agreement,4,mixtral:8x7b,liberal,4.0,authority
agreement,4,mixtral:8x7b,liberal,4.0,authority
agreement,4,phi3:14b,conservative,5.0,authority
agreement,4,phi3:14b,conservative,5.0,authority
agreement,4,phi3:14b,conservative,5.0,authority
agreement,4,phi3:14b,conservative,5.0,authority
agreement,4,phi3:14b,conservative,5.0,authority
agreement,4,phi3:14b,conservative,5.0,authority
agreement,4,phi3:14b,conservative,5.0,authority
agreement,4,phi3:14b,conservative,5.0,authority
agreement,4,phi3:14b,conservative,5.0,authority
agreement,4,phi3:14b,conservative,5.0,authority
agreement,4,phi3:14b,conservative,5.0,authority
agreement,4,phi3:14b,conservative,5.0,authority
agreement,4,phi3:14b,conservative,5.0,authority
agreement,4,phi3:14b,conservative,5.0,authority
agreement,4,phi3:14b,conservative,5.0,authority
agreement,4,phi3:14b,conservative,5.0,authority
agreement,4,phi3:14b,conservative,5.0,authority
agreement,4,phi3:14b,conservative,5.0,authority
agreement,4,phi3:14b,conservative,5.0,authority
agreement,4,phi3:14b,conservative,5.0,authority
agreement,4,phi3:14b,conservative,5.0,authority
agreement,4,phi3:14b,conservative,5.0,authority
agreement,4,phi3:14b,conservative,5.0,authority
agreement,4,phi3:14b,conservative,5.0,authority
agreement,4,phi3:14b,conservative,5.0,authority
agreement,4,phi3:14b,conservative,5.0,authority
agreement,4,phi3:14b,conservative,5.0,authority
agreement,4,phi3:14b,conservative,5.0,authority
agreement,4,phi3:14b,conservative,5.0,authority
agreement,4,phi3:14b,conservative,5.0,authority
agreement,4,phi3:14b,conservative,5.0,authority
agreement,4,phi3:14b,conservative,5.0,authority
agreement,4,phi3:14b,conservative,5.0,authority
agreement,4,phi3:14b,conservative,5.0,authority
agreement,4,phi3:14b,conservative,5.0,authority
agreement,4,phi3:14b,conservative,5.0,authority
agreement,4,phi3:14b,conservative,5.0,authority
agreement,4,phi3:14b,conservative,5.0,authority
agreement,4,phi3:14b,conservative,5.0,authority
agreement,4,phi3:14b,conservative,5.0,authority
agreement,4,phi3:14b,conservative,5.0,authority
agreement,4,phi3:14b,conservative,5.0,authority
agreement,4,phi3:14b,conservative,5.0,authority
agreement,4,phi3:14b,conservative,5.0,authority
agreement,4,phi3:14b,conservative,5.0,authority
agreement,4,phi3:14b,conservative,5.0,authority
agreement,4,phi3:14b,conservative,5.0,authority
agreement,4,phi3:14b,conservative,5.0,authority
agreement,4,phi3:14b,conservative,5.0,authority
agreement,4,phi3:14b,conservative,5.0,authority
agreement,4,phi3:14b,moderate,5.0,authority
agreement,4,phi3:14b,moderate,5.0,authority
agreement,4,phi3:14b,moderate,5.0,authority
agreement,4,phi3:14b,moderate,4.0,authority
agreement,4,phi3:14b,moderate,5.0,authority
agreement,4,phi3:14b,moderate,4.0,authority
agreement,4,phi3:14b,moderate,5.0,authority
agreement,4,phi3:14b,moderate,5.0,authority
agreement,4,phi3:14b,moderate,5.0,authority
agreement,4,phi3:14b,moderate,4.0,authority
agreement,4,phi3:14b,moderate,5.0,authority
agreement,4,phi3:14b,moderate,5.0,authority
agreement,4,phi3:14b,moderate,5.0,authority
agreement,4,phi3:14b,moderate,5.0,authority
agreement,4,phi3:14b,moderate,5.0,authority
agreement,4,phi3:14b,moderate,5.0,authority
agreement,4,phi3:14b,moderate,5.0,authority
agreement,4,phi3:14b,moderate,5.0,authority
agreement,4,phi3:14b,moderate,5.0,authority
agreement,4,phi3:14b,moderate,4.0,authority
agreement,4,phi3:14b,moderate,5.0,authority
agreement,4,phi3:14b,moderate,5.0,authority
agreement,4,phi3:14b,moderate,5.0,authority
agreement,4,phi3:14b,moderate,5.0,authority
agreement,4,phi3:14b,moderate,5.0,authority
agreement,4,phi3:14b,moderate,5.0,authority
agreement,4,phi3:14b,moderate,4.0,authority
agreement,4,phi3:14b,moderate,5.0,authority
agreement,4,phi3:14b,moderate,5.0,authority
agreement,4,phi3:14b,moderate,5.0,authority
agreement,4,phi3:14b,moderate,5.0,authority
agreement,4,phi3:14b,moderate,4.0,authority
agreement,4,phi3:14b,moderate,5.0,authority
agreement,4,phi3:14b,moderate,4.0,authority
agreement,4,phi3:14b,moderate,5.0,authority
agreement,4,phi3:14b,moderate,5.0,authority
agreement,4,phi3:14b,moderate,5.0,authority
agreement,4,phi3:14b,moderate,5.0,authority
agreement,4,phi3:14b,moderate,5.0,authority
agreement,4,phi3:14b,moderate,5.0,authority
agreement,4,phi3:14b,moderate,5.0,authority
agreement,4,phi3:14b,moderate,4.0,authority
agreement,4,phi3:14b,moderate,5.0,authority
agreement,4,phi3:14b,moderate,5.0,authority
agreement,4,phi3:14b,moderate,5.0,authority
agreement,4,phi3:14b,moderate,5.0,authority
agreement,4,phi3:14b,moderate,5.0,authority
agreement,4,phi3:14b,moderate,5.0,authority
agreement,4,phi3:14b,moderate,5.0,authority
agreement,4,phi3:14b,moderate,4.0,authority
agreement,4,phi3:14b,liberal,4.0,authority
agreement,4,phi3:14b,liberal,5.0,authority
agreement,4,phi3:14b,liberal,5.0,authority
agreement,4,phi3:14b,liberal,4.0,authority
agreement,4,phi3:14b,liberal,4.0,authority
agreement,4,phi3:14b,liberal,4.0,authority
agreement,4,phi3:14b,liberal,5.0,authority
agreement,4,phi3:14b,liberal,4.0,authority
agreement,4,phi3:14b,liberal,4.0,authority
agreement,4,phi3:14b,liberal,5.0,authority
agreement,4,phi3:14b,liberal,4.0,authority
agreement,4,phi3:14b,liberal,5.0,authority
agreement,4,phi3:14b,liberal,5.0,authority
agreement,4,phi3:14b,liberal,3.0,authority
agreement,4,phi3:14b,liberal,5.0,authority
agreement,4,phi3:14b,liberal,5.0,authority
agreement,4,phi3:14b,liberal,5.0,authority
agreement,4,phi3:14b,liberal,4.0,authority
agreement,4,phi3:14b,liberal,4.0,authority
agreement,4,phi3:14b,liberal,5.0,authority
agreement,4,phi3:14b,liberal,5.0,authority
agreement,4,phi3:14b,liberal,5.0,authority
agreement,4,phi3:14b,liberal,3.0,authority
agreement,4,phi3:14b,liberal,3.0,authority
agreement,4,phi3:14b,liberal,4.0,authority
agreement,4,phi3:14b,liberal,3.0,authority
agreement,4,phi3:14b,liberal,4.0,authority
agreement,4,phi3:14b,liberal,5.0,authority
agreement,4,phi3:14b,liberal,4.0,authority
agreement,4,phi3:14b,liberal,3.0,authority
agreement,4,phi3:14b,liberal,5.0,authority
agreement,4,phi3:14b,liberal,4.0,authority
agreement,4,phi3:14b,liberal,5.0,authority
agreement,4,phi3:14b,liberal,5.0,authority
agreement,4,phi3:14b,liberal,4.0,authority
agreement,4,phi3:14b,liberal,5.0,authority
agreement,4,phi3:14b,liberal,4.0,authority
agreement,4,phi3:14b,liberal,3.0,authority
agreement,4,phi3:14b,liberal,5.0,authority
agreement,4,phi3:14b,liberal,3.0,authority
agreement,4,phi3:14b,liberal,5.0,authority
agreement,4,phi3:14b,liberal,3.0,authority
agreement,4,phi3:14b,liberal,3.0,authority
agreement,4,phi3:14b,liberal,4.0,authority
agreement,4,phi3:14b,liberal,5.0,authority
agreement,4,phi3:14b,liberal,4.0,authority
agreement,4,phi3:14b,liberal,4.0,authority
agreement,4,phi3:14b,liberal,4.0,authority
agreement,4,phi3:14b,liberal,4.0,authority
agreement,4,phi3:14b,liberal,4.0,authority
agreement,4,gemma:7b,conservative,3.0,authority
agreement,4,gemma:7b,conservative,3.0,authority
agreement,4,gemma:7b,conservative,4.0,authority
agreement,4,gemma:7b,conservative,4.0,authority
agreement,4,gemma:7b,conservative,3.0,authority
agreement,4,gemma:7b,conservative,4.0,authority
agreement,4,gemma:7b,conservative,3.0,authority
agreement,4,gemma:7b,conservative,4.0,authority
agreement,4,gemma:7b,conservative,3.0,authority
agreement,4,gemma:7b,conservative,4.0,authority
agreement,4,gemma:7b,conservative,3.0,authority
agreement,4,gemma:7b,conservative,3.0,authority
agreement,4,gemma:7b,conservative,4.0,authority
agreement,4,gemma:7b,conservative,3.0,authority
agreement,4,gemma:7b,conservative,3.0,authority
agreement,4,gemma:7b,conservative,3.0,authority
agreement,4,gemma:7b,conservative,5.0,authority
agreement,4,gemma:7b,conservative,3.0,authority
agreement,4,gemma:7b,conservative,3.0,authority
agreement,4,gemma:7b,conservative,4.0,authority
agreement,4,gemma:7b,conservative,3.0,authority
agreement,4,gemma:7b,conservative,3.0,authority
agreement,4,gemma:7b,conservative,3.0,authority
agreement,4,gemma:7b,conservative,3.0,authority
agreement,4,gemma:7b,conservative,3.0,authority
agreement,4,gemma:7b,conservative,4.0,authority
agreement,4,gemma:7b,conservative,4.0,authority
agreement,4,gemma:7b,conservative,3.0,authority
agreement,4,gemma:7b,conservative,3.0,authority
agreement,4,gemma:7b,conservative,3.0,authority
agreement,4,gemma:7b,conservative,3.0,authority
agreement,4,gemma:7b,conservative,3.0,authority
agreement,4,gemma:7b,conservative,3.0,authority
agreement,4,gemma:7b,conservative,4.0,authority
agreement,4,gemma:7b,conservative,3.0,authority
agreement,4,gemma:7b,conservative,3.0,authority
agreement,4,gemma:7b,conservative,3.0,authority
agreement,4,gemma:7b,conservative,3.0,authority
agreement,4,gemma:7b,conservative,3.0,authority
agreement,4,gemma:7b,conservative,3.0,authority
agreement,4,gemma:7b,conservative,3.0,authority
agreement,4,gemma:7b,conservative,5.0,authority
agreement,4,gemma:7b,conservative,3.0,authority
agreement,4,gemma:7b,conservative,3.0,authority
agreement,4,gemma:7b,conservative,4.0,authority
agreement,4,gemma:7b,conservative,3.0,authority
agreement,4,gemma:7b,conservative,5.0,authority
agreement,4,gemma:7b,conservative,3.0,authority
agreement,4,gemma:7b,conservative,3.0,authority
agreement,4,gemma:7b,conservative,3.0,authority
agreement,4,gemma:7b,moderate,3.0,authority
agreement,4,gemma:7b,moderate,3.0,authority
agreement,4,gemma:7b,moderate,3.0,authority
agreement,4,gemma:7b,moderate,3.0,authority
agreement,4,gemma:7b,moderate,3.0,authority
agreement,4,gemma:7b,moderate,3.0,authority
agreement,4,gemma:7b,moderate,3.0,authority
agreement,4,gemma:7b,moderate,3.0,authority
agreement,4,gemma:7b,moderate,3.0,authority
agreement,4,gemma:7b,moderate,3.0,authority
agreement,4,gemma:7b,moderate,3.0,authority
agreement,4,gemma:7b,moderate,3.0,authority
agreement,4,gemma:7b,moderate,3.0,authority
agreement,4,gemma:7b,moderate,3.0,authority
agreement,4,gemma:7b,moderate,3.0,authority
agreement,4,gemma:7b,moderate,3.0,authority
agreement,4,gemma:7b,moderate,3.0,authority
agreement,4,gemma:7b,moderate,3.0,authority
agreement,4,gemma:7b,moderate,3.0,authority
agreement,4,gemma:7b,moderate,3.0,authority
agreement,4,gemma:7b,moderate,3.0,authority
agreement,4,gemma:7b,moderate,3.0,authority
agreement,4,gemma:7b,moderate,3.0,authority
agreement,4,gemma:7b,moderate,3.0,authority
agreement,4,gemma:7b,moderate,3.0,authority
agreement,4,gemma:7b,moderate,3.0,authority
agreement,4,gemma:7b,moderate,3.0,authority
agreement,4,gemma:7b,moderate,3.0,authority
agreement,4,gemma:7b,moderate,3.0,authority
agreement,4,gemma:7b,moderate,3.0,authority
agreement,4,gemma:7b,moderate,3.0,authority
agreement,4,gemma:7b,moderate,3.0,authority
agreement,4,gemma:7b,moderate,3.0,authority
agreement,4,gemma:7b,moderate,3.0,authority
agreement,4,gemma:7b,moderate,3.0,authority
agreement,4,gemma:7b,moderate,4.0,authority
agreement,4,gemma:7b,moderate,3.0,authority
agreement,4,gemma:7b,moderate,3.0,authority
agreement,4,gemma:7b,moderate,3.0,authority
agreement,4,gemma:7b,moderate,3.0,authority
agreement,4,gemma:7b,moderate,4.0,authority
agreement,4,gemma:7b,moderate,3.0,authority
agreement,4,gemma:7b,moderate,3.0,authority
agreement,4,gemma:7b,moderate,3.0,authority
agreement,4,gemma:7b,moderate,3.0,authority
agreement,4,gemma:7b,moderate,3.0,authority
agreement,4,gemma:7b,moderate,3.0,authority
agreement,4,gemma:7b,moderate,4.0,authority
agreement,4,gemma:7b,moderate,4.0,authority
agreement,4,gemma:7b,moderate,3.0,authority
agreement,4,gemma:7b,liberal,4.0,authority
agreement,4,gemma:7b,liberal,3.0,authority
agreement,4,gemma:7b,liberal,3.0,authority
agreement,4,gemma:7b,liberal,4.0,authority
agreement,4,gemma:7b,liberal,3.0,authority
agreement,4,gemma:7b,liberal,3.0,authority
agreement,4,gemma:7b,liberal,4.0,authority
agreement,4,gemma:7b,liberal,3.0,authority
agreement,4,gemma:7b,liberal,3.0,authority
agreement,4,gemma:7b,liberal,4.0,authority
agreement,4,gemma:7b,liberal,4.0,authority
agreement,4,gemma:7b,liberal,5.0,authority
agreement,4,gemma:7b,liberal,3.0,authority
agreement,4,gemma:7b,liberal,4.0,authority
agreement,4,gemma:7b,liberal,4.0,authority
agreement,4,gemma:7b,liberal,3.0,authority
agreement,4,gemma:7b,liberal,4.0,authority
agreement,4,gemma:7b,liberal,5.0,authority
agreement,4,gemma:7b,liberal,3.0,authority
agreement,4,gemma:7b,liberal,3.0,authority
agreement,4,gemma:7b,liberal,3.0,authority
agreement,4,gemma:7b,liberal,3.0,authority
agreement,4,gemma:7b,liberal,3.0,authority
agreement,4,gemma:7b,liberal,3.0,authority
agreement,4,gemma:7b,liberal,3.0,authority
agreement,4,gemma:7b,liberal,3.0,authority
agreement,4,gemma:7b,liberal,3.0,authority
agreement,4,gemma:7b,liberal,4.0,authority
agreement,4,gemma:7b,liberal,3.0,authority
agreement,4,gemma:7b,liberal,3.0,authority
agreement,4,gemma:7b,liberal,3.0,authority
agreement,4,gemma:7b,liberal,3.0,authority
agreement,4,gemma:7b,liberal,3.0,authority
agreement,4,gemma:7b,liberal,3.0,authority
agreement,4,gemma:7b,liberal,5.0,authority
agreement,4,gemma:7b,liberal,3.0,authority
agreement,4,gemma:7b,liberal,3.0,authority
agreement,4,gemma:7b,liberal,3.0,authority
agreement,4,gemma:7b,liberal,3.0,authority
agreement,4,gemma:7b,liberal,3.0,authority
agreement,4,gemma:7b,liberal,3.0,authority
agreement,4,gemma:7b,liberal,3.0,authority
agreement,4,gemma:7b,liberal,3.0,authority
agreement,4,gemma:7b,liberal,3.0,authority
agreement,4,gemma:7b,liberal,3.0,authority
agreement,4,gemma:7b,liberal,3.0,authority
agreement,4,gemma:7b,liberal,3.0,authority
agreement,4,gemma:7b,liberal,4.0,authority
agreement,4,gemma:7b,liberal,3.0,authority
agreement,4,gemma:7b,liberal,3.0,authority
agreement,4,gemma2:27b,conservative,5.0,authority
agreement,4,gemma2:27b,conservative,5.0,authority
agreement,4,gemma2:27b,conservative,5.0,authority
agreement,4,gemma2:27b,conservative,5.0,authority
agreement,4,gemma2:27b,conservative,4.0,authority
agreement,4,gemma2:27b,conservative,5.0,authority
agreement,4,gemma2:27b,conservative,5.0,authority
agreement,4,gemma2:27b,conservative,5.0,authority
agreement,4,gemma2:27b,conservative,5.0,authority
agreement,4,gemma2:27b,conservative,5.0,authority
agreement,4,gemma2:27b,conservative,5.0,authority
agreement,4,gemma2:27b,conservative,5.0,authority
agreement,4,gemma2:27b,conservative,5.0,authority
agreement,4,gemma2:27b,conservative,4.0,authority
agreement,4,gemma2:27b,conservative,5.0,authority
agreement,4,gemma2:27b,conservative,5.0,authority
agreement,4,gemma2:27b,conservative,5.0,authority
agreement,4,gemma2:27b,conservative,5.0,authority
agreement,4,gemma2:27b,conservative,5.0,authority
agreement,4,gemma2:27b,conservative,5.0,authority
agreement,4,gemma2:27b,conservative,5.0,authority
agreement,4,gemma2:27b,conservative,5.0,authority
agreement,4,gemma2:27b,conservative,5.0,authority
agreement,4,gemma2:27b,conservative,5.0,authority
agreement,4,gemma2:27b,conservative,5.0,authority
agreement,4,gemma2:27b,conservative,5.0,authority
agreement,4,gemma2:27b,conservative,5.0,authority
agreement,4,gemma2:27b,conservative,5.0,authority
agreement,4,gemma2:27b,conservative,5.0,authority
agreement,4,gemma2:27b,conservative,5.0,authority
agreement,4,gemma2:27b,conservative,5.0,authority
agreement,4,gemma2:27b,conservative,5.0,authority
agreement,4,gemma2:27b,conservative,5.0,authority
agreement,4,gemma2:27b,conservative,5.0,authority
agreement,4,gemma2:27b,conservative,5.0,authority
agreement,4,gemma2:27b,conservative,5.0,authority
agreement,4,gemma2:27b,conservative,5.0,authority
agreement,4,gemma2:27b,conservative,5.0,authority
agreement,4,gemma2:27b,conservative,5.0,authority
agreement,4,gemma2:27b,conservative,5.0,authority
agreement,4,gemma2:27b,conservative,5.0,authority
agreement,4,gemma2:27b,conservative,5.0,authority
agreement,4,gemma2:27b,conservative,5.0,authority
agreement,4,gemma2:27b,conservative,5.0,authority
agreement,4,gemma2:27b,conservative,5.0,authority
agreement,4,gemma2:27b,conservative,4.0,authority
agreement,4,gemma2:27b,conservative,5.0,authority
agreement,4,gemma2:27b,conservative,5.0,authority
agreement,4,gemma2:27b,conservative,5.0,authority
agreement,4,gemma2:27b,conservative,5.0,authority
agreement,4,gemma2:27b,moderate,3.0,authority
agreement,4,gemma2:27b,moderate,3.0,authority
agreement,4,gemma2:27b,moderate,3.0,authority
agreement,4,gemma2:27b,moderate,3.0,authority
agreement,4,gemma2:27b,moderate,3.0,authority
agreement,4,gemma2:27b,moderate,3.0,authority
agreement,4,gemma2:27b,moderate,3.0,authority
agreement,4,gemma2:27b,moderate,3.0,authority
agreement,4,gemma2:27b,moderate,3.0,authority
agreement,4,gemma2:27b,moderate,3.0,authority
agreement,4,gemma2:27b,moderate,3.0,authority
agreement,4,gemma2:27b,moderate,3.0,authority
agreement,4,gemma2:27b,moderate,3.0,authority
agreement,4,gemma2:27b,moderate,3.0,authority
agreement,4,gemma2:27b,moderate,3.0,authority
agreement,4,gemma2:27b,moderate,3.0,authority
agreement,4,gemma2:27b,moderate,3.0,authority
agreement,4,gemma2:27b,moderate,3.0,authority
agreement,4,gemma2:27b,moderate,3.0,authority
agreement,4,gemma2:27b,moderate,3.0,authority
agreement,4,gemma2:27b,moderate,3.0,authority
agreement,4,gemma2:27b,moderate,3.0,authority
agreement,4,gemma2:27b,moderate,3.0,authority
agreement,4,gemma2:27b,moderate,3.0,authority
agreement,4,gemma2:27b,moderate,3.0,authority
agreement,4,gemma2:27b,moderate,3.0,authority
agreement,4,gemma2:27b,moderate,3.0,authority
agreement,4,gemma2:27b,moderate,3.0,authority
agreement,4,gemma2:27b,moderate,3.0,authority
agreement,4,gemma2:27b,moderate,3.0,authority
agreement,4,gemma2:27b,moderate,3.0,authority
agreement,4,gemma2:27b,moderate,3.0,authority
agreement,4,gemma2:27b,moderate,3.0,authority
agreement,4,gemma2:27b,moderate,3.0,authority
agreement,4,gemma2:27b,moderate,3.0,authority
agreement,4,gemma2:27b,moderate,3.0,authority
agreement,4,gemma2:27b,moderate,3.0,authority
agreement,4,gemma2:27b,moderate,3.0,authority
agreement,4,gemma2:27b,moderate,3.0,authority
agreement,4,gemma2:27b,moderate,3.0,authority
agreement,4,gemma2:27b,moderate,3.0,authority
agreement,4,gemma2:27b,moderate,3.0,authority
agreement,4,gemma2:27b,moderate,3.0,authority
agreement,4,gemma2:27b,moderate,3.0,authority
agreement,4,gemma2:27b,moderate,3.0,authority
agreement,4,gemma2:27b,moderate,3.0,authority
agreement,4,gemma2:27b,moderate,3.0,authority
agreement,4,gemma2:27b,moderate,3.0,authority
agreement,4,gemma2:27b,moderate,3.0,authority
agreement,4,gemma2:27b,moderate,3.0,authority
agreement,4,gemma2:27b,liberal,2.0,authority
agreement,4,gemma2:27b,liberal,2.0,authority
agreement,4,gemma2:27b,liberal,2.0,authority
agreement,4,gemma2:27b,liberal,2.0,authority
agreement,4,gemma2:27b,liberal,2.0,authority
agreement,4,gemma2:27b,liberal,2.0,authority
agreement,4,gemma2:27b,liberal,2.0,authority
agreement,4,gemma2:27b,liberal,2.0,authority
agreement,4,gemma2:27b,liberal,2.0,authority
agreement,4,gemma2:27b,liberal,2.0,authority
agreement,4,gemma2:27b,liberal,2.0,authority
agreement,4,gemma2:27b,liberal,2.0,authority
agreement,4,gemma2:27b,liberal,2.0,authority
agreement,4,gemma2:27b,liberal,2.0,authority
agreement,4,gemma2:27b,liberal,2.0,authority
agreement,4,gemma2:27b,liberal,2.0,authority
agreement,4,gemma2:27b,liberal,2.0,authority
agreement,4,gemma2:27b,liberal,2.0,authority
agreement,4,gemma2:27b,liberal,2.0,authority
agreement,4,gemma2:27b,liberal,2.0,authority
agreement,4,gemma2:27b,liberal,2.0,authority
agreement,4,gemma2:27b,liberal,2.0,authority
agreement,4,gemma2:27b,liberal,2.0,authority
agreement,4,gemma2:27b,liberal,2.0,authority
agreement,4,gemma2:27b,liberal,2.0,authority
agreement,4,gemma2:27b,liberal,2.0,authority
agreement,4,gemma2:27b,liberal,2.0,authority
agreement,4,gemma2:27b,liberal,2.0,authority
agreement,4,gemma2:27b,liberal,2.0,authority
agreement,4,gemma2:27b,liberal,2.0,authority
agreement,4,gemma2:27b,liberal,2.0,authority
agreement,4,gemma2:27b,liberal,2.0,authority
agreement,4,gemma2:27b,liberal,2.0,authority
agreement,4,gemma2:27b,liberal,2.0,authority
agreement,4,gemma2:27b,liberal,2.0,authority
agreement,4,gemma2:27b,liberal,2.0,authority
agreement,4,gemma2:27b,liberal,2.0,authority
agreement,4,gemma2:27b,liberal,2.0,authority
agreement,4,gemma2:27b,liberal,2.0,authority
agreement,4,gemma2:27b,liberal,2.0,authority
agreement,4,gemma2:27b,liberal,2.0,authority
agreement,4,gemma2:27b,liberal,2.0,authority
agreement,4,gemma2:27b,liberal,2.0,authority
agreement,4,gemma2:27b,liberal,2.0,authority
agreement,4,gemma2:27b,liberal,2.0,authority
agreement,4,gemma2:27b,liberal,2.0,authority
agreement,4,gemma2:27b,liberal,2.0,authority
agreement,4,gemma2:27b,liberal,2.0,authority
agreement,4,gemma2:27b,liberal,2.0,authority
agreement,4,gemma2:27b,liberal,2.0,authority
agreement,4,qwen:72b,conservative,5.0,authority
agreement,4,qwen:72b,conservative,5.0,authority
agreement,4,qwen:72b,conservative,5.0,authority
agreement,4,qwen:72b,conservative,5.0,authority
agreement,4,qwen:72b,conservative,5.0,authority
agreement,4,qwen:72b,conservative,5.0,authority
agreement,4,qwen:72b,conservative,5.0,authority
agreement,4,qwen:72b,conservative,5.0,authority
agreement,4,qwen:72b,conservative,5.0,authority
agreement,4,qwen:72b,conservative,5.0,authority
agreement,4,qwen:72b,conservative,5.0,authority
agreement,4,qwen:72b,conservative,5.0,authority
agreement,4,qwen:72b,conservative,5.0,authority
agreement,4,qwen:72b,conservative,5.0,authority
agreement,4,qwen:72b,conservative,5.0,authority
agreement,4,qwen:72b,conservative,5.0,authority
agreement,4,qwen:72b,conservative,5.0,authority
agreement,4,qwen:72b,conservative,5.0,authority
agreement,4,qwen:72b,conservative,5.0,authority
agreement,4,qwen:72b,conservative,5.0,authority
agreement,4,qwen:72b,conservative,5.0,authority
agreement,4,qwen:72b,conservative,5.0,authority
agreement,4,qwen:72b,conservative,5.0,authority
agreement,4,qwen:72b,conservative,5.0,authority
agreement,4,qwen:72b,conservative,5.0,authority
agreement,4,qwen:72b,conservative,5.0,authority
agreement,4,qwen:72b,conservative,5.0,authority
agreement,4,qwen:72b,conservative,5.0,authority
agreement,4,qwen:72b,conservative,5.0,authority
agreement,4,qwen:72b,conservative,5.0,authority
agreement,4,qwen:72b,conservative,5.0,authority
agreement,4,qwen:72b,conservative,5.0,authority
agreement,4,qwen:72b,conservative,5.0,authority
agreement,4,qwen:72b,conservative,5.0,authority
agreement,4,qwen:72b,conservative,5.0,authority
agreement,4,qwen:72b,conservative,5.0,authority
agreement,4,qwen:72b,conservative,5.0,authority
agreement,4,qwen:72b,conservative,5.0,authority
agreement,4,qwen:72b,conservative,5.0,authority
agreement,4,qwen:72b,conservative,5.0,authority
agreement,4,qwen:72b,conservative,5.0,authority
agreement,4,qwen:72b,conservative,5.0,authority
agreement,4,qwen:72b,conservative,5.0,authority
agreement,4,qwen:72b,conservative,5.0,authority
agreement,4,qwen:72b,conservative,5.0,authority
agreement,4,qwen:72b,conservative,5.0,authority
agreement,4,qwen:72b,conservative,5.0,authority
agreement,4,qwen:72b,conservative,5.0,authority
agreement,4,qwen:72b,conservative,5.0,authority
agreement,4,qwen:72b,conservative,5.0,authority
agreement,4,qwen:72b,moderate,3.0,authority
agreement,4,qwen:72b,moderate,4.0,authority
agreement,4,qwen:72b,moderate,4.0,authority
agreement,4,qwen:72b,moderate,4.0,authority
agreement,4,qwen:72b,moderate,4.0,authority
agreement,4,qwen:72b,moderate,3.0,authority
agreement,4,qwen:72b,moderate,4.0,authority
agreement,4,qwen:72b,moderate,4.0,authority
agreement,4,qwen:72b,moderate,4.0,authority
agreement,4,qwen:72b,moderate,4.0,authority
agreement,4,qwen:72b,moderate,4.0,authority
agreement,4,qwen:72b,moderate,4.0,authority
agreement,4,qwen:72b,moderate,4.0,authority
agreement,4,qwen:72b,moderate,4.0,authority
agreement,4,qwen:72b,moderate,4.0,authority
agreement,4,qwen:72b,moderate,4.0,authority
agreement,4,qwen:72b,moderate,4.0,authority
agreement,4,qwen:72b,moderate,4.0,authority
agreement,4,qwen:72b,moderate,4.0,authority
agreement,4,qwen:72b,moderate,4.0,authority
agreement,4,qwen:72b,moderate,4.0,authority
agreement,4,qwen:72b,moderate,4.0,authority
agreement,4,qwen:72b,moderate,3.0,authority
agreement,4,qwen:72b,moderate,4.0,authority
agreement,4,qwen:72b,moderate,4.0,authority
agreement,4,qwen:72b,moderate,4.0,authority
agreement,4,qwen:72b,moderate,4.0,authority
agreement,4,qwen:72b,moderate,4.0,authority
agreement,4,qwen:72b,moderate,4.0,authority
agreement,4,qwen:72b,moderate,4.0,authority
agreement,4,qwen:72b,moderate,4.0,authority
agreement,4,qwen:72b,moderate,4.0,authority
agreement,4,qwen:72b,moderate,4.0,authority
agreement,4,qwen:72b,moderate,4.0,authority
agreement,4,qwen:72b,moderate,4.0,authority
agreement,4,qwen:72b,moderate,3.0,authority
agreement,4,qwen:72b,moderate,4.0,authority
agreement,4,qwen:72b,moderate,4.0,authority
agreement,4,qwen:72b,moderate,4.0,authority
agreement,4,qwen:72b,moderate,4.0,authority
agreement,4,qwen:72b,moderate,3.0,authority
agreement,4,qwen:72b,moderate,4.0,authority
agreement,4,qwen:72b,moderate,4.0,authority
agreement,4,qwen:72b,moderate,4.0,authority
agreement,4,qwen:72b,moderate,4.0,authority
agreement,4,qwen:72b,moderate,4.0,authority
agreement,4,qwen:72b,moderate,4.0,authority
agreement,4,qwen:72b,moderate,4.0,authority
agreement,4,qwen:72b,moderate,3.0,authority
agreement,4,qwen:72b,moderate,5.0,authority
agreement,4,qwen:72b,liberal,2.0,authority
agreement,4,qwen:72b,liberal,3.0,authority
agreement,4,qwen:72b,liberal,2.0,authority
agreement,4,qwen:72b,liberal,2.0,authority
agreement,4,qwen:72b,liberal,3.0,authority
agreement,4,qwen:72b,liberal,2.0,authority
agreement,4,qwen:72b,liberal,2.0,authority
agreement,4,qwen:72b,liberal,3.0,authority
agreement,4,qwen:72b,liberal,3.0,authority
agreement,4,qwen:72b,liberal,3.0,authority
agreement,4,qwen:72b,liberal,2.0,authority
agreement,4,qwen:72b,liberal,2.0,authority
agreement,4,qwen:72b,liberal,2.0,authority
agreement,4,qwen:72b,liberal,2.0,authority
agreement,4,qwen:72b,liberal,3.0,authority
agreement,4,qwen:72b,liberal,2.0,authority
agreement,4,qwen:72b,liberal,2.0,authority
agreement,4,qwen:72b,liberal,2.0,authority
agreement,4,qwen:72b,liberal,2.0,authority
agreement,4,qwen:72b,liberal,2.0,authority
agreement,4,qwen:72b,liberal,3.0,authority
agreement,4,qwen:72b,liberal,3.0,authority
agreement,4,qwen:72b,liberal,3.0,authority
agreement,4,qwen:72b,liberal,3.0,authority
agreement,4,qwen:72b,liberal,3.0,authority
agreement,4,qwen:72b,liberal,2.0,authority
agreement,4,qwen:72b,liberal,2.0,authority
agreement,4,qwen:72b,liberal,2.0,authority
agreement,4,qwen:72b,liberal,3.0,authority
agreement,4,qwen:72b,liberal,2.0,authority
agreement,4,qwen:72b,liberal,3.0,authority
agreement,4,qwen:72b,liberal,3.0,authority
agreement,4,qwen:72b,liberal,2.0,authority
agreement,4,qwen:72b,liberal,2.0,authority
agreement,4,qwen:72b,liberal,2.0,authority
agreement,4,qwen:72b,liberal,2.0,authority
agreement,4,qwen:72b,liberal,2.0,authority
agreement,4,qwen:72b,liberal,2.0,authority
agreement,4,qwen:72b,liberal,3.0,authority
agreement,4,qwen:72b,liberal,2.0,authority
agreement,4,qwen:72b,liberal,2.0,authority
agreement,4,qwen:72b,liberal,3.0,authority
agreement,4,qwen:72b,liberal,3.0,authority
agreement,4,qwen:72b,liberal,3.0,authority
agreement,4,qwen:72b,liberal,3.0,authority
agreement,4,qwen:72b,liberal,2.0,authority
agreement,4,qwen:72b,liberal,2.0,authority
agreement,4,qwen:72b,liberal,2.0,authority
agreement,4,qwen:72b,liberal,2.0,authority
agreement,4,qwen:72b,liberal,3.0,authority
agreement,4,qwen2:72b,conservative,5.0,authority
agreement,4,qwen2:72b,conservative,5.0,authority
agreement,4,qwen2:72b,conservative,5.0,authority
agreement,4,qwen2:72b,conservative,5.0,authority
agreement,4,qwen2:72b,conservative,5.0,authority
agreement,4,qwen2:72b,conservative,5.0,authority
agreement,4,qwen2:72b,conservative,5.0,authority
agreement,4,qwen2:72b,conservative,5.0,authority
agreement,4,qwen2:72b,conservative,5.0,authority
agreement,4,qwen2:72b,conservative,5.0,authority
agreement,4,qwen2:72b,conservative,5.0,authority
agreement,4,qwen2:72b,conservative,5.0,authority
agreement,4,qwen2:72b,conservative,5.0,authority
agreement,4,qwen2:72b,conservative,5.0,authority
agreement,4,qwen2:72b,conservative,5.0,authority
agreement,4,qwen2:72b,conservative,5.0,authority
agreement,4,qwen2:72b,conservative,5.0,authority
agreement,4,qwen2:72b,conservative,5.0,authority
agreement,4,qwen2:72b,conservative,5.0,authority
agreement,4,qwen2:72b,conservative,5.0,authority
agreement,4,qwen2:72b,conservative,5.0,authority
agreement,4,qwen2:72b,conservative,5.0,authority
agreement,4,qwen2:72b,conservative,5.0,authority
agreement,4,qwen2:72b,conservative,5.0,authority
agreement,4,qwen2:72b,conservative,5.0,authority
agreement,4,qwen2:72b,conservative,5.0,authority
agreement,4,qwen2:72b,conservative,5.0,authority
agreement,4,qwen2:72b,conservative,5.0,authority
agreement,4,qwen2:72b,conservative,5.0,authority
agreement,4,qwen2:72b,conservative,5.0,authority
agreement,4,qwen2:72b,conservative,5.0,authority
agreement,4,qwen2:72b,conservative,5.0,authority
agreement,4,qwen2:72b,conservative,5.0,authority
agreement,4,qwen2:72b,conservative,5.0,authority
agreement,4,qwen2:72b,conservative,5.0,authority
agreement,4,qwen2:72b,conservative,5.0,authority
agreement,4,qwen2:72b,conservative,5.0,authority
agreement,4,qwen2:72b,conservative,5.0,authority
agreement,4,qwen2:72b,conservative,5.0,authority
agreement,4,qwen2:72b,conservative,5.0,authority
agreement,4,qwen2:72b,conservative,5.0,authority
agreement,4,qwen2:72b,conservative,5.0,authority
agreement,4,qwen2:72b,conservative,5.0,authority
agreement,4,qwen2:72b,conservative,5.0,authority
agreement,4,qwen2:72b,conservative,5.0,authority
agreement,4,qwen2:72b,conservative,5.0,authority
agreement,4,qwen2:72b,conservative,5.0,authority
agreement,4,qwen2:72b,conservative,5.0,authority
agreement,4,qwen2:72b,conservative,5.0,authority
agreement,4,qwen2:72b,conservative,5.0,authority
agreement,4,qwen2:72b,moderate,4.0,authority
agreement,4,qwen2:72b,moderate,4.0,authority
agreement,4,qwen2:72b,moderate,5.0,authority
agreement,4,qwen2:72b,moderate,4.0,authority
agreement,4,qwen2:72b,moderate,4.0,authority
agreement,4,qwen2:72b,moderate,4.0,authority
agreement,4,qwen2:72b,moderate,4.0,authority
agreement,4,qwen2:72b,moderate,4.0,authority
agreement,4,qwen2:72b,moderate,5.0,authority
agreement,4,qwen2:72b,moderate,4.0,authority
agreement,4,qwen2:72b,moderate,5.0,authority
agreement,4,qwen2:72b,moderate,4.0,authority
agreement,4,qwen2:72b,moderate,5.0,authority
agreement,4,qwen2:72b,moderate,4.0,authority
agreement,4,qwen2:72b,moderate,4.0,authority
agreement,4,qwen2:72b,moderate,4.0,authority
agreement,4,qwen2:72b,moderate,4.0,authority
agreement,4,qwen2:72b,moderate,4.0,authority
agreement,4,qwen2:72b,moderate,4.0,authority
agreement,4,qwen2:72b,moderate,4.0,authority
agreement,4,qwen2:72b,moderate,4.0,authority
agreement,4,qwen2:72b,moderate,4.0,authority
agreement,4,qwen2:72b,moderate,4.0,authority
agreement,4,qwen2:72b,moderate,4.0,authority
agreement,4,qwen2:72b,moderate,4.0,authority
agreement,4,qwen2:72b,moderate,4.0,authority
agreement,4,qwen2:72b,moderate,4.0,authority
agreement,4,qwen2:72b,moderate,4.0,authority
agreement,4,qwen2:72b,moderate,4.0,authority
agreement,4,qwen2:72b,moderate,4.0,authority
agreement,4,qwen2:72b,moderate,4.0,authority
agreement,4,qwen2:72b,moderate,4.0,authority
agreement,4,qwen2:72b,moderate,4.0,authority
agreement,4,qwen2:72b,moderate,5.0,authority
agreement,4,qwen2:72b,moderate,4.0,authority
agreement,4,qwen2:72b,moderate,4.0,authority
agreement,4,qwen2:72b,moderate,4.0,authority
agreement,4,qwen2:72b,moderate,4.0,authority
agreement,4,qwen2:72b,moderate,5.0,authority
agreement,4,qwen2:72b,moderate,4.0,authority
agreement,4,qwen2:72b,moderate,4.0,authority
agreement,4,qwen2:72b,moderate,4.0,authority
agreement,4,qwen2:72b,moderate,5.0,authority
agreement,4,qwen2:72b,moderate,4.0,authority
agreement,4,qwen2:72b,moderate,4.0,authority
agreement,4,qwen2:72b,moderate,4.0,authority
agreement,4,qwen2:72b,moderate,4.0,authority
agreement,4,qwen2:72b,moderate,4.0,authority
agreement,4,qwen2:72b,moderate,4.0,authority
agreement,4,qwen2:72b,moderate,5.0,authority
agreement,4,qwen2:72b,liberal,3.0,authority
agreement,4,qwen2:72b,liberal,4.0,authority
agreement,4,qwen2:72b,liberal,3.0,authority
agreement,4,qwen2:72b,liberal,4.0,authority
agreement,4,qwen2:72b,liberal,4.0,authority
agreement,4,qwen2:72b,liberal,3.0,authority
agreement,4,qwen2:72b,liberal,4.0,authority
agreement,4,qwen2:72b,liberal,3.0,authority
agreement,4,qwen2:72b,liberal,4.0,authority
agreement,4,qwen2:72b,liberal,4.0,authority
agreement,4,qwen2:72b,liberal,4.0,authority
agreement,4,qwen2:72b,liberal,3.0,authority
agreement,4,qwen2:72b,liberal,3.0,authority
agreement,4,qwen2:72b,liberal,3.0,authority
agreement,4,qwen2:72b,liberal,4.0,authority
agreement,4,qwen2:72b,liberal,4.0,authority
agreement,4,qwen2:72b,liberal,4.0,authority
agreement,4,qwen2:72b,liberal,4.0,authority
agreement,4,qwen2:72b,liberal,4.0,authority
agreement,4,qwen2:72b,liberal,4.0,authority
agreement,4,qwen2:72b,liberal,4.0,authority
agreement,4,qwen2:72b,liberal,3.0,authority
agreement,4,qwen2:72b,liberal,4.0,authority
agreement,4,qwen2:72b,liberal,4.0,authority
agreement,4,qwen2:72b,liberal,4.0,authority
agreement,4,qwen2:72b,liberal,4.0,authority
agreement,4,qwen2:72b,liberal,4.0,authority
agreement,4,qwen2:72b,liberal,3.0,authority
agreement,4,qwen2:72b,liberal,4.0,authority
agreement,4,qwen2:72b,liberal,4.0,authority
agreement,4,qwen2:72b,liberal,3.0,authority
agreement,4,qwen2:72b,liberal,4.0,authority
agreement,4,qwen2:72b,liberal,3.0,authority
agreement,4,qwen2:72b,liberal,4.0,authority
agreement,4,qwen2:72b,liberal,4.0,authority
agreement,4,qwen2:72b,liberal,3.0,authority
agreement,4,qwen2:72b,liberal,3.0,authority
agreement,4,qwen2:72b,liberal,4.0,authority
agreement,4,qwen2:72b,liberal,4.0,authority
agreement,4,qwen2:72b,liberal,4.0,authority
agreement,4,qwen2:72b,liberal,4.0,authority
agreement,4,qwen2:72b,liberal,3.0,authority
agreement,4,qwen2:72b,liberal,3.0,authority
agreement,4,qwen2:72b,liberal,4.0,authority
agreement,4,qwen2:72b,liberal,3.0,authority
agreement,4,qwen2:72b,liberal,3.0,authority
agreement,4,qwen2:72b,liberal,3.0,authority
agreement,4,qwen2:72b,liberal,4.0,authority
agreement,4,qwen2:72b,liberal,3.0,authority
agreement,4,qwen2:72b,liberal,3.0,authority
agreement,5,llama3.1:8b,conservative,5.0,purity
agreement,5,llama3.1:8b,conservative,4.0,purity
agreement,5,llama3.1:8b,conservative,5.0,purity
agreement,5,llama3.1:8b,conservative,5.0,purity
agreement,5,llama3.1:8b,conservative,4.0,purity
agreement,5,llama3.1:8b,conservative,5.0,purity
agreement,5,llama3.1:8b,conservative,4.0,purity
agreement,5,llama3.1:8b,conservative,5.0,purity
agreement,5,llama3.1:8b,conservative,2.0,purity
agreement,5,llama3.1:8b,conservative,5.0,purity
agreement,5,llama3.1:8b,conservative,4.0,purity
agreement,5,llama3.1:8b,conservative,4.0,purity
agreement,5,llama3.1:8b,conservative,3.0,purity
agreement,5,llama3.1:8b,conservative,2.0,purity
agreement,5,llama3.1:8b,conservative,5.0,purity
agreement,5,llama3.1:8b,conservative,5.0,purity
agreement,5,llama3.1:8b,conservative,5.0,purity
agreement,5,llama3.1:8b,conservative,5.0,purity
agreement,5,llama3.1:8b,conservative,4.0,purity
agreement,5,llama3.1:8b,conservative,5.0,purity
agreement,5,llama3.1:8b,conservative,5.0,purity
agreement,5,llama3.1:8b,conservative,4.0,purity
agreement,5,llama3.1:8b,conservative,5.0,purity
agreement,5,llama3.1:8b,conservative,5.0,purity
agreement,5,llama3.1:8b,conservative,4.0,purity
agreement,5,llama3.1:8b,conservative,4.0,purity
agreement,5,llama3.1:8b,conservative,3.0,purity
agreement,5,llama3.1:8b,conservative,3.0,purity
agreement,5,llama3.1:8b,conservative,4.0,purity
agreement,5,llama3.1:8b,conservative,5.0,purity
agreement,5,llama3.1:8b,conservative,5.0,purity
agreement,5,llama3.1:8b,conservative,4.0,purity
agreement,5,llama3.1:8b,conservative,5.0,purity
agreement,5,llama3.1:8b,conservative,5.0,purity
agreement,5,llama3.1:8b,conservative,5.0,purity
agreement,5,llama3.1:8b,conservative,5.0,purity
agreement,5,llama3.1:8b,conservative,4.0,purity
agreement,5,llama3.1:8b,conservative,4.0,purity
agreement,5,llama3.1:8b,conservative,5.0,purity
agreement,5,llama3.1:8b,conservative,4.0,purity
agreement,5,llama3.1:8b,conservative,5.0,purity
agreement,5,llama3.1:8b,conservative,5.0,purity
agreement,5,llama3.1:8b,conservative,4.0,purity
agreement,5,llama3.1:8b,conservative,5.0,purity
agreement,5,llama3.1:8b,conservative,4.0,purity
agreement,5,llama3.1:8b,conservative,5.0,purity
agreement,5,llama3.1:8b,conservative,5.0,purity
agreement,5,llama3.1:8b,conservative,4.0,purity
agreement,5,llama3.1:8b,conservative,4.0,purity
agreement,5,llama3.1:8b,conservative,5.0,purity
agreement,5,llama3.1:8b,moderate,3.0,purity
agreement,5,llama3.1:8b,moderate,3.0,purity
agreement,5,llama3.1:8b,moderate,2.0,purity
agreement,5,llama3.1:8b,moderate,5.0,purity
agreement,5,llama3.1:8b,moderate,5.0,purity
agreement,5,llama3.1:8b,moderate,4.0,purity
agreement,5,llama3.1:8b,moderate,5.0,purity
agreement,5,llama3.1:8b,moderate,4.0,purity
agreement,5,llama3.1:8b,moderate,4.0,purity
agreement,5,llama3.1:8b,moderate,2.0,purity
agreement,5,llama3.1:8b,moderate,4.0,purity
agreement,5,llama3.1:8b,moderate,4.0,purity
agreement,5,llama3.1:8b,moderate,4.0,purity
agreement,5,llama3.1:8b,moderate,4.0,purity
agreement,5,llama3.1:8b,moderate,3.0,purity
agreement,5,llama3.1:8b,moderate,5.0,purity
agreement,5,llama3.1:8b,moderate,4.0,purity
agreement,5,llama3.1:8b,moderate,4.0,purity
agreement,5,llama3.1:8b,moderate,4.0,purity
agreement,5,llama3.1:8b,moderate,5.0,purity
agreement,5,llama3.1:8b,moderate,5.0,purity
agreement,5,llama3.1:8b,moderate,4.0,purity
agreement,5,llama3.1:8b,moderate,4.0,purity
agreement,5,llama3.1:8b,moderate,3.0,purity
agreement,5,llama3.1:8b,moderate,2.0,purity
agreement,5,llama3.1:8b,moderate,5.0,purity
agreement,5,llama3.1:8b,moderate,2.0,purity
agreement,5,llama3.1:8b,moderate,5.0,purity
agreement,5,llama3.1:8b,moderate,4.0,purity
agreement,5,llama3.1:8b,moderate,5.0,purity
agreement,5,llama3.1:8b,moderate,3.0,purity
agreement,5,llama3.1:8b,moderate,4.0,purity
agreement,5,llama3.1:8b,moderate,4.0,purity
agreement,5,llama3.1:8b,moderate,5.0,purity
agreement,5,llama3.1:8b,moderate,4.0,purity
agreement,5,llama3.1:8b,moderate,5.0,purity
agreement,5,llama3.1:8b,moderate,4.0,purity
agreement,5,llama3.1:8b,moderate,4.0,purity
agreement,5,llama3.1:8b,moderate,4.0,purity
agreement,5,llama3.1:8b,moderate,5.0,purity
agreement,5,llama3.1:8b,moderate,3.0,purity
agreement,5,llama3.1:8b,moderate,5.0,purity
agreement,5,llama3.1:8b,moderate,3.0,purity
agreement,5,llama3.1:8b,moderate,3.0,purity
agreement,5,llama3.1:8b,moderate,2.0,purity
agreement,5,llama3.1:8b,moderate,4.0,purity
agreement,5,llama3.1:8b,moderate,4.0,purity
agreement,5,llama3.1:8b,moderate,3.0,purity
agreement,5,llama3.1:8b,moderate,3.0,purity
agreement,5,llama3.1:8b,moderate,5.0,purity
agreement,5,llama3.1:8b,liberal,4.0,purity
agreement,5,llama3.1:8b,liberal,5.0,purity
agreement,5,llama3.1:8b,liberal,4.0,purity
agreement,5,llama3.1:8b,liberal,4.0,purity
agreement,5,llama3.1:8b,liberal,3.0,purity
agreement,5,llama3.1:8b,liberal,5.0,purity
agreement,5,llama3.1:8b,liberal,2.0,purity
agreement,5,llama3.1:8b,liberal,4.0,purity
agreement,5,llama3.1:8b,liberal,5.0,purity
agreement,5,llama3.1:8b,liberal,5.0,purity
agreement,5,llama3.1:8b,liberal,5.0,purity
agreement,5,llama3.1:8b,liberal,2.0,purity
agreement,5,llama3.1:8b,liberal,0.0,purity
agreement,5,llama3.1:8b,liberal,0.0,purity
agreement,5,llama3.1:8b,liberal,5.0,purity
agreement,5,llama3.1:8b,liberal,5.0,purity
agreement,5,llama3.1:8b,liberal,2.0,purity
agreement,5,llama3.1:8b,liberal,5.0,purity
agreement,5,llama3.1:8b,liberal,4.0,purity
agreement,5,llama3.1:8b,liberal,5.0,purity
agreement,5,llama3.1:8b,liberal,3.0,purity
agreement,5,llama3.1:8b,liberal,3.0,purity
agreement,5,llama3.1:8b,liberal,4.0,purity
agreement,5,llama3.1:8b,liberal,3.0,purity
agreement,5,llama3.1:8b,liberal,4.0,purity
agreement,5,llama3.1:8b,liberal,5.0,purity
agreement,5,llama3.1:8b,liberal,5.0,purity
agreement,5,llama3.1:8b,liberal,5.0,purity
agreement,5,llama3.1:8b,liberal,5.0,purity
agreement,5,llama3.1:8b,liberal,5.0,purity
agreement,5,llama3.1:8b,liberal,5.0,purity
agreement,5,llama3.1:8b,liberal,4.0,purity
agreement,5,llama3.1:8b,liberal,2.0,purity
agreement,5,llama3.1:8b,liberal,5.0,purity
agreement,5,llama3.1:8b,liberal,5.0,purity
agreement,5,llama3.1:8b,liberal,3.0,purity
agreement,5,llama3.1:8b,liberal,5.0,purity
agreement,5,llama3.1:8b,liberal,5.0,purity
agreement,5,llama3.1:8b,liberal,5.0,purity
agreement,5,llama3.1:8b,liberal,5.0,purity
agreement,5,llama3.1:8b,liberal,3.0,purity
agreement,5,llama3.1:8b,liberal,2.0,purity
agreement,5,llama3.1:8b,liberal,5.0,purity
agreement,5,llama3.1:8b,liberal,5.0,purity
agreement,5,llama3.1:8b,liberal,5.0,purity
agreement,5,llama3.1:8b,liberal,4.0,purity
agreement,5,llama3.1:8b,liberal,2.0,purity
agreement,5,llama3.1:8b,liberal,2.0,purity
agreement,5,llama3.1:8b,liberal,5.0,purity
agreement,5,llama3.1:8b,liberal,4.0,purity
agreement,5,llama2:70b,conservative,4.0,purity
agreement,5,llama2:70b,conservative,4.0,purity
agreement,5,llama2:70b,conservative,4.0,purity
agreement,5,llama2:70b,conservative,4.0,purity
agreement,5,llama2:70b,conservative,1.0,purity
agreement,5,llama2:70b,conservative,1.0,purity
agreement,5,llama2:70b,conservative,4.0,purity
agreement,5,llama2:70b,conservative,4.0,purity
agreement,5,llama2:70b,conservative,4.0,purity
agreement,5,llama2:70b,conservative,4.0,purity
agreement,5,llama2:70b,conservative,1.0,purity
agreement,5,llama2:70b,conservative,4.0,purity
agreement,5,llama2:70b,conservative,1.0,purity
agreement,5,llama2:70b,conservative,4.0,purity
agreement,5,llama2:70b,conservative,4.0,purity
agreement,5,llama2:70b,conservative,4.0,purity
agreement,5,llama2:70b,conservative,1.0,purity
agreement,5,llama2:70b,conservative,4.0,purity
agreement,5,llama2:70b,conservative,1.0,purity
agreement,5,llama2:70b,conservative,4.0,purity
agreement,5,llama2:70b,conservative,4.0,purity
agreement,5,llama2:70b,conservative,4.0,purity
agreement,5,llama2:70b,conservative,4.0,purity
agreement,5,llama2:70b,conservative,4.0,purity
agreement,5,llama2:70b,conservative,4.0,purity
agreement,5,llama2:70b,conservative,4.0,purity
agreement,5,llama2:70b,conservative,4.0,purity
agreement,5,llama2:70b,conservative,1.0,purity
agreement,5,llama2:70b,conservative,4.0,purity
agreement,5,llama2:70b,conservative,4.0,purity
agreement,5,llama2:70b,conservative,4.0,purity
agreement,5,llama2:70b,conservative,1.0,purity
agreement,5,llama2:70b,conservative,4.0,purity
agreement,5,llama2:70b,conservative,4.0,purity
agreement,5,llama2:70b,conservative,4.0,purity
agreement,5,llama2:70b,conservative,4.0,purity
agreement,5,llama2:70b,conservative,4.0,purity
agreement,5,llama2:70b,conservative,4.0,purity
agreement,5,llama2:70b,conservative,4.0,purity
agreement,5,llama2:70b,conservative,4.0,purity
agreement,5,llama2:70b,conservative,4.0,purity
agreement,5,llama2:70b,conservative,4.0,purity
agreement,5,llama2:70b,conservative,1.0,purity
agreement,5,llama2:70b,conservative,4.0,purity
agreement,5,llama2:70b,conservative,4.0,purity
agreement,5,llama2:70b,conservative,1.0,purity
agreement,5,llama2:70b,conservative,4.0,purity
agreement,5,llama2:70b,conservative,4.0,purity
agreement,5,llama2:70b,conservative,4.0,purity
agreement,5,llama2:70b,conservative,4.0,purity
agreement,5,llama2:70b,moderate,4.0,purity
agreement,5,llama2:70b,moderate,4.0,purity
agreement,5,llama2:70b,moderate,4.0,purity
agreement,5,llama2:70b,moderate,4.0,purity
agreement,5,llama2:70b,moderate,4.0,purity
agreement,5,llama2:70b,moderate,4.0,purity
agreement,5,llama2:70b,moderate,4.0,purity
agreement,5,llama2:70b,moderate,4.0,purity
agreement,5,llama2:70b,moderate,4.0,purity
agreement,5,llama2:70b,moderate,4.0,purity
agreement,5,llama2:70b,moderate,4.0,purity
agreement,5,llama2:70b,moderate,4.0,purity
agreement,5,llama2:70b,moderate,4.0,purity
agreement,5,llama2:70b,moderate,4.0,purity
agreement,5,llama2:70b,moderate,4.0,purity
agreement,5,llama2:70b,moderate,4.0,purity
agreement,5,llama2:70b,moderate,4.0,purity
agreement,5,llama2:70b,moderate,4.0,purity
agreement,5,llama2:70b,moderate,4.0,purity
agreement,5,llama2:70b,moderate,4.0,purity
agreement,5,llama2:70b,moderate,4.0,purity
agreement,5,llama2:70b,moderate,4.0,purity
agreement,5,llama2:70b,moderate,4.0,purity
agreement,5,llama2:70b,moderate,4.0,purity
agreement,5,llama2:70b,moderate,4.0,purity
agreement,5,llama2:70b,moderate,4.0,purity
agreement,5,llama2:70b,moderate,4.0,purity
agreement,5,llama2:70b,moderate,4.0,purity
agreement,5,llama2:70b,moderate,4.0,purity
agreement,5,llama2:70b,moderate,4.0,purity
agreement,5,llama2:70b,moderate,4.0,purity
agreement,5,llama2:70b,moderate,4.0,purity
agreement,5,llama2:70b,moderate,4.0,purity
agreement,5,llama2:70b,moderate,4.0,purity
agreement,5,llama2:70b,moderate,4.0,purity
agreement,5,llama2:70b,moderate,4.0,purity
agreement,5,llama2:70b,moderate,4.0,purity
agreement,5,llama2:70b,moderate,4.0,purity
agreement,5,llama2:70b,moderate,4.0,purity
agreement,5,llama2:70b,moderate,4.0,purity
agreement,5,llama2:70b,moderate,4.0,purity
agreement,5,llama2:70b,moderate,4.0,purity
agreement,5,llama2:70b,moderate,4.0,purity
agreement,5,llama2:70b,moderate,4.0,purity
agreement,5,llama2:70b,moderate,4.0,purity
agreement,5,llama2:70b,moderate,4.0,purity
agreement,5,llama2:70b,moderate,4.0,purity
agreement,5,llama2:70b,moderate,4.0,purity
agreement,5,llama2:70b,moderate,4.0,purity
agreement,5,llama2:70b,moderate,4.0,purity
agreement,5,llama2:70b,liberal,1.0,purity
agreement,5,llama2:70b,liberal,1.0,purity
agreement,5,llama2:70b,liberal,1.0,purity
agreement,5,llama2:70b,liberal,4.0,purity
agreement,5,llama2:70b,liberal,4.0,purity
agreement,5,llama2:70b,liberal,1.0,purity
agreement,5,llama2:70b,liberal,4.0,purity
agreement,5,llama2:70b,liberal,4.0,purity
agreement,5,llama2:70b,liberal,1.0,purity
agreement,5,llama2:70b,liberal,4.0,purity
agreement,5,llama2:70b,liberal,1.0,purity
agreement,5,llama2:70b,liberal,1.0,purity
agreement,5,llama2:70b,liberal,1.0,purity
agreement,5,llama2:70b,liberal,1.0,purity
agreement,5,llama2:70b,liberal,4.0,purity
agreement,5,llama2:70b,liberal,4.0,purity
agreement,5,llama2:70b,liberal,4.0,purity
agreement,5,llama2:70b,liberal,1.0,purity
agreement,5,llama2:70b,liberal,4.0,purity
agreement,5,llama2:70b,liberal,1.0,purity
agreement,5,llama2:70b,liberal,4.0,purity
agreement,5,llama2:70b,liberal,1.0,purity
agreement,5,llama2:70b,liberal,1.0,purity
agreement,5,llama2:70b,liberal,4.0,purity
agreement,5,llama2:70b,liberal,4.0,purity
agreement,5,llama2:70b,liberal,1.0,purity
agreement,5,llama2:70b,liberal,1.0,purity
agreement,5,llama2:70b,liberal,4.0,purity
agreement,5,llama2:70b,liberal,4.0,purity
agreement,5,llama2:70b,liberal,1.0,purity
agreement,5,llama2:70b,liberal,4.0,purity
agreement,5,llama2:70b,liberal,1.0,purity
agreement,5,llama2:70b,liberal,4.0,purity
agreement,5,llama2:70b,liberal,1.0,purity
agreement,5,llama2:70b,liberal,1.0,purity
agreement,5,llama2:70b,liberal,4.0,purity
agreement,5,llama2:70b,liberal,1.0,purity
agreement,5,llama2:70b,liberal,4.0,purity
agreement,5,llama2:70b,liberal,1.0,purity
agreement,5,llama2:70b,liberal,3.0,purity
agreement,5,llama2:70b,liberal,1.0,purity
agreement,5,llama2:70b,liberal,1.0,purity
agreement,5,llama2:70b,liberal,4.0,purity
agreement,5,llama2:70b,liberal,1.0,purity
agreement,5,llama2:70b,liberal,1.0,purity
agreement,5,llama2:70b,liberal,4.0,purity
agreement,5,llama2:70b,liberal,1.0,purity
agreement,5,llama2:70b,liberal,1.0,purity
agreement,5,llama2:70b,liberal,4.0,purity
agreement,5,llama2:70b,liberal,1.0,purity
agreement,5,llama3:70b,conservative,5.0,purity
agreement,5,llama3:70b,conservative,5.0,purity
agreement,5,llama3:70b,conservative,5.0,purity
agreement,5,llama3:70b,conservative,5.0,purity
agreement,5,llama3:70b,conservative,5.0,purity
agreement,5,llama3:70b,conservative,5.0,purity
agreement,5,llama3:70b,conservative,5.0,purity
agreement,5,llama3:70b,conservative,5.0,purity
agreement,5,llama3:70b,conservative,5.0,purity
agreement,5,llama3:70b,conservative,5.0,purity
agreement,5,llama3:70b,conservative,5.0,purity
agreement,5,llama3:70b,conservative,5.0,purity
agreement,5,llama3:70b,conservative,5.0,purity
agreement,5,llama3:70b,conservative,5.0,purity
agreement,5,llama3:70b,conservative,5.0,purity
agreement,5,llama3:70b,conservative,5.0,purity
agreement,5,llama3:70b,conservative,5.0,purity
agreement,5,llama3:70b,conservative,5.0,purity
agreement,5,llama3:70b,conservative,5.0,purity
agreement,5,llama3:70b,conservative,5.0,purity
agreement,5,llama3:70b,conservative,5.0,purity
agreement,5,llama3:70b,conservative,5.0,purity
agreement,5,llama3:70b,conservative,5.0,purity
agreement,5,llama3:70b,conservative,5.0,purity
agreement,5,llama3:70b,conservative,5.0,purity
agreement,5,llama3:70b,conservative,5.0,purity
agreement,5,llama3:70b,conservative,5.0,purity
agreement,5,llama3:70b,conservative,5.0,purity
agreement,5,llama3:70b,conservative,5.0,purity
agreement,5,llama3:70b,conservative,5.0,purity
agreement,5,llama3:70b,conservative,5.0,purity
agreement,5,llama3:70b,conservative,5.0,purity
agreement,5,llama3:70b,conservative,5.0,purity
agreement,5,llama3:70b,conservative,5.0,purity
agreement,5,llama3:70b,conservative,5.0,purity
agreement,5,llama3:70b,conservative,5.0,purity
agreement,5,llama3:70b,conservative,5.0,purity
agreement,5,llama3:70b,conservative,5.0,purity
agreement,5,llama3:70b,conservative,5.0,purity
agreement,5,llama3:70b,conservative,5.0,purity
agreement,5,llama3:70b,conservative,5.0,purity
agreement,5,llama3:70b,conservative,5.0,purity
agreement,5,llama3:70b,conservative,5.0,purity
agreement,5,llama3:70b,conservative,5.0,purity
agreement,5,llama3:70b,conservative,5.0,purity
agreement,5,llama3:70b,conservative,5.0,purity
agreement,5,llama3:70b,conservative,5.0,purity
agreement,5,llama3:70b,conservative,5.0,purity
agreement,5,llama3:70b,conservative,5.0,purity
agreement,5,llama3:70b,conservative,5.0,purity
agreement,5,llama3:70b,moderate,3.0,purity
agreement,5,llama3:70b,moderate,3.0,purity
agreement,5,llama3:70b,moderate,3.0,purity
agreement,5,llama3:70b,moderate,3.0,purity
agreement,5,llama3:70b,moderate,4.0,purity
agreement,5,llama3:70b,moderate,3.0,purity
agreement,5,llama3:70b,moderate,3.0,purity
agreement,5,llama3:70b,moderate,3.0,purity
agreement,5,llama3:70b,moderate,3.0,purity
agreement,5,llama3:70b,moderate,3.0,purity
agreement,5,llama3:70b,moderate,4.0,purity
agreement,5,llama3:70b,moderate,3.0,purity
agreement,5,llama3:70b,moderate,4.0,purity
agreement,5,llama3:70b,moderate,3.0,purity
agreement,5,llama3:70b,moderate,4.0,purity
agreement,5,llama3:70b,moderate,4.0,purity
agreement,5,llama3:70b,moderate,3.0,purity
agreement,5,llama3:70b,moderate,3.0,purity
agreement,5,llama3:70b,moderate,3.0,purity
agreement,5,llama3:70b,moderate,0.0,purity
agreement,5,llama3:70b,moderate,4.0,purity
agreement,5,llama3:70b,moderate,3.0,purity
agreement,5,llama3:70b,moderate,4.0,purity
agreement,5,llama3:70b,moderate,3.0,purity
agreement,5,llama3:70b,moderate,3.0,purity
agreement,5,llama3:70b,moderate,3.0,purity
agreement,5,llama3:70b,moderate,3.0,purity
agreement,5,llama3:70b,moderate,3.0,purity
agreement,5,llama3:70b,moderate,3.0,purity
agreement,5,llama3:70b,moderate,3.0,purity
agreement,5,llama3:70b,moderate,3.0,purity
agreement,5,llama3:70b,moderate,2.0,purity
agreement,5,llama3:70b,moderate,4.0,purity
agreement,5,llama3:70b,moderate,3.0,purity
agreement,5,llama3:70b,moderate,3.0,purity
agreement,5,llama3:70b,moderate,3.0,purity
agreement,5,llama3:70b,moderate,3.0,purity
agreement,5,llama3:70b,moderate,3.0,purity
agreement,5,llama3:70b,moderate,3.0,purity
agreement,5,llama3:70b,moderate,3.0,purity
agreement,5,llama3:70b,moderate,4.0,purity
agreement,5,llama3:70b,moderate,3.0,purity
agreement,5,llama3:70b,moderate,4.0,purity
agreement,5,llama3:70b,moderate,4.0,purity
agreement,5,llama3:70b,moderate,3.0,purity
agreement,5,llama3:70b,moderate,3.0,purity
agreement,5,llama3:70b,moderate,3.0,purity
agreement,5,llama3:70b,moderate,3.0,purity
agreement,5,llama3:70b,moderate,4.0,purity
agreement,5,llama3:70b,moderate,4.0,purity
agreement,5,llama3:70b,liberal,2.0,purity
agreement,5,llama3:70b,liberal,2.0,purity
agreement,5,llama3:70b,liberal,2.0,purity
agreement,5,llama3:70b,liberal,2.0,purity
agreement,5,llama3:70b,liberal,2.0,purity
agreement,5,llama3:70b,liberal,2.0,purity
agreement,5,llama3:70b,liberal,2.0,purity
agreement,5,llama3:70b,liberal,2.0,purity
agreement,5,llama3:70b,liberal,2.0,purity
agreement,5,llama3:70b,liberal,2.0,purity
agreement,5,llama3:70b,liberal,2.0,purity
agreement,5,llama3:70b,liberal,2.0,purity
agreement,5,llama3:70b,liberal,2.0,purity
agreement,5,llama3:70b,liberal,2.0,purity
agreement,5,llama3:70b,liberal,3.0,purity
agreement,5,llama3:70b,liberal,2.0,purity
agreement,5,llama3:70b,liberal,2.0,purity
agreement,5,llama3:70b,liberal,2.0,purity
agreement,5,llama3:70b,liberal,2.0,purity
agreement,5,llama3:70b,liberal,2.0,purity
agreement,5,llama3:70b,liberal,2.0,purity
agreement,5,llama3:70b,liberal,2.0,purity
agreement,5,llama3:70b,liberal,2.0,purity
agreement,5,llama3:70b,liberal,2.0,purity
agreement,5,llama3:70b,liberal,3.0,purity
agreement,5,llama3:70b,liberal,2.0,purity
agreement,5,llama3:70b,liberal,2.0,purity
agreement,5,llama3:70b,liberal,2.0,purity
agreement,5,llama3:70b,liberal,3.0,purity
agreement,5,llama3:70b,liberal,4.0,purity
agreement,5,llama3:70b,liberal,2.0,purity
agreement,5,llama3:70b,liberal,2.0,purity
agreement,5,llama3:70b,liberal,2.0,purity
agreement,5,llama3:70b,liberal,2.0,purity
agreement,5,llama3:70b,liberal,3.0,purity
agreement,5,llama3:70b,liberal,2.0,purity
agreement,5,llama3:70b,liberal,4.0,purity
agreement,5,llama3:70b,liberal,2.0,purity
agreement,5,llama3:70b,liberal,2.0,purity
agreement,5,llama3:70b,liberal,2.0,purity
agreement,5,llama3:70b,liberal,2.0,purity
agreement,5,llama3:70b,liberal,2.0,purity
agreement,5,llama3:70b,liberal,2.0,purity
agreement,5,llama3:70b,liberal,2.0,purity
agreement,5,llama3:70b,liberal,2.0,purity
agreement,5,llama3:70b,liberal,2.0,purity
agreement,5,llama3:70b,liberal,2.0,purity
agreement,5,llama3:70b,liberal,4.0,purity
agreement,5,llama3:70b,liberal,2.0,purity
agreement,5,llama3:70b,liberal,3.0,purity
agreement,5,llama3.1:70b,conservative,5.0,purity
agreement,5,llama3.1:70b,conservative,5.0,purity
agreement,5,llama3.1:70b,conservative,5.0,purity
agreement,5,llama3.1:70b,conservative,5.0,purity
agreement,5,llama3.1:70b,conservative,5.0,purity
agreement,5,llama3.1:70b,conservative,5.0,purity
agreement,5,llama3.1:70b,conservative,5.0,purity
agreement,5,llama3.1:70b,conservative,5.0,purity
agreement,5,llama3.1:70b,conservative,5.0,purity
agreement,5,llama3.1:70b,conservative,5.0,purity
agreement,5,llama3.1:70b,conservative,5.0,purity
agreement,5,llama3.1:70b,conservative,5.0,purity
agreement,5,llama3.1:70b,conservative,5.0,purity
agreement,5,llama3.1:70b,conservative,5.0,purity
agreement,5,llama3.1:70b,conservative,5.0,purity
agreement,5,llama3.1:70b,conservative,5.0,purity
agreement,5,llama3.1:70b,conservative,5.0,purity
agreement,5,llama3.1:70b,conservative,5.0,purity
agreement,5,llama3.1:70b,conservative,5.0,purity
agreement,5,llama3.1:70b,conservative,5.0,purity
agreement,5,llama3.1:70b,conservative,5.0,purity
agreement,5,llama3.1:70b,conservative,5.0,purity
agreement,5,llama3.1:70b,conservative,5.0,purity
agreement,5,llama3.1:70b,conservative,5.0,purity
agreement,5,llama3.1:70b,conservative,4.0,purity
agreement,5,llama3.1:70b,conservative,5.0,purity
agreement,5,llama3.1:70b,conservative,5.0,purity
agreement,5,llama3.1:70b,conservative,5.0,purity
agreement,5,llama3.1:70b,conservative,5.0,purity
agreement,5,llama3.1:70b,conservative,5.0,purity
agreement,5,llama3.1:70b,conservative,5.0,purity
agreement,5,llama3.1:70b,conservative,5.0,purity
agreement,5,llama3.1:70b,conservative,5.0,purity
agreement,5,llama3.1:70b,conservative,4.0,purity
agreement,5,llama3.1:70b,conservative,5.0,purity
agreement,5,llama3.1:70b,conservative,5.0,purity
agreement,5,llama3.1:70b,conservative,5.0,purity
agreement,5,llama3.1:70b,conservative,5.0,purity
agreement,5,llama3.1:70b,conservative,5.0,purity
agreement,5,llama3.1:70b,conservative,5.0,purity
agreement,5,llama3.1:70b,conservative,5.0,purity
agreement,5,llama3.1:70b,conservative,5.0,purity
agreement,5,llama3.1:70b,conservative,5.0,purity
agreement,5,llama3.1:70b,conservative,5.0,purity
agreement,5,llama3.1:70b,conservative,5.0,purity
agreement,5,llama3.1:70b,conservative,5.0,purity
agreement,5,llama3.1:70b,conservative,5.0,purity
agreement,5,llama3.1:70b,conservative,5.0,purity
agreement,5,llama3.1:70b,conservative,5.0,purity
agreement,5,llama3.1:70b,conservative,5.0,purity
agreement,5,llama3.1:70b,moderate,3.0,purity
agreement,5,llama3.1:70b,moderate,4.0,purity
agreement,5,llama3.1:70b,moderate,3.0,purity
agreement,5,llama3.1:70b,moderate,3.0,purity
agreement,5,llama3.1:70b,moderate,3.0,purity
agreement,5,llama3.1:70b,moderate,3.0,purity
agreement,5,llama3.1:70b,moderate,4.0,purity
agreement,5,llama3.1:70b,moderate,4.0,purity
agreement,5,llama3.1:70b,moderate,3.0,purity
agreement,5,llama3.1:70b,moderate,4.0,purity
agreement,5,llama3.1:70b,moderate,3.0,purity
agreement,5,llama3.1:70b,moderate,5.0,purity
agreement,5,llama3.1:70b,moderate,3.0,purity
agreement,5,llama3.1:70b,moderate,3.0,purity
agreement,5,llama3.1:70b,moderate,4.0,purity
agreement,5,llama3.1:70b,moderate,3.0,purity
agreement,5,llama3.1:70b,moderate,4.0,purity
agreement,5,llama3.1:70b,moderate,4.0,purity
agreement,5,llama3.1:70b,moderate,3.0,purity
agreement,5,llama3.1:70b,moderate,4.0,purity
agreement,5,llama3.1:70b,moderate,5.0,purity
agreement,5,llama3.1:70b,moderate,4.0,purity
agreement,5,llama3.1:70b,moderate,4.0,purity
agreement,5,llama3.1:70b,moderate,3.0,purity
agreement,5,llama3.1:70b,moderate,4.0,purity
agreement,5,llama3.1:70b,moderate,4.0,purity
agreement,5,llama3.1:70b,moderate,3.0,purity
agreement,5,llama3.1:70b,moderate,3.0,purity
agreement,5,llama3.1:70b,moderate,3.0,purity
agreement,5,llama3.1:70b,moderate,4.0,purity
agreement,5,llama3.1:70b,moderate,5.0,purity
agreement,5,llama3.1:70b,moderate,4.0,purity
agreement,5,llama3.1:70b,moderate,4.0,purity
agreement,5,llama3.1:70b,moderate,4.0,purity
agreement,5,llama3.1:70b,moderate,3.0,purity
agreement,5,llama3.1:70b,moderate,3.0,purity
agreement,5,llama3.1:70b,moderate,4.0,purity
agreement,5,llama3.1:70b,moderate,5.0,purity
agreement,5,llama3.1:70b,moderate,5.0,purity
agreement,5,llama3.1:70b,moderate,4.0,purity
agreement,5,llama3.1:70b,moderate,5.0,purity
agreement,5,llama3.1:70b,moderate,4.0,purity
agreement,5,llama3.1:70b,moderate,3.0,purity
agreement,5,llama3.1:70b,moderate,4.0,purity
agreement,5,llama3.1:70b,moderate,4.0,purity
agreement,5,llama3.1:70b,moderate,4.0,purity
agreement,5,llama3.1:70b,moderate,3.0,purity
agreement,5,llama3.1:70b,moderate,5.0,purity
agreement,5,llama3.1:70b,moderate,5.0,purity
agreement,5,llama3.1:70b,moderate,4.0,purity
agreement,5,llama3.1:70b,liberal,1.0,purity
agreement,5,llama3.1:70b,liberal,2.0,purity
agreement,5,llama3.1:70b,liberal,3.0,purity
agreement,5,llama3.1:70b,liberal,1.0,purity
agreement,5,llama3.1:70b,liberal,2.0,purity
agreement,5,llama3.1:70b,liberal,3.0,purity
agreement,5,llama3.1:70b,liberal,2.0,purity
agreement,5,llama3.1:70b,liberal,0.0,purity
agreement,5,llama3.1:70b,liberal,3.0,purity
agreement,5,llama3.1:70b,liberal,2.0,purity
agreement,5,llama3.1:70b,liberal,0.0,purity
agreement,5,llama3.1:70b,liberal,0.0,purity
agreement,5,llama3.1:70b,liberal,1.0,purity
agreement,5,llama3.1:70b,liberal,0.0,purity
agreement,5,llama3.1:70b,liberal,0.0,purity
agreement,5,llama3.1:70b,liberal,2.0,purity
agreement,5,llama3.1:70b,liberal,2.0,purity
agreement,5,llama3.1:70b,liberal,2.0,purity
agreement,5,llama3.1:70b,liberal,0.0,purity
agreement,5,llama3.1:70b,liberal,0.0,purity
agreement,5,llama3.1:70b,liberal,2.0,purity
agreement,5,llama3.1:70b,liberal,2.0,purity
agreement,5,llama3.1:70b,liberal,2.0,purity
agreement,5,llama3.1:70b,liberal,0.0,purity
agreement,5,llama3.1:70b,liberal,2.0,purity
agreement,5,llama3.1:70b,liberal,2.0,purity
agreement,5,llama3.1:70b,liberal,2.0,purity
agreement,5,llama3.1:70b,liberal,2.0,purity
agreement,5,llama3.1:70b,liberal,3.0,purity
agreement,5,llama3.1:70b,liberal,2.0,purity
agreement,5,llama3.1:70b,liberal,0.0,purity
agreement,5,llama3.1:70b,liberal,0.0,purity
agreement,5,llama3.1:70b,liberal,1.0,purity
agreement,5,llama3.1:70b,liberal,0.0,purity
agreement,5,llama3.1:70b,liberal,0.0,purity
agreement,5,llama3.1:70b,liberal,1.0,purity
agreement,5,llama3.1:70b,liberal,2.0,purity
agreement,5,llama3.1:70b,liberal,2.0,purity
agreement,5,llama3.1:70b,liberal,0.0,purity
agreement,5,llama3.1:70b,liberal,0.0,purity
agreement,5,llama3.1:70b,liberal,0.0,purity
agreement,5,llama3.1:70b,liberal,0.0,purity
agreement,5,llama3.1:70b,liberal,2.0,purity
agreement,5,llama3.1:70b,liberal,0.0,purity
agreement,5,llama3.1:70b,liberal,2.0,purity
agreement,5,llama3.1:70b,liberal,2.0,purity
agreement,5,llama3.1:70b,liberal,0.0,purity
agreement,5,llama3.1:70b,liberal,0.0,purity
agreement,5,llama3.1:70b,liberal,0.0,purity
agreement,5,llama3.1:70b,liberal,0.0,purity
agreement,5,mistral:7b,conservative,5.0,purity
agreement,5,mistral:7b,conservative,5.0,purity
agreement,5,mistral:7b,conservative,5.0,purity
agreement,5,mistral:7b,conservative,5.0,purity
agreement,5,mistral:7b,conservative,5.0,purity
agreement,5,mistral:7b,conservative,5.0,purity
agreement,5,mistral:7b,conservative,5.0,purity
agreement,5,mistral:7b,conservative,5.0,purity
agreement,5,mistral:7b,conservative,5.0,purity
agreement,5,mistral:7b,conservative,5.0,purity
agreement,5,mistral:7b,conservative,5.0,purity
agreement,5,mistral:7b,conservative,5.0,purity
agreement,5,mistral:7b,conservative,5.0,purity
agreement,5,mistral:7b,conservative,5.0,purity
agreement,5,mistral:7b,conservative,5.0,purity
agreement,5,mistral:7b,conservative,5.0,purity
agreement,5,mistral:7b,conservative,5.0,purity
agreement,5,mistral:7b,conservative,5.0,purity
agreement,5,mistral:7b,conservative,5.0,purity
agreement,5,mistral:7b,conservative,5.0,purity
agreement,5,mistral:7b,conservative,5.0,purity
agreement,5,mistral:7b,conservative,5.0,purity
agreement,5,mistral:7b,conservative,5.0,purity
agreement,5,mistral:7b,conservative,5.0,purity
agreement,5,mistral:7b,conservative,5.0,purity
agreement,5,mistral:7b,conservative,5.0,purity
agreement,5,mistral:7b,conservative,5.0,purity
agreement,5,mistral:7b,conservative,5.0,purity
agreement,5,mistral:7b,conservative,5.0,purity
agreement,5,mistral:7b,conservative,5.0,purity
agreement,5,mistral:7b,conservative,5.0,purity
agreement,5,mistral:7b,conservative,5.0,purity
agreement,5,mistral:7b,conservative,5.0,purity
agreement,5,mistral:7b,conservative,5.0,purity
agreement,5,mistral:7b,conservative,5.0,purity
agreement,5,mistral:7b,conservative,5.0,purity
agreement,5,mistral:7b,conservative,5.0,purity
agreement,5,mistral:7b,conservative,5.0,purity
agreement,5,mistral:7b,conservative,5.0,purity
agreement,5,mistral:7b,conservative,5.0,purity
agreement,5,mistral:7b,conservative,5.0,purity
agreement,5,mistral:7b,conservative,5.0,purity
agreement,5,mistral:7b,conservative,5.0,purity
agreement,5,mistral:7b,conservative,5.0,purity
agreement,5,mistral:7b,conservative,5.0,purity
agreement,5,mistral:7b,conservative,5.0,purity
agreement,5,mistral:7b,conservative,5.0,purity
agreement,5,mistral:7b,conservative,5.0,purity
agreement,5,mistral:7b,conservative,5.0,purity
agreement,5,mistral:7b,conservative,5.0,purity
agreement,5,mistral:7b,moderate,3.0,purity
agreement,5,mistral:7b,moderate,3.0,purity
agreement,5,mistral:7b,moderate,3.0,purity
agreement,5,mistral:7b,moderate,3.0,purity
agreement,5,mistral:7b,moderate,3.0,purity
agreement,5,mistral:7b,moderate,4.0,purity
agreement,5,mistral:7b,moderate,4.0,purity
agreement,5,mistral:7b,moderate,3.0,purity
agreement,5,mistral:7b,moderate,3.0,purity
agreement,5,mistral:7b,moderate,3.0,purity
agreement,5,mistral:7b,moderate,4.0,purity
agreement,5,mistral:7b,moderate,3.0,purity
agreement,5,mistral:7b,moderate,3.0,purity
agreement,5,mistral:7b,moderate,3.0,purity
agreement,5,mistral:7b,moderate,3.0,purity
agreement,5,mistral:7b,moderate,3.0,purity
agreement,5,mistral:7b,moderate,3.0,purity
agreement,5,mistral:7b,moderate,3.0,purity
agreement,5,mistral:7b,moderate,3.0,purity
agreement,5,mistral:7b,moderate,3.0,purity
agreement,5,mistral:7b,moderate,3.0,purity
agreement,5,mistral:7b,moderate,3.0,purity
agreement,5,mistral:7b,moderate,3.0,purity
agreement,5,mistral:7b,moderate,3.0,purity
agreement,5,mistral:7b,moderate,3.0,purity
agreement,5,mistral:7b,moderate,3.0,purity
agreement,5,mistral:7b,moderate,3.0,purity
agreement,5,mistral:7b,moderate,3.0,purity
agreement,5,mistral:7b,moderate,3.0,purity
agreement,5,mistral:7b,moderate,3.0,purity
agreement,5,mistral:7b,moderate,3.0,purity
agreement,5,mistral:7b,moderate,3.0,purity
agreement,5,mistral:7b,moderate,3.0,purity
agreement,5,mistral:7b,moderate,3.0,purity
agreement,5,mistral:7b,moderate,3.0,purity
agreement,5,mistral:7b,moderate,3.0,purity
agreement,5,mistral:7b,moderate,3.0,purity
agreement,5,mistral:7b,moderate,3.0,purity
agreement,5,mistral:7b,moderate,3.0,purity
agreement,5,mistral:7b,moderate,3.0,purity
agreement,5,mistral:7b,moderate,3.0,purity
agreement,5,mistral:7b,moderate,3.0,purity
agreement,5,mistral:7b,moderate,3.0,purity
agreement,5,mistral:7b,moderate,3.0,purity
agreement,5,mistral:7b,moderate,3.0,purity
agreement,5,mistral:7b,moderate,3.0,purity
agreement,5,mistral:7b,moderate,4.0,purity
agreement,5,mistral:7b,moderate,3.0,purity
agreement,5,mistral:7b,moderate,3.0,purity
agreement,5,mistral:7b,liberal,3.0,purity
agreement,5,mistral:7b,liberal,3.0,purity
agreement,5,mistral:7b,liberal,3.0,purity
agreement,5,mistral:7b,liberal,3.0,purity
agreement,5,mistral:7b,liberal,3.0,purity
agreement,5,mistral:7b,liberal,3.0,purity
agreement,5,mistral:7b,liberal,3.0,purity
agreement,5,mistral:7b,liberal,3.0,purity
agreement,5,mistral:7b,liberal,3.0,purity
agreement,5,mistral:7b,liberal,3.0,purity
agreement,5,mistral:7b,liberal,3.0,purity
agreement,5,mistral:7b,liberal,3.0,purity
agreement,5,mistral:7b,liberal,3.0,purity
agreement,5,mistral:7b,liberal,3.0,purity
agreement,5,mistral:7b,liberal,3.0,purity
agreement,5,mistral:7b,liberal,3.0,purity
agreement,5,mistral:7b,liberal,3.0,purity
agreement,5,mistral:7b,liberal,3.0,purity
agreement,5,mistral:7b,liberal,3.0,purity
agreement,5,mistral:7b,liberal,3.0,purity
agreement,5,mistral:7b,liberal,3.0,purity
agreement,5,mistral:7b,liberal,3.0,purity
agreement,5,mistral:7b,liberal,3.0,purity
agreement,5,mistral:7b,liberal,3.0,purity
agreement,5,mistral:7b,liberal,3.0,purity
agreement,5,mistral:7b,liberal,3.0,purity
agreement,5,mistral:7b,liberal,3.0,purity
agreement,5,mistral:7b,liberal,3.0,purity
agreement,5,mistral:7b,liberal,3.0,purity
agreement,5,mistral:7b,liberal,3.0,purity
agreement,5,mistral:7b,liberal,3.0,purity
agreement,5,mistral:7b,liberal,3.0,purity
agreement,5,mistral:7b,liberal,3.0,purity
agreement,5,mistral:7b,liberal,3.0,purity
agreement,5,mistral:7b,liberal,3.0,purity
agreement,5,mistral:7b,liberal,3.0,purity
agreement,5,mistral:7b,liberal,3.0,purity
agreement,5,mistral:7b,liberal,3.0,purity
agreement,5,mistral:7b,liberal,3.0,purity
agreement,5,mistral:7b,liberal,3.0,purity
agreement,5,mistral:7b,liberal,3.0,purity
agreement,5,mistral:7b,liberal,3.0,purity
agreement,5,mistral:7b,liberal,3.0,purity
agreement,5,mistral:7b,liberal,3.0,purity
agreement,5,mistral:7b,liberal,3.0,purity
agreement,5,mistral:7b,liberal,3.0,purity
agreement,5,mistral:7b,liberal,3.0,purity
agreement,5,mistral:7b,liberal,3.0,purity
agreement,5,mistral:7b,liberal,3.0,purity
agreement,5,mistral:7b,liberal,3.0,purity
agreement,5,mixtral:8x22b,conservative,4.0,purity
agreement,5,mixtral:8x22b,conservative,4.0,purity
agreement,5,mixtral:8x22b,conservative,4.0,purity
agreement,5,mixtral:8x22b,conservative,4.0,purity
agreement,5,mixtral:8x22b,conservative,4.0,purity
agreement,5,mixtral:8x22b,conservative,4.0,purity
agreement,5,mixtral:8x22b,conservative,4.0,purity
agreement,5,mixtral:8x22b,conservative,4.0,purity
agreement,5,mixtral:8x22b,conservative,4.0,purity
agreement,5,mixtral:8x22b,conservative,3.0,purity
agreement,5,mixtral:8x22b,conservative,4.0,purity
agreement,5,mixtral:8x22b,conservative,4.0,purity
agreement,5,mixtral:8x22b,conservative,4.0,purity
agreement,5,mixtral:8x22b,conservative,3.0,purity
agreement,5,mixtral:8x22b,conservative,4.0,purity
agreement,5,mixtral:8x22b,conservative,3.0,purity
agreement,5,mixtral:8x22b,conservative,4.0,purity
agreement,5,mixtral:8x22b,conservative,4.0,purity
agreement,5,mixtral:8x22b,conservative,4.0,purity
agreement,5,mixtral:8x22b,conservative,4.0,purity
agreement,5,mixtral:8x22b,conservative,4.0,purity
agreement,5,mixtral:8x22b,conservative,4.0,purity
agreement,5,mixtral:8x22b,conservative,4.0,purity
agreement,5,mixtral:8x22b,conservative,4.0,purity
agreement,5,mixtral:8x22b,conservative,4.0,purity
agreement,5,mixtral:8x22b,conservative,4.0,purity
agreement,5,mixtral:8x22b,conservative,4.0,purity
agreement,5,mixtral:8x22b,conservative,4.0,purity
agreement,5,mixtral:8x22b,conservative,4.0,purity
agreement,5,mixtral:8x22b,conservative,4.0,purity
agreement,5,mixtral:8x22b,conservative,4.0,purity
agreement,5,mixtral:8x22b,conservative,4.0,purity
agreement,5,mixtral:8x22b,conservative,4.0,purity
agreement,5,mixtral:8x22b,conservative,3.0,purity
agreement,5,mixtral:8x22b,conservative,4.0,purity
agreement,5,mixtral:8x22b,conservative,4.0,purity
agreement,5,mixtral:8x22b,conservative,4.0,purity
agreement,5,mixtral:8x22b,conservative,4.0,purity
agreement,5,mixtral:8x22b,conservative,3.0,purity
agreement,5,mixtral:8x22b,conservative,4.0,purity
agreement,5,mixtral:8x22b,conservative,4.0,purity
agreement,5,mixtral:8x22b,conservative,4.0,purity
agreement,5,mixtral:8x22b,conservative,4.0,purity
agreement,5,mixtral:8x22b,conservative,4.0,purity
agreement,5,mixtral:8x22b,conservative,4.0,purity
agreement,5,mixtral:8x22b,conservative,4.0,purity
agreement,5,mixtral:8x22b,conservative,4.0,purity
agreement,5,mixtral:8x22b,conservative,4.0,purity
agreement,5,mixtral:8x22b,conservative,4.0,purity
agreement,5,mixtral:8x22b,conservative,4.0,purity
agreement,5,mixtral:8x22b,moderate,1.0,purity
agreement,5,mixtral:8x22b,moderate,3.0,purity
agreement,5,mixtral:8x22b,moderate,3.0,purity
agreement,5,mixtral:8x22b,moderate,4.0,purity
agreement,5,mixtral:8x22b,moderate,1.0,purity
agreement,5,mixtral:8x22b,moderate,3.0,purity
agreement,5,mixtral:8x22b,moderate,1.0,purity
agreement,5,mixtral:8x22b,moderate,3.0,purity
agreement,5,mixtral:8x22b,moderate,1.0,purity
agreement,5,mixtral:8x22b,moderate,1.0,purity
agreement,5,mixtral:8x22b,moderate,1.0,purity
agreement,5,mixtral:8x22b,moderate,3.0,purity
agreement,5,mixtral:8x22b,moderate,3.0,purity
agreement,5,mixtral:8x22b,moderate,1.0,purity
agreement,5,mixtral:8x22b,moderate,3.0,purity
agreement,5,mixtral:8x22b,moderate,1.0,purity
agreement,5,mixtral:8x22b,moderate,1.0,purity
agreement,5,mixtral:8x22b,moderate,3.0,purity
agreement,5,mixtral:8x22b,moderate,3.0,purity
agreement,5,mixtral:8x22b,moderate,3.0,purity
agreement,5,mixtral:8x22b,moderate,3.0,purity
agreement,5,mixtral:8x22b,moderate,3.0,purity
agreement,5,mixtral:8x22b,moderate,1.0,purity
agreement,5,mixtral:8x22b,moderate,1.0,purity
agreement,5,mixtral:8x22b,moderate,3.0,purity
agreement,5,mixtral:8x22b,moderate,3.0,purity
agreement,5,mixtral:8x22b,moderate,3.0,purity
agreement,5,mixtral:8x22b,moderate,3.0,purity
agreement,5,mixtral:8x22b,moderate,1.0,purity
agreement,5,mixtral:8x22b,moderate,3.0,purity
agreement,5,mixtral:8x22b,moderate,3.0,purity
agreement,5,mixtral:8x22b,moderate,3.0,purity
agreement,5,mixtral:8x22b,moderate,4.0,purity
agreement,5,mixtral:8x22b,moderate,1.0,purity
agreement,5,mixtral:8x22b,moderate,3.0,purity
agreement,5,mixtral:8x22b,moderate,1.0,purity
agreement,5,mixtral:8x22b,moderate,1.0,purity
agreement,5,mixtral:8x22b,moderate,1.0,purity
agreement,5,mixtral:8x22b,moderate,3.0,purity
agreement,5,mixtral:8x22b,moderate,4.0,purity
agreement,5,mixtral:8x22b,moderate,1.0,purity
agreement,5,mixtral:8x22b,moderate,1.0,purity
agreement,5,mixtral:8x22b,moderate,3.0,purity
agreement,5,mixtral:8x22b,moderate,1.0,purity
agreement,5,mixtral:8x22b,moderate,1.0,purity
agreement,5,mixtral:8x22b,moderate,3.0,purity
agreement,5,mixtral:8x22b,moderate,3.0,purity
agreement,5,mixtral:8x22b,moderate,3.0,purity
agreement,5,mixtral:8x22b,moderate,1.0,purity
agreement,5,mixtral:8x22b,moderate,1.0,purity
agreement,5,mixtral:8x22b,liberal,2.0,purity
agreement,5,mixtral:8x22b,liberal,2.0,purity
agreement,5,mixtral:8x22b,liberal,2.0,purity
agreement,5,mixtral:8x22b,liberal,1.0,purity
agreement,5,mixtral:8x22b,liberal,2.0,purity
agreement,5,mixtral:8x22b,liberal,2.0,purity
agreement,5,mixtral:8x22b,liberal,1.0,purity
agreement,5,mixtral:8x22b,liberal,2.0,purity
agreement,5,mixtral:8x22b,liberal,1.0,purity
agreement,5,mixtral:8x22b,liberal,1.0,purity
agreement,5,mixtral:8x22b,liberal,2.0,purity
agreement,5,mixtral:8x22b,liberal,2.0,purity
agreement,5,mixtral:8x22b,liberal,2.0,purity
agreement,5,mixtral:8x22b,liberal,1.0,purity
agreement,5,mixtral:8x22b,liberal,2.0,purity
agreement,5,mixtral:8x22b,liberal,2.0,purity
agreement,5,mixtral:8x22b,liberal,1.0,purity
agreement,5,mixtral:8x22b,liberal,2.0,purity
agreement,5,mixtral:8x22b,liberal,1.0,purity
agreement,5,mixtral:8x22b,liberal,2.0,purity
agreement,5,mixtral:8x22b,liberal,2.0,purity
agreement,5,mixtral:8x22b,liberal,1.0,purity
agreement,5,mixtral:8x22b,liberal,1.0,purity
agreement,5,mixtral:8x22b,liberal,2.0,purity
agreement,5,mixtral:8x22b,liberal,1.0,purity
agreement,5,mixtral:8x22b,liberal,2.0,purity
agreement,5,mixtral:8x22b,liberal,2.0,purity
agreement,5,mixtral:8x22b,liberal,2.0,purity
agreement,5,mixtral:8x22b,liberal,2.0,purity
agreement,5,mixtral:8x22b,liberal,2.0,purity
agreement,5,mixtral:8x22b,liberal,2.0,purity
agreement,5,mixtral:8x22b,liberal,2.0,purity
agreement,5,mixtral:8x22b,liberal,2.0,purity
agreement,5,mixtral:8x22b,liberal,2.0,purity
agreement,5,mixtral:8x22b,liberal,2.0,purity
agreement,5,mixtral:8x22b,liberal,2.0,purity
agreement,5,mixtral:8x22b,liberal,2.0,purity
agreement,5,mixtral:8x22b,liberal,1.0,purity
agreement,5,mixtral:8x22b,liberal,2.0,purity
agreement,5,mixtral:8x22b,liberal,1.0,purity
agreement,5,mixtral:8x22b,liberal,2.0,purity
agreement,5,mixtral:8x22b,liberal,1.0,purity
agreement,5,mixtral:8x22b,liberal,2.0,purity
agreement,5,mixtral:8x22b,liberal,2.0,purity
agreement,5,mixtral:8x22b,liberal,2.0,purity
agreement,5,mixtral:8x22b,liberal,1.0,purity
agreement,5,mixtral:8x22b,liberal,2.0,purity
agreement,5,mixtral:8x22b,liberal,1.0,purity
agreement,5,mixtral:8x22b,liberal,2.0,purity
agreement,5,mixtral:8x22b,liberal,1.0,purity
agreement,5,mixtral:8x7b,conservative,5.0,purity
agreement,5,mixtral:8x7b,conservative,5.0,purity
agreement,5,mixtral:8x7b,conservative,5.0,purity
agreement,5,mixtral:8x7b,conservative,5.0,purity
agreement,5,mixtral:8x7b,conservative,5.0,purity
agreement,5,mixtral:8x7b,conservative,5.0,purity
agreement,5,mixtral:8x7b,conservative,5.0,purity
agreement,5,mixtral:8x7b,conservative,5.0,purity
agreement,5,mixtral:8x7b,conservative,5.0,purity
agreement,5,mixtral:8x7b,conservative,5.0,purity
agreement,5,mixtral:8x7b,conservative,5.0,purity
agreement,5,mixtral:8x7b,conservative,5.0,purity
agreement,5,mixtral:8x7b,conservative,5.0,purity
agreement,5,mixtral:8x7b,conservative,5.0,purity
agreement,5,mixtral:8x7b,conservative,5.0,purity
agreement,5,mixtral:8x7b,conservative,5.0,purity
agreement,5,mixtral:8x7b,conservative,5.0,purity
agreement,5,mixtral:8x7b,conservative,5.0,purity
agreement,5,mixtral:8x7b,conservative,5.0,purity
agreement,5,mixtral:8x7b,conservative,5.0,purity
agreement,5,mixtral:8x7b,conservative,5.0,purity
agreement,5,mixtral:8x7b,conservative,5.0,purity
agreement,5,mixtral:8x7b,conservative,5.0,purity
agreement,5,mixtral:8x7b,conservative,5.0,purity
agreement,5,mixtral:8x7b,conservative,5.0,purity
agreement,5,mixtral:8x7b,conservative,5.0,purity
agreement,5,mixtral:8x7b,conservative,5.0,purity
agreement,5,mixtral:8x7b,conservative,5.0,purity
agreement,5,mixtral:8x7b,conservative,5.0,purity
agreement,5,mixtral:8x7b,conservative,5.0,purity
agreement,5,mixtral:8x7b,conservative,5.0,purity
agreement,5,mixtral:8x7b,conservative,5.0,purity
agreement,5,mixtral:8x7b,conservative,5.0,purity
agreement,5,mixtral:8x7b,conservative,5.0,purity
agreement,5,mixtral:8x7b,conservative,5.0,purity
agreement,5,mixtral:8x7b,conservative,5.0,purity
agreement,5,mixtral:8x7b,conservative,5.0,purity
agreement,5,mixtral:8x7b,conservative,5.0,purity
agreement,5,mixtral:8x7b,conservative,5.0,purity
agreement,5,mixtral:8x7b,conservative,5.0,purity
agreement,5,mixtral:8x7b,conservative,5.0,purity
agreement,5,mixtral:8x7b,conservative,5.0,purity
agreement,5,mixtral:8x7b,conservative,5.0,purity
agreement,5,mixtral:8x7b,conservative,5.0,purity
agreement,5,mixtral:8x7b,conservative,5.0,purity
agreement,5,mixtral:8x7b,conservative,5.0,purity
agreement,5,mixtral:8x7b,conservative,5.0,purity
agreement,5,mixtral:8x7b,conservative,5.0,purity
agreement,5,mixtral:8x7b,conservative,5.0,purity
agreement,5,mixtral:8x7b,conservative,5.0,purity
agreement,5,mixtral:8x7b,moderate,4.0,purity
agreement,5,mixtral:8x7b,moderate,4.0,purity
agreement,5,mixtral:8x7b,moderate,4.0,purity
agreement,5,mixtral:8x7b,moderate,4.0,purity
agreement,5,mixtral:8x7b,moderate,4.0,purity
agreement,5,mixtral:8x7b,moderate,4.0,purity
agreement,5,mixtral:8x7b,moderate,4.0,purity
agreement,5,mixtral:8x7b,moderate,4.0,purity
agreement,5,mixtral:8x7b,moderate,4.0,purity
agreement,5,mixtral:8x7b,moderate,4.0,purity
agreement,5,mixtral:8x7b,moderate,4.0,purity
agreement,5,mixtral:8x7b,moderate,4.0,purity
agreement,5,mixtral:8x7b,moderate,4.0,purity
agreement,5,mixtral:8x7b,moderate,4.0,purity
agreement,5,mixtral:8x7b,moderate,4.0,purity
agreement,5,mixtral:8x7b,moderate,4.0,purity
agreement,5,mixtral:8x7b,moderate,4.0,purity
agreement,5,mixtral:8x7b,moderate,4.0,purity
agreement,5,mixtral:8x7b,moderate,4.0,purity
agreement,5,mixtral:8x7b,moderate,4.0,purity
agreement,5,mixtral:8x7b,moderate,4.0,purity
agreement,5,mixtral:8x7b,moderate,4.0,purity
agreement,5,mixtral:8x7b,moderate,4.0,purity
agreement,5,mixtral:8x7b,moderate,4.0,purity
agreement,5,mixtral:8x7b,moderate,4.0,purity
agreement,5,mixtral:8x7b,moderate,4.0,purity
agreement,5,mixtral:8x7b,moderate,4.0,purity
agreement,5,mixtral:8x7b,moderate,4.0,purity
agreement,5,mixtral:8x7b,moderate,4.0,purity
agreement,5,mixtral:8x7b,moderate,4.0,purity
agreement,5,mixtral:8x7b,moderate,4.0,purity
agreement,5,mixtral:8x7b,moderate,4.0,purity
agreement,5,mixtral:8x7b,moderate,4.0,purity
agreement,5,mixtral:8x7b,moderate,4.0,purity
agreement,5,mixtral:8x7b,moderate,4.0,purity
agreement,5,mixtral:8x7b,moderate,4.0,purity
agreement,5,mixtral:8x7b,moderate,4.0,purity
agreement,5,mixtral:8x7b,moderate,4.0,purity
agreement,5,mixtral:8x7b,moderate,4.0,purity
agreement,5,mixtral:8x7b,moderate,4.0,purity
agreement,5,mixtral:8x7b,moderate,4.0,purity
agreement,5,mixtral:8x7b,moderate,4.0,purity
agreement,5,mixtral:8x7b,moderate,4.0,purity
agreement,5,mixtral:8x7b,moderate,4.0,purity
agreement,5,mixtral:8x7b,moderate,4.0,purity
agreement,5,mixtral:8x7b,moderate,4.0,purity
agreement,5,mixtral:8x7b,moderate,4.0,purity
agreement,5,mixtral:8x7b,moderate,4.0,purity
agreement,5,mixtral:8x7b,moderate,4.0,purity
agreement,5,mixtral:8x7b,moderate,4.0,purity
agreement,5,mixtral:8x7b,liberal,4.0,purity
agreement,5,mixtral:8x7b,liberal,4.0,purity
agreement,5,mixtral:8x7b,liberal,4.0,purity
agreement,5,mixtral:8x7b,liberal,4.0,purity
agreement,5,mixtral:8x7b,liberal,4.0,purity
agreement,5,mixtral:8x7b,liberal,4.0,purity
agreement,5,mixtral:8x7b,liberal,3.0,purity
agreement,5,mixtral:8x7b,liberal,3.0,purity
agreement,5,mixtral:8x7b,liberal,4.0,purity
agreement,5,mixtral:8x7b,liberal,3.0,purity
agreement,5,mixtral:8x7b,liberal,3.0,purity
agreement,5,mixtral:8x7b,liberal,4.0,purity
agreement,5,mixtral:8x7b,liberal,3.0,purity
agreement,5,mixtral:8x7b,liberal,4.0,purity
agreement,5,mixtral:8x7b,liberal,3.0,purity
agreement,5,mixtral:8x7b,liberal,4.0,purity
agreement,5,mixtral:8x7b,liberal,3.0,purity
agreement,5,mixtral:8x7b,liberal,4.0,purity
agreement,5,mixtral:8x7b,liberal,4.0,purity
agreement,5,mixtral:8x7b,liberal,4.0,purity
agreement,5,mixtral:8x7b,liberal,4.0,purity
agreement,5,mixtral:8x7b,liberal,4.0,purity
agreement,5,mixtral:8x7b,liberal,4.0,purity
agreement,5,mixtral:8x7b,liberal,4.0,purity
agreement,5,mixtral:8x7b,liberal,3.0,purity
agreement,5,mixtral:8x7b,liberal,4.0,purity
agreement,5,mixtral:8x7b,liberal,4.0,purity
agreement,5,mixtral:8x7b,liberal,4.0,purity
agreement,5,mixtral:8x7b,liberal,3.0,purity
agreement,5,mixtral:8x7b,liberal,4.0,purity
agreement,5,mixtral:8x7b,liberal,4.0,purity
agreement,5,mixtral:8x7b,liberal,4.0,purity
agreement,5,mixtral:8x7b,liberal,3.0,purity
agreement,5,mixtral:8x7b,liberal,4.0,purity
agreement,5,mixtral:8x7b,liberal,3.0,purity
agreement,5,mixtral:8x7b,liberal,4.0,purity
agreement,5,mixtral:8x7b,liberal,4.0,purity
agreement,5,mixtral:8x7b,liberal,3.0,purity
agreement,5,mixtral:8x7b,liberal,3.0,purity
agreement,5,mixtral:8x7b,liberal,3.0,purity
agreement,5,mixtral:8x7b,liberal,4.0,purity
agreement,5,mixtral:8x7b,liberal,4.0,purity
agreement,5,mixtral:8x7b,liberal,4.0,purity
agreement,5,mixtral:8x7b,liberal,3.0,purity
agreement,5,mixtral:8x7b,liberal,4.0,purity
agreement,5,mixtral:8x7b,liberal,4.0,purity
agreement,5,mixtral:8x7b,liberal,3.0,purity
agreement,5,mixtral:8x7b,liberal,4.0,purity
agreement,5,mixtral:8x7b,liberal,4.0,purity
agreement,5,mixtral:8x7b,liberal,4.0,purity
agreement,5,phi3:14b,conservative,5.0,purity
agreement,5,phi3:14b,conservative,5.0,purity
agreement,5,phi3:14b,conservative,5.0,purity
agreement,5,phi3:14b,conservative,5.0,purity
agreement,5,phi3:14b,conservative,4.0,purity
agreement,5,phi3:14b,conservative,5.0,purity
agreement,5,phi3:14b,conservative,5.0,purity
agreement,5,phi3:14b,conservative,4.0,purity
agreement,5,phi3:14b,conservative,4.0,purity
agreement,5,phi3:14b,conservative,5.0,purity
agreement,5,phi3:14b,conservative,5.0,purity
agreement,5,phi3:14b,conservative,5.0,purity
agreement,5,phi3:14b,conservative,5.0,purity
agreement,5,phi3:14b,conservative,5.0,purity
agreement,5,phi3:14b,conservative,4.0,purity
agreement,5,phi3:14b,conservative,5.0,purity
agreement,5,phi3:14b,conservative,5.0,purity
agreement,5,phi3:14b,conservative,5.0,purity
agreement,5,phi3:14b,conservative,5.0,purity
agreement,5,phi3:14b,conservative,5.0,purity
agreement,5,phi3:14b,conservative,5.0,purity
agreement,5,phi3:14b,conservative,5.0,purity
agreement,5,phi3:14b,conservative,5.0,purity
agreement,5,phi3:14b,conservative,5.0,purity
agreement,5,phi3:14b,conservative,4.0,purity
agreement,5,phi3:14b,conservative,5.0,purity
agreement,5,phi3:14b,conservative,5.0,purity
agreement,5,phi3:14b,conservative,5.0,purity
agreement,5,phi3:14b,conservative,5.0,purity
agreement,5,phi3:14b,conservative,5.0,purity
agreement,5,phi3:14b,conservative,5.0,purity
agreement,5,phi3:14b,conservative,4.0,purity
agreement,5,phi3:14b,conservative,4.0,purity
agreement,5,phi3:14b,conservative,5.0,purity
agreement,5,phi3:14b,conservative,4.0,purity
agreement,5,phi3:14b,conservative,5.0,purity
agreement,5,phi3:14b,conservative,4.0,purity
agreement,5,phi3:14b,conservative,5.0,purity
agreement,5,phi3:14b,conservative,5.0,purity
agreement,5,phi3:14b,conservative,5.0,purity
agreement,5,phi3:14b,conservative,5.0,purity
agreement,5,phi3:14b,conservative,4.0,purity
agreement,5,phi3:14b,conservative,5.0,purity
agreement,5,phi3:14b,conservative,5.0,purity
agreement,5,phi3:14b,conservative,5.0,purity
agreement,5,phi3:14b,conservative,4.0,purity
agreement,5,phi3:14b,conservative,4.0,purity
agreement,5,phi3:14b,conservative,5.0,purity
agreement,5,phi3:14b,conservative,5.0,purity
agreement,5,phi3:14b,conservative,4.0,purity
agreement,5,phi3:14b,moderate,4.0,purity
agreement,5,phi3:14b,moderate,5.0,purity
agreement,5,phi3:14b,moderate,3.0,purity
agreement,5,phi3:14b,moderate,5.0,purity
agreement,5,phi3:14b,moderate,4.0,purity
agreement,5,phi3:14b,moderate,3.0,purity
agreement,5,phi3:14b,moderate,4.0,purity
agreement,5,phi3:14b,moderate,4.0,purity
agreement,5,phi3:14b,moderate,4.0,purity
agreement,5,phi3:14b,moderate,5.0,purity
agreement,5,phi3:14b,moderate,5.0,purity
agreement,5,phi3:14b,moderate,4.0,purity
agreement,5,phi3:14b,moderate,3.0,purity
agreement,5,phi3:14b,moderate,3.0,purity
agreement,5,phi3:14b,moderate,4.0,purity
agreement,5,phi3:14b,moderate,4.0,purity
agreement,5,phi3:14b,moderate,5.0,purity
agreement,5,phi3:14b,moderate,4.0,purity
agreement,5,phi3:14b,moderate,5.0,purity
agreement,5,phi3:14b,moderate,5.0,purity
agreement,5,phi3:14b,moderate,4.0,purity
agreement,5,phi3:14b,moderate,4.0,purity
agreement,5,phi3:14b,moderate,4.0,purity
agreement,5,phi3:14b,moderate,4.0,purity
agreement,5,phi3:14b,moderate,4.0,purity
agreement,5,phi3:14b,moderate,5.0,purity
agreement,5,phi3:14b,moderate,3.0,purity
agreement,5,phi3:14b,moderate,4.0,purity
agreement,5,phi3:14b,moderate,3.0,purity
agreement,5,phi3:14b,moderate,5.0,purity
agreement,5,phi3:14b,moderate,3.0,purity
agreement,5,phi3:14b,moderate,4.0,purity
agreement,5,phi3:14b,moderate,3.0,purity
agreement,5,phi3:14b,moderate,5.0,purity
agreement,5,phi3:14b,moderate,4.0,purity
agreement,5,phi3:14b,moderate,4.0,purity
agreement,5,phi3:14b,moderate,3.0,purity
agreement,5,phi3:14b,moderate,5.0,purity
agreement,5,phi3:14b,moderate,3.0,purity
agreement,5,phi3:14b,moderate,5.0,purity
agreement,5,phi3:14b,moderate,4.0,purity
agreement,5,phi3:14b,moderate,4.0,purity
agreement,5,phi3:14b,moderate,4.0,purity
agreement,5,phi3:14b,moderate,4.0,purity
agreement,5,phi3:14b,moderate,3.0,purity
agreement,5,phi3:14b,moderate,4.0,purity
agreement,5,phi3:14b,moderate,4.0,purity
agreement,5,phi3:14b,moderate,4.0,purity
agreement,5,phi3:14b,moderate,4.0,purity
agreement,5,phi3:14b,moderate,4.0,purity
agreement,5,phi3:14b,liberal,4.0,purity
agreement,5,phi3:14b,liberal,5.0,purity
agreement,5,phi3:14b,liberal,5.0,purity
agreement,5,phi3:14b,liberal,5.0,purity
agreement,5,phi3:14b,liberal,5.0,purity
agreement,5,phi3:14b,liberal,4.0,purity
agreement,5,phi3:14b,liberal,3.0,purity
agreement,5,phi3:14b,liberal,3.0,purity
agreement,5,phi3:14b,liberal,3.0,purity
agreement,5,phi3:14b,liberal,5.0,purity
agreement,5,phi3:14b,liberal,4.0,purity
agreement,5,phi3:14b,liberal,5.0,purity
agreement,5,phi3:14b,liberal,5.0,purity
agreement,5,phi3:14b,liberal,3.0,purity
agreement,5,phi3:14b,liberal,4.0,purity
agreement,5,phi3:14b,liberal,3.0,purity
agreement,5,phi3:14b,liberal,5.0,purity
agreement,5,phi3:14b,liberal,4.0,purity
agreement,5,phi3:14b,liberal,5.0,purity
agreement,5,phi3:14b,liberal,4.0,purity
agreement,5,phi3:14b,liberal,3.0,purity
agreement,5,phi3:14b,liberal,5.0,purity
agreement,5,phi3:14b,liberal,5.0,purity
agreement,5,phi3:14b,liberal,4.0,purity
agreement,5,phi3:14b,liberal,5.0,purity
agreement,5,phi3:14b,liberal,3.0,purity
agreement,5,phi3:14b,liberal,4.0,purity
agreement,5,phi3:14b,liberal,3.0,purity
agreement,5,phi3:14b,liberal,0.0,purity
agreement,5,phi3:14b,liberal,3.0,purity
agreement,5,phi3:14b,liberal,4.0,purity
agreement,5,phi3:14b,liberal,4.0,purity
agreement,5,phi3:14b,liberal,4.0,purity
agreement,5,phi3:14b,liberal,4.0,purity
agreement,5,phi3:14b,liberal,4.0,purity
agreement,5,phi3:14b,liberal,3.0,purity
agreement,5,phi3:14b,liberal,4.0,purity
agreement,5,phi3:14b,liberal,4.0,purity
agreement,5,phi3:14b,liberal,4.0,purity
agreement,5,phi3:14b,liberal,5.0,purity
agreement,5,phi3:14b,liberal,4.0,purity
agreement,5,phi3:14b,liberal,5.0,purity
agreement,5,phi3:14b,liberal,5.0,purity
agreement,5,phi3:14b,liberal,5.0,purity
agreement,5,phi3:14b,liberal,5.0,purity
agreement,5,phi3:14b,liberal,4.0,purity
agreement,5,phi3:14b,liberal,3.0,purity
agreement,5,phi3:14b,liberal,5.0,purity
agreement,5,phi3:14b,liberal,5.0,purity
agreement,5,phi3:14b,liberal,3.0,purity
agreement,5,gemma:7b,conservative,5.0,purity
agreement,5,gemma:7b,conservative,5.0,purity
agreement,5,gemma:7b,conservative,5.0,purity
agreement,5,gemma:7b,conservative,5.0,purity
agreement,5,gemma:7b,conservative,5.0,purity
agreement,5,gemma:7b,conservative,5.0,purity
agreement,5,gemma:7b,conservative,5.0,purity
agreement,5,gemma:7b,conservative,5.0,purity
agreement,5,gemma:7b,conservative,5.0,purity
agreement,5,gemma:7b,conservative,5.0,purity
agreement,5,gemma:7b,conservative,5.0,purity
agreement,5,gemma:7b,conservative,5.0,purity
agreement,5,gemma:7b,conservative,5.0,purity
agreement,5,gemma:7b,conservative,5.0,purity
agreement,5,gemma:7b,conservative,5.0,purity
agreement,5,gemma:7b,conservative,5.0,purity
agreement,5,gemma:7b,conservative,5.0,purity
agreement,5,gemma:7b,conservative,5.0,purity
agreement,5,gemma:7b,conservative,5.0,purity
agreement,5,gemma:7b,conservative,5.0,purity
agreement,5,gemma:7b,conservative,5.0,purity
agreement,5,gemma:7b,conservative,5.0,purity
agreement,5,gemma:7b,conservative,5.0,purity
agreement,5,gemma:7b,conservative,5.0,purity
agreement,5,gemma:7b,conservative,5.0,purity
agreement,5,gemma:7b,conservative,5.0,purity
agreement,5,gemma:7b,conservative,5.0,purity
agreement,5,gemma:7b,conservative,5.0,purity
agreement,5,gemma:7b,conservative,5.0,purity
agreement,5,gemma:7b,conservative,5.0,purity
agreement,5,gemma:7b,conservative,5.0,purity
agreement,5,gemma:7b,conservative,5.0,purity
agreement,5,gemma:7b,conservative,5.0,purity
agreement,5,gemma:7b,conservative,5.0,purity
agreement,5,gemma:7b,conservative,5.0,purity
agreement,5,gemma:7b,conservative,5.0,purity
agreement,5,gemma:7b,conservative,5.0,purity
agreement,5,gemma:7b,conservative,5.0,purity
agreement,5,gemma:7b,conservative,5.0,purity
agreement,5,gemma:7b,conservative,5.0,purity
agreement,5,gemma:7b,conservative,5.0,purity
agreement,5,gemma:7b,conservative,5.0,purity
agreement,5,gemma:7b,conservative,5.0,purity
agreement,5,gemma:7b,conservative,5.0,purity
agreement,5,gemma:7b,conservative,5.0,purity
agreement,5,gemma:7b,conservative,5.0,purity
agreement,5,gemma:7b,conservative,5.0,purity
agreement,5,gemma:7b,conservative,5.0,purity
agreement,5,gemma:7b,conservative,5.0,purity
agreement,5,gemma:7b,conservative,5.0,purity
agreement,5,gemma:7b,moderate,4.0,purity
agreement,5,gemma:7b,moderate,4.0,purity
agreement,5,gemma:7b,moderate,4.0,purity
agreement,5,gemma:7b,moderate,4.0,purity
agreement,5,gemma:7b,moderate,4.0,purity
agreement,5,gemma:7b,moderate,5.0,purity
agreement,5,gemma:7b,moderate,4.0,purity
agreement,5,gemma:7b,moderate,4.0,purity
agreement,5,gemma:7b,moderate,4.0,purity
agreement,5,gemma:7b,moderate,4.0,purity
agreement,5,gemma:7b,moderate,4.0,purity
agreement,5,gemma:7b,moderate,4.0,purity
agreement,5,gemma:7b,moderate,5.0,purity
agreement,5,gemma:7b,moderate,5.0,purity
agreement,5,gemma:7b,moderate,4.0,purity
agreement,5,gemma:7b,moderate,5.0,purity
agreement,5,gemma:7b,moderate,4.0,purity
agreement,5,gemma:7b,moderate,4.0,purity
agreement,5,gemma:7b,moderate,4.0,purity
agreement,5,gemma:7b,moderate,4.0,purity
agreement,5,gemma:7b,moderate,4.0,purity
agreement,5,gemma:7b,moderate,4.0,purity
agreement,5,gemma:7b,moderate,4.0,purity
agreement,5,gemma:7b,moderate,5.0,purity
agreement,5,gemma:7b,moderate,4.0,purity
agreement,5,gemma:7b,moderate,5.0,purity
agreement,5,gemma:7b,moderate,4.0,purity
agreement,5,gemma:7b,moderate,4.0,purity
agreement,5,gemma:7b,moderate,4.0,purity
agreement,5,gemma:7b,moderate,5.0,purity
agreement,5,gemma:7b,moderate,4.0,purity
agreement,5,gemma:7b,moderate,4.0,purity
agreement,5,gemma:7b,moderate,4.0,purity
agreement,5,gemma:7b,moderate,4.0,purity
agreement,5,gemma:7b,moderate,5.0,purity
agreement,5,gemma:7b,moderate,4.0,purity
agreement,5,gemma:7b,moderate,4.0,purity
agreement,5,gemma:7b,moderate,4.0,purity
agreement,5,gemma:7b,moderate,4.0,purity
agreement,5,gemma:7b,moderate,4.0,purity
agreement,5,gemma:7b,moderate,5.0,purity
agreement,5,gemma:7b,moderate,5.0,purity
agreement,5,gemma:7b,moderate,4.0,purity
agreement,5,gemma:7b,moderate,4.0,purity
agreement,5,gemma:7b,moderate,5.0,purity
agreement,5,gemma:7b,moderate,4.0,purity
agreement,5,gemma:7b,moderate,4.0,purity
agreement,5,gemma:7b,moderate,4.0,purity
agreement,5,gemma:7b,moderate,4.0,purity
agreement,5,gemma:7b,moderate,4.0,purity
agreement,5,gemma:7b,liberal,5.0,purity
agreement,5,gemma:7b,liberal,5.0,purity
agreement,5,gemma:7b,liberal,5.0,purity
agreement,5,gemma:7b,liberal,5.0,purity
agreement,5,gemma:7b,liberal,5.0,purity
agreement,5,gemma:7b,liberal,5.0,purity
agreement,5,gemma:7b,liberal,5.0,purity
agreement,5,gemma:7b,liberal,5.0,purity
agreement,5,gemma:7b,liberal,5.0,purity
agreement,5,gemma:7b,liberal,5.0,purity
agreement,5,gemma:7b,liberal,5.0,purity
agreement,5,gemma:7b,liberal,5.0,purity
agreement,5,gemma:7b,liberal,5.0,purity
agreement,5,gemma:7b,liberal,5.0,purity
agreement,5,gemma:7b,liberal,5.0,purity
agreement,5,gemma:7b,liberal,5.0,purity
agreement,5,gemma:7b,liberal,5.0,purity
agreement,5,gemma:7b,liberal,5.0,purity
agreement,5,gemma:7b,liberal,5.0,purity
agreement,5,gemma:7b,liberal,5.0,purity
agreement,5,gemma:7b,liberal,5.0,purity
agreement,5,gemma:7b,liberal,5.0,purity
agreement,5,gemma:7b,liberal,5.0,purity
agreement,5,gemma:7b,liberal,5.0,purity
agreement,5,gemma:7b,liberal,5.0,purity
agreement,5,gemma:7b,liberal,5.0,purity
agreement,5,gemma:7b,liberal,5.0,purity
agreement,5,gemma:7b,liberal,5.0,purity
agreement,5,gemma:7b,liberal,5.0,purity
agreement,5,gemma:7b,liberal,5.0,purity
agreement,5,gemma:7b,liberal,5.0,purity
agreement,5,gemma:7b,liberal,5.0,purity
agreement,5,gemma:7b,liberal,5.0,purity
agreement,5,gemma:7b,liberal,5.0,purity
agreement,5,gemma:7b,liberal,5.0,purity
agreement,5,gemma:7b,liberal,5.0,purity
agreement,5,gemma:7b,liberal,5.0,purity
agreement,5,gemma:7b,liberal,5.0,purity
agreement,5,gemma:7b,liberal,5.0,purity
agreement,5,gemma:7b,liberal,5.0,purity
agreement,5,gemma:7b,liberal,5.0,purity
agreement,5,gemma:7b,liberal,5.0,purity
agreement,5,gemma:7b,liberal,5.0,purity
agreement,5,gemma:7b,liberal,5.0,purity
agreement,5,gemma:7b,liberal,5.0,purity
agreement,5,gemma:7b,liberal,5.0,purity
agreement,5,gemma:7b,liberal,5.0,purity
agreement,5,gemma:7b,liberal,5.0,purity
agreement,5,gemma:7b,liberal,5.0,purity
agreement,5,gemma:7b,liberal,5.0,purity
agreement,5,gemma2:27b,conservative,5.0,purity
agreement,5,gemma2:27b,conservative,5.0,purity
agreement,5,gemma2:27b,conservative,5.0,purity
agreement,5,gemma2:27b,conservative,5.0,purity
agreement,5,gemma2:27b,conservative,5.0,purity
agreement,5,gemma2:27b,conservative,5.0,purity
agreement,5,gemma2:27b,conservative,5.0,purity
agreement,5,gemma2:27b,conservative,5.0,purity
agreement,5,gemma2:27b,conservative,5.0,purity
agreement,5,gemma2:27b,conservative,4.0,purity
agreement,5,gemma2:27b,conservative,5.0,purity
agreement,5,gemma2:27b,conservative,5.0,purity
agreement,5,gemma2:27b,conservative,5.0,purity
agreement,5,gemma2:27b,conservative,5.0,purity
agreement,5,gemma2:27b,conservative,5.0,purity
agreement,5,gemma2:27b,conservative,5.0,purity
agreement,5,gemma2:27b,conservative,5.0,purity
agreement,5,gemma2:27b,conservative,5.0,purity
agreement,5,gemma2:27b,conservative,5.0,purity
agreement,5,gemma2:27b,conservative,5.0,purity
agreement,5,gemma2:27b,conservative,5.0,purity
agreement,5,gemma2:27b,conservative,5.0,purity
agreement,5,gemma2:27b,conservative,5.0,purity
agreement,5,gemma2:27b,conservative,5.0,purity
agreement,5,gemma2:27b,conservative,5.0,purity
agreement,5,gemma2:27b,conservative,5.0,purity
agreement,5,gemma2:27b,conservative,5.0,purity
agreement,5,gemma2:27b,conservative,5.0,purity
agreement,5,gemma2:27b,conservative,5.0,purity
agreement,5,gemma2:27b,conservative,5.0,purity
agreement,5,gemma2:27b,conservative,5.0,purity
agreement,5,gemma2:27b,conservative,4.0,purity
agreement,5,gemma2:27b,conservative,5.0,purity
agreement,5,gemma2:27b,conservative,5.0,purity
agreement,5,gemma2:27b,conservative,5.0,purity
agreement,5,gemma2:27b,conservative,5.0,purity
agreement,5,gemma2:27b,conservative,5.0,purity
agreement,5,gemma2:27b,conservative,5.0,purity
agreement,5,gemma2:27b,conservative,5.0,purity
agreement,5,gemma2:27b,conservative,5.0,purity
agreement,5,gemma2:27b,conservative,5.0,purity
agreement,5,gemma2:27b,conservative,5.0,purity
agreement,5,gemma2:27b,conservative,5.0,purity
agreement,5,gemma2:27b,conservative,5.0,purity
agreement,5,gemma2:27b,conservative,5.0,purity
agreement,5,gemma2:27b,conservative,5.0,purity
agreement,5,gemma2:27b,conservative,5.0,purity
agreement,5,gemma2:27b,conservative,5.0,purity
agreement,5,gemma2:27b,conservative,5.0,purity
agreement,5,gemma2:27b,conservative,5.0,purity
agreement,5,gemma2:27b,moderate,4.0,purity
agreement,5,gemma2:27b,moderate,4.0,purity
agreement,5,gemma2:27b,moderate,4.0,purity
agreement,5,gemma2:27b,moderate,4.0,purity
agreement,5,gemma2:27b,moderate,4.0,purity
agreement,5,gemma2:27b,moderate,4.0,purity
agreement,5,gemma2:27b,moderate,4.0,purity
agreement,5,gemma2:27b,moderate,4.0,purity
agreement,5,gemma2:27b,moderate,4.0,purity
agreement,5,gemma2:27b,moderate,4.0,purity
agreement,5,gemma2:27b,moderate,4.0,purity
agreement,5,gemma2:27b,moderate,4.0,purity
agreement,5,gemma2:27b,moderate,4.0,purity
agreement,5,gemma2:27b,moderate,4.0,purity
agreement,5,gemma2:27b,moderate,4.0,purity
agreement,5,gemma2:27b,moderate,4.0,purity
agreement,5,gemma2:27b,moderate,4.0,purity
agreement,5,gemma2:27b,moderate,4.0,purity
agreement,5,gemma2:27b,moderate,4.0,purity
agreement,5,gemma2:27b,moderate,4.0,purity
agreement,5,gemma2:27b,moderate,4.0,purity
agreement,5,gemma2:27b,moderate,4.0,purity
agreement,5,gemma2:27b,moderate,4.0,purity
agreement,5,gemma2:27b,moderate,4.0,purity
agreement,5,gemma2:27b,moderate,4.0,purity
agreement,5,gemma2:27b,moderate,4.0,purity
agreement,5,gemma2:27b,moderate,4.0,purity
agreement,5,gemma2:27b,moderate,4.0,purity
agreement,5,gemma2:27b,moderate,4.0,purity
agreement,5,gemma2:27b,moderate,4.0,purity
agreement,5,gemma2:27b,moderate,4.0,purity
agreement,5,gemma2:27b,moderate,4.0,purity
agreement,5,gemma2:27b,moderate,4.0,purity
agreement,5,gemma2:27b,moderate,4.0,purity
agreement,5,gemma2:27b,moderate,4.0,purity
agreement,5,gemma2:27b,moderate,4.0,purity
agreement,5,gemma2:27b,moderate,4.0,purity
agreement,5,gemma2:27b,moderate,4.0,purity
agreement,5,gemma2:27b,moderate,4.0,purity
agreement,5,gemma2:27b,moderate,4.0,purity
agreement,5,gemma2:27b,moderate,4.0,purity
agreement,5,gemma2:27b,moderate,4.0,purity
agreement,5,gemma2:27b,moderate,4.0,purity
agreement,5,gemma2:27b,moderate,4.0,purity
agreement,5,gemma2:27b,moderate,4.0,purity
agreement,5,gemma2:27b,moderate,4.0,purity
agreement,5,gemma2:27b,moderate,4.0,purity
agreement,5,gemma2:27b,moderate,4.0,purity
agreement,5,gemma2:27b,moderate,4.0,purity
agreement,5,gemma2:27b,moderate,4.0,purity
agreement,5,gemma2:27b,liberal,4.0,purity
agreement,5,gemma2:27b,liberal,4.0,purity
agreement,5,gemma2:27b,liberal,4.0,purity
agreement,5,gemma2:27b,liberal,4.0,purity
agreement,5,gemma2:27b,liberal,4.0,purity
agreement,5,gemma2:27b,liberal,4.0,purity
agreement,5,gemma2:27b,liberal,4.0,purity
agreement,5,gemma2:27b,liberal,4.0,purity
agreement,5,gemma2:27b,liberal,4.0,purity
agreement,5,gemma2:27b,liberal,4.0,purity
agreement,5,gemma2:27b,liberal,4.0,purity
agreement,5,gemma2:27b,liberal,4.0,purity
agreement,5,gemma2:27b,liberal,4.0,purity
agreement,5,gemma2:27b,liberal,4.0,purity
agreement,5,gemma2:27b,liberal,4.0,purity
agreement,5,gemma2:27b,liberal,4.0,purity
agreement,5,gemma2:27b,liberal,4.0,purity
agreement,5,gemma2:27b,liberal,4.0,purity
agreement,5,gemma2:27b,liberal,4.0,purity
agreement,5,gemma2:27b,liberal,4.0,purity
agreement,5,gemma2:27b,liberal,4.0,purity
agreement,5,gemma2:27b,liberal,4.0,purity
agreement,5,gemma2:27b,liberal,4.0,purity
agreement,5,gemma2:27b,liberal,4.0,purity
agreement,5,gemma2:27b,liberal,4.0,purity
agreement,5,gemma2:27b,liberal,4.0,purity
agreement,5,gemma2:27b,liberal,4.0,purity
agreement,5,gemma2:27b,liberal,4.0,purity
agreement,5,gemma2:27b,liberal,4.0,purity
agreement,5,gemma2:27b,liberal,4.0,purity
agreement,5,gemma2:27b,liberal,4.0,purity
agreement,5,gemma2:27b,liberal,4.0,purity
agreement,5,gemma2:27b,liberal,4.0,purity
agreement,5,gemma2:27b,liberal,4.0,purity
agreement,5,gemma2:27b,liberal,4.0,purity
agreement,5,gemma2:27b,liberal,4.0,purity
agreement,5,gemma2:27b,liberal,4.0,purity
agreement,5,gemma2:27b,liberal,4.0,purity
agreement,5,gemma2:27b,liberal,4.0,purity
agreement,5,gemma2:27b,liberal,4.0,purity
agreement,5,gemma2:27b,liberal,4.0,purity
agreement,5,gemma2:27b,liberal,4.0,purity
agreement,5,gemma2:27b,liberal,4.0,purity
agreement,5,gemma2:27b,liberal,4.0,purity
agreement,5,gemma2:27b,liberal,4.0,purity
agreement,5,gemma2:27b,liberal,4.0,purity
agreement,5,gemma2:27b,liberal,4.0,purity
agreement,5,gemma2:27b,liberal,4.0,purity
agreement,5,gemma2:27b,liberal,4.0,purity
agreement,5,gemma2:27b,liberal,4.0,purity
agreement,5,qwen:72b,conservative,5.0,purity
agreement,5,qwen:72b,conservative,5.0,purity
agreement,5,qwen:72b,conservative,5.0,purity
agreement,5,qwen:72b,conservative,5.0,purity
agreement,5,qwen:72b,conservative,5.0,purity
agreement,5,qwen:72b,conservative,5.0,purity
agreement,5,qwen:72b,conservative,5.0,purity
agreement,5,qwen:72b,conservative,5.0,purity
agreement,5,qwen:72b,conservative,5.0,purity
agreement,5,qwen:72b,conservative,5.0,purity
agreement,5,qwen:72b,conservative,5.0,purity
agreement,5,qwen:72b,conservative,5.0,purity
agreement,5,qwen:72b,conservative,5.0,purity
agreement,5,qwen:72b,conservative,5.0,purity
agreement,5,qwen:72b,conservative,5.0,purity
agreement,5,qwen:72b,conservative,5.0,purity
agreement,5,qwen:72b,conservative,5.0,purity
agreement,5,qwen:72b,conservative,5.0,purity
agreement,5,qwen:72b,conservative,5.0,purity
agreement,5,qwen:72b,conservative,5.0,purity
agreement,5,qwen:72b,conservative,5.0,purity
agreement,5,qwen:72b,conservative,5.0,purity
agreement,5,qwen:72b,conservative,5.0,purity
agreement,5,qwen:72b,conservative,5.0,purity
agreement,5,qwen:72b,conservative,5.0,purity
agreement,5,qwen:72b,conservative,5.0,purity
agreement,5,qwen:72b,conservative,5.0,purity
agreement,5,qwen:72b,conservative,5.0,purity
agreement,5,qwen:72b,conservative,5.0,purity
agreement,5,qwen:72b,conservative,5.0,purity
agreement,5,qwen:72b,conservative,5.0,purity
agreement,5,qwen:72b,conservative,5.0,purity
agreement,5,qwen:72b,conservative,5.0,purity
agreement,5,qwen:72b,conservative,5.0,purity
agreement,5,qwen:72b,conservative,5.0,purity
agreement,5,qwen:72b,conservative,5.0,purity
agreement,5,qwen:72b,conservative,5.0,purity
agreement,5,qwen:72b,conservative,5.0,purity
agreement,5,qwen:72b,conservative,5.0,purity
agreement,5,qwen:72b,conservative,5.0,purity
agreement,5,qwen:72b,conservative,5.0,purity
agreement,5,qwen:72b,conservative,5.0,purity
agreement,5,qwen:72b,conservative,5.0,purity
agreement,5,qwen:72b,conservative,5.0,purity
agreement,5,qwen:72b,conservative,5.0,purity
agreement,5,qwen:72b,conservative,5.0,purity
agreement,5,qwen:72b,conservative,5.0,purity
agreement,5,qwen:72b,conservative,5.0,purity
agreement,5,qwen:72b,conservative,5.0,purity
agreement,5,qwen:72b,conservative,5.0,purity
agreement,5,qwen:72b,moderate,5.0,purity
agreement,5,qwen:72b,moderate,5.0,purity
agreement,5,qwen:72b,moderate,4.0,purity
agreement,5,qwen:72b,moderate,5.0,purity
agreement,5,qwen:72b,moderate,5.0,purity
agreement,5,qwen:72b,moderate,5.0,purity
agreement,5,qwen:72b,moderate,4.0,purity
agreement,5,qwen:72b,moderate,3.0,purity
agreement,5,qwen:72b,moderate,5.0,purity
agreement,5,qwen:72b,moderate,2.0,purity
agreement,5,qwen:72b,moderate,4.0,purity
agreement,5,qwen:72b,moderate,4.0,purity
agreement,5,qwen:72b,moderate,5.0,purity
agreement,5,qwen:72b,moderate,5.0,purity
agreement,5,qwen:72b,moderate,4.0,purity
agreement,5,qwen:72b,moderate,4.0,purity
agreement,5,qwen:72b,moderate,3.0,purity
agreement,5,qwen:72b,moderate,5.0,purity
agreement,5,qwen:72b,moderate,5.0,purity
agreement,5,qwen:72b,moderate,4.0,purity
agreement,5,qwen:72b,moderate,4.0,purity
agreement,5,qwen:72b,moderate,4.0,purity
agreement,5,qwen:72b,moderate,5.0,purity
agreement,5,qwen:72b,moderate,2.0,purity
agreement,5,qwen:72b,moderate,4.0,purity
agreement,5,qwen:72b,moderate,5.0,purity
agreement,5,qwen:72b,moderate,2.0,purity
agreement,5,qwen:72b,moderate,4.0,purity
agreement,5,qwen:72b,moderate,4.0,purity
agreement,5,qwen:72b,moderate,4.0,purity
agreement,5,qwen:72b,moderate,0.0,purity
agreement,5,qwen:72b,moderate,5.0,purity
agreement,5,qwen:72b,moderate,4.0,purity
agreement,5,qwen:72b,moderate,4.0,purity
agreement,5,qwen:72b,moderate,5.0,purity
agreement,5,qwen:72b,moderate,2.0,purity
agreement,5,qwen:72b,moderate,4.0,purity
agreement,5,qwen:72b,moderate,2.0,purity
agreement,5,qwen:72b,moderate,2.0,purity
agreement,5,qwen:72b,moderate,3.0,purity
agreement,5,qwen:72b,moderate,3.0,purity
agreement,5,qwen:72b,moderate,2.0,purity
agreement,5,qwen:72b,moderate,5.0,purity
agreement,5,qwen:72b,moderate,2.0,purity
agreement,5,qwen:72b,moderate,5.0,purity
agreement,5,qwen:72b,moderate,2.0,purity
agreement,5,qwen:72b,moderate,4.0,purity
agreement,5,qwen:72b,moderate,5.0,purity
agreement,5,qwen:72b,moderate,4.0,purity
agreement,5,qwen:72b,moderate,3.0,purity
agreement,5,qwen:72b,liberal,3.0,purity
agreement,5,qwen:72b,liberal,3.0,purity
agreement,5,qwen:72b,liberal,3.0,purity
agreement,5,qwen:72b,liberal,1.0,purity
agreement,5,qwen:72b,liberal,3.0,purity
agreement,5,qwen:72b,liberal,3.0,purity
agreement,5,qwen:72b,liberal,3.0,purity
agreement,5,qwen:72b,liberal,2.0,purity
agreement,5,qwen:72b,liberal,3.0,purity
agreement,5,qwen:72b,liberal,3.0,purity
agreement,5,qwen:72b,liberal,3.0,purity
agreement,5,qwen:72b,liberal,5.0,purity
agreement,5,qwen:72b,liberal,3.0,purity
agreement,5,qwen:72b,liberal,5.0,purity
agreement,5,qwen:72b,liberal,3.0,purity
agreement,5,qwen:72b,liberal,3.0,purity
agreement,5,qwen:72b,liberal,2.0,purity
agreement,5,qwen:72b,liberal,3.0,purity
agreement,5,qwen:72b,liberal,3.0,purity
agreement,5,qwen:72b,liberal,2.0,purity
agreement,5,qwen:72b,liberal,3.0,purity
agreement,5,qwen:72b,liberal,2.0,purity
agreement,5,qwen:72b,liberal,2.0,purity
agreement,5,qwen:72b,liberal,3.0,purity
agreement,5,qwen:72b,liberal,2.0,purity
agreement,5,qwen:72b,liberal,3.0,purity
agreement,5,qwen:72b,liberal,3.0,purity
agreement,5,qwen:72b,liberal,3.0,purity
agreement,5,qwen:72b,liberal,3.0,purity
agreement,5,qwen:72b,liberal,3.0,purity
agreement,5,qwen:72b,liberal,3.0,purity
agreement,5,qwen:72b,liberal,5.0,purity
agreement,5,qwen:72b,liberal,2.0,purity
agreement,5,qwen:72b,liberal,3.0,purity
agreement,5,qwen:72b,liberal,3.0,purity
agreement,5,qwen:72b,liberal,3.0,purity
agreement,5,qwen:72b,liberal,5.0,purity
agreement,5,qwen:72b,liberal,3.0,purity
agreement,5,qwen:72b,liberal,3.0,purity
agreement,5,qwen:72b,liberal,2.0,purity
agreement,5,qwen:72b,liberal,3.0,purity
agreement,5,qwen:72b,liberal,3.0,purity
agreement,5,qwen:72b,liberal,3.0,purity
agreement,5,qwen:72b,liberal,3.0,purity
agreement,5,qwen:72b,liberal,5.0,purity
agreement,5,qwen:72b,liberal,3.0,purity
agreement,5,qwen:72b,liberal,2.0,purity
agreement,5,qwen:72b,liberal,3.0,purity
agreement,5,qwen:72b,liberal,3.0,purity
agreement,5,qwen:72b,liberal,3.0,purity
agreement,5,qwen2:72b,conservative,5.0,purity
agreement,5,qwen2:72b,conservative,5.0,purity
agreement,5,qwen2:72b,conservative,5.0,purity
agreement,5,qwen2:72b,conservative,4.0,purity
agreement,5,qwen2:72b,conservative,5.0,purity
agreement,5,qwen2:72b,conservative,5.0,purity
agreement,5,qwen2:72b,conservative,4.0,purity
agreement,5,qwen2:72b,conservative,4.0,purity
agreement,5,qwen2:72b,conservative,5.0,purity
agreement,5,qwen2:72b,conservative,5.0,purity
agreement,5,qwen2:72b,conservative,5.0,purity
agreement,5,qwen2:72b,conservative,4.0,purity
agreement,5,qwen2:72b,conservative,5.0,purity
agreement,5,qwen2:72b,conservative,5.0,purity
agreement,5,qwen2:72b,conservative,4.0,purity
agreement,5,qwen2:72b,conservative,4.0,purity
agreement,5,qwen2:72b,conservative,5.0,purity
agreement,5,qwen2:72b,conservative,5.0,purity
agreement,5,qwen2:72b,conservative,5.0,purity
agreement,5,qwen2:72b,conservative,4.0,purity
agreement,5,qwen2:72b,conservative,4.0,purity
agreement,5,qwen2:72b,conservative,5.0,purity
agreement,5,qwen2:72b,conservative,4.0,purity
agreement,5,qwen2:72b,conservative,5.0,purity
agreement,5,qwen2:72b,conservative,5.0,purity
agreement,5,qwen2:72b,conservative,5.0,purity
agreement,5,qwen2:72b,conservative,5.0,purity
agreement,5,qwen2:72b,conservative,4.0,purity
agreement,5,qwen2:72b,conservative,5.0,purity
agreement,5,qwen2:72b,conservative,5.0,purity
agreement,5,qwen2:72b,conservative,5.0,purity
agreement,5,qwen2:72b,conservative,5.0,purity
agreement,5,qwen2:72b,conservative,5.0,purity
agreement,5,qwen2:72b,conservative,5.0,purity
agreement,5,qwen2:72b,conservative,4.0,purity
agreement,5,qwen2:72b,conservative,4.0,purity
agreement,5,qwen2:72b,conservative,5.0,purity
agreement,5,qwen2:72b,conservative,5.0,purity
agreement,5,qwen2:72b,conservative,4.0,purity
agreement,5,qwen2:72b,conservative,4.0,purity
agreement,5,qwen2:72b,conservative,4.0,purity
agreement,5,qwen2:72b,conservative,4.0,purity
agreement,5,qwen2:72b,conservative,5.0,purity
agreement,5,qwen2:72b,conservative,4.0,purity
agreement,5,qwen2:72b,conservative,4.0,purity
agreement,5,qwen2:72b,conservative,4.0,purity
agreement,5,qwen2:72b,conservative,5.0,purity
agreement,5,qwen2:72b,conservative,5.0,purity
agreement,5,qwen2:72b,conservative,5.0,purity
agreement,5,qwen2:72b,conservative,5.0,purity
agreement,5,qwen2:72b,moderate,2.0,purity
agreement,5,qwen2:72b,moderate,2.0,purity
agreement,5,qwen2:72b,moderate,2.0,purity
agreement,5,qwen2:72b,moderate,2.0,purity
agreement,5,qwen2:72b,moderate,1.0,purity
agreement,5,qwen2:72b,moderate,2.0,purity
agreement,5,qwen2:72b,moderate,1.0,purity
agreement,5,qwen2:72b,moderate,2.0,purity
agreement,5,qwen2:72b,moderate,2.0,purity
agreement,5,qwen2:72b,moderate,2.0,purity
agreement,5,qwen2:72b,moderate,2.0,purity
agreement,5,qwen2:72b,moderate,2.0,purity
agreement,5,qwen2:72b,moderate,2.0,purity
agreement,5,qwen2:72b,moderate,2.0,purity
agreement,5,qwen2:72b,moderate,2.0,purity
agreement,5,qwen2:72b,moderate,2.0,purity
agreement,5,qwen2:72b,moderate,2.0,purity
agreement,5,qwen2:72b,moderate,2.0,purity
agreement,5,qwen2:72b,moderate,2.0,purity
agreement,5,qwen2:72b,moderate,2.0,purity
agreement,5,qwen2:72b,moderate,2.0,purity
agreement,5,qwen2:72b,moderate,2.0,purity
agreement,5,qwen2:72b,moderate,1.0,purity
agreement,5,qwen2:72b,moderate,2.0,purity
agreement,5,qwen2:72b,moderate,2.0,purity
agreement,5,qwen2:72b,moderate,2.0,purity
agreement,5,qwen2:72b,moderate,2.0,purity
agreement,5,qwen2:72b,moderate,2.0,purity
agreement,5,qwen2:72b,moderate,2.0,purity
agreement,5,qwen2:72b,moderate,2.0,purity
agreement,5,qwen2:72b,moderate,2.0,purity
agreement,5,qwen2:72b,moderate,2.0,purity
agreement,5,qwen2:72b,moderate,2.0,purity
agreement,5,qwen2:72b,moderate,2.0,purity
agreement,5,qwen2:72b,moderate,1.0,purity
agreement,5,qwen2:72b,moderate,2.0,purity
agreement,5,qwen2:72b,moderate,2.0,purity
agreement,5,qwen2:72b,moderate,2.0,purity
agreement,5,qwen2:72b,moderate,2.0,purity
agreement,5,qwen2:72b,moderate,2.0,purity
agreement,5,qwen2:72b,moderate,2.0,purity
agreement,5,qwen2:72b,moderate,2.0,purity
agreement,5,qwen2:72b,moderate,2.0,purity
agreement,5,qwen2:72b,moderate,2.0,purity
agreement,5,qwen2:72b,moderate,1.0,purity
agreement,5,qwen2:72b,moderate,2.0,purity
agreement,5,qwen2:72b,moderate,2.0,purity
agreement,5,qwen2:72b,moderate,2.0,purity
agreement,5,qwen2:72b,moderate,2.0,purity
agreement,5,qwen2:72b,moderate,2.0,purity
agreement,5,qwen2:72b,liberal,2.0,purity
agreement,5,qwen2:72b,liberal,1.0,purity
agreement,5,qwen2:72b,liberal,1.0,purity
agreement,5,qwen2:72b,liberal,2.0,purity
agreement,5,qwen2:72b,liberal,2.0,purity
agreement,5,qwen2:72b,liberal,2.0,purity
agreement,5,qwen2:72b,liberal,2.0,purity
agreement,5,qwen2:72b,liberal,1.0,purity
agreement,5,qwen2:72b,liberal,1.0,purity
agreement,5,qwen2:72b,liberal,1.0,purity
agreement,5,qwen2:72b,liberal,2.0,purity
agreement,5,qwen2:72b,liberal,1.0,purity
agreement,5,qwen2:72b,liberal,1.0,purity
agreement,5,qwen2:72b,liberal,2.0,purity
agreement,5,qwen2:72b,liberal,1.0,purity
agreement,5,qwen2:72b,liberal,2.0,purity
agreement,5,qwen2:72b,liberal,2.0,purity
agreement,5,qwen2:72b,liberal,2.0,purity
agreement,5,qwen2:72b,liberal,1.0,purity
agreement,5,qwen2:72b,liberal,1.0,purity
agreement,5,qwen2:72b,liberal,1.0,purity
agreement,5,qwen2:72b,liberal,2.0,purity
agreement,5,qwen2:72b,liberal,2.0,purity
agreement,5,qwen2:72b,liberal,2.0,purity
agreement,5,qwen2:72b,liberal,2.0,purity
agreement,5,qwen2:72b,liberal,1.0,purity
agreement,5,qwen2:72b,liberal,2.0,purity
agreement,5,qwen2:72b,liberal,1.0,purity
agreement,5,qwen2:72b,liberal,1.0,purity
agreement,5,qwen2:72b,liberal,2.0,purity
agreement,5,qwen2:72b,liberal,2.0,purity
agreement,5,qwen2:72b,liberal,2.0,purity
agreement,5,qwen2:72b,liberal,2.0,purity
agreement,5,qwen2:72b,liberal,1.0,purity
agreement,5,qwen2:72b,liberal,2.0,purity
agreement,5,qwen2:72b,liberal,2.0,purity
agreement,5,qwen2:72b,liberal,1.0,purity
agreement,5,qwen2:72b,liberal,2.0,purity
agreement,5,qwen2:72b,liberal,2.0,purity
agreement,5,qwen2:72b,liberal,2.0,purity
agreement,5,qwen2:72b,liberal,1.0,purity
agreement,5,qwen2:72b,liberal,1.0,purity
agreement,5,qwen2:72b,liberal,2.0,purity
agreement,5,qwen2:72b,liberal,2.0,purity
agreement,5,qwen2:72b,liberal,2.0,purity
agreement,5,qwen2:72b,liberal,1.0,purity
agreement,5,qwen2:72b,liberal,2.0,purity
agreement,5,qwen2:72b,liberal,1.0,purity
agreement,5,qwen2:72b,liberal,2.0,purity
agreement,5,qwen2:72b,liberal,1.0,purity
agreement,6,llama3.1:8b,conservative,5.0,catch
agreement,6,llama3.1:8b,conservative,5.0,catch
agreement,6,llama3.1:8b,conservative,5.0,catch
agreement,6,llama3.1:8b,conservative,5.0,catch
agreement,6,llama3.1:8b,conservative,5.0,catch
agreement,6,llama3.1:8b,conservative,5.0,catch
agreement,6,llama3.1:8b,conservative,5.0,catch
agreement,6,llama3.1:8b,conservative,5.0,catch
agreement,6,llama3.1:8b,conservative,5.0,catch
agreement,6,llama3.1:8b,conservative,5.0,catch
agreement,6,llama3.1:8b,conservative,5.0,catch
agreement,6,llama3.1:8b,conservative,5.0,catch
agreement,6,llama3.1:8b,conservative,5.0,catch
agreement,6,llama3.1:8b,conservative,5.0,catch
agreement,6,llama3.1:8b,conservative,5.0,catch
agreement,6,llama3.1:8b,conservative,5.0,catch
agreement,6,llama3.1:8b,conservative,5.0,catch
agreement,6,llama3.1:8b,conservative,5.0,catch
agreement,6,llama3.1:8b,conservative,5.0,catch
agreement,6,llama3.1:8b,conservative,5.0,catch
agreement,6,llama3.1:8b,conservative,5.0,catch
agreement,6,llama3.1:8b,conservative,5.0,catch
agreement,6,llama3.1:8b,conservative,5.0,catch
agreement,6,llama3.1:8b,conservative,5.0,catch
agreement,6,llama3.1:8b,conservative,5.0,catch
agreement,6,llama3.1:8b,conservative,5.0,catch
agreement,6,llama3.1:8b,conservative,5.0,catch
agreement,6,llama3.1:8b,conservative,5.0,catch
agreement,6,llama3.1:8b,conservative,5.0,catch
agreement,6,llama3.1:8b,conservative,5.0,catch
agreement,6,llama3.1:8b,conservative,5.0,catch
agreement,6,llama3.1:8b,conservative,5.0,catch
agreement,6,llama3.1:8b,conservative,5.0,catch
agreement,6,llama3.1:8b,conservative,5.0,catch
agreement,6,llama3.1:8b,conservative,5.0,catch
agreement,6,llama3.1:8b,conservative,5.0,catch
agreement,6,llama3.1:8b,conservative,5.0,catch
agreement,6,llama3.1:8b,conservative,5.0,catch
agreement,6,llama3.1:8b,conservative,5.0,catch
agreement,6,llama3.1:8b,conservative,5.0,catch
agreement,6,llama3.1:8b,conservative,5.0,catch
agreement,6,llama3.1:8b,conservative,5.0,catch
agreement,6,llama3.1:8b,conservative,5.0,catch
agreement,6,llama3.1:8b,conservative,5.0,catch
agreement,6,llama3.1:8b,conservative,5.0,catch
agreement,6,llama3.1:8b,conservative,5.0,catch
agreement,6,llama3.1:8b,conservative,5.0,catch
agreement,6,llama3.1:8b,conservative,5.0,catch
agreement,6,llama3.1:8b,conservative,5.0,catch
agreement,6,llama3.1:8b,conservative,5.0,catch
agreement,6,llama3.1:8b,moderate,5.0,catch
agreement,6,llama3.1:8b,moderate,5.0,catch
agreement,6,llama3.1:8b,moderate,5.0,catch
agreement,6,llama3.1:8b,moderate,5.0,catch
agreement,6,llama3.1:8b,moderate,5.0,catch
agreement,6,llama3.1:8b,moderate,5.0,catch
agreement,6,llama3.1:8b,moderate,5.0,catch
agreement,6,llama3.1:8b,moderate,5.0,catch
agreement,6,llama3.1:8b,moderate,5.0,catch
agreement,6,llama3.1:8b,moderate,5.0,catch
agreement,6,llama3.1:8b,moderate,5.0,catch
agreement,6,llama3.1:8b,moderate,5.0,catch
agreement,6,llama3.1:8b,moderate,5.0,catch
agreement,6,llama3.1:8b,moderate,5.0,catch
agreement,6,llama3.1:8b,moderate,5.0,catch
agreement,6,llama3.1:8b,moderate,5.0,catch
agreement,6,llama3.1:8b,moderate,5.0,catch
agreement,6,llama3.1:8b,moderate,5.0,catch
agreement,6,llama3.1:8b,moderate,5.0,catch
agreement,6,llama3.1:8b,moderate,5.0,catch
agreement,6,llama3.1:8b,moderate,5.0,catch
agreement,6,llama3.1:8b,moderate,5.0,catch
agreement,6,llama3.1:8b,moderate,5.0,catch
agreement,6,llama3.1:8b,moderate,5.0,catch
agreement,6,llama3.1:8b,moderate,5.0,catch
agreement,6,llama3.1:8b,moderate,5.0,catch
agreement,6,llama3.1:8b,moderate,5.0,catch
agreement,6,llama3.1:8b,moderate,5.0,catch
agreement,6,llama3.1:8b,moderate,5.0,catch
agreement,6,llama3.1:8b,moderate,5.0,catch
agreement,6,llama3.1:8b,moderate,5.0,catch
agreement,6,llama3.1:8b,moderate,5.0,catch
agreement,6,llama3.1:8b,moderate,5.0,catch
agreement,6,llama3.1:8b,moderate,5.0,catch
agreement,6,llama3.1:8b,moderate,5.0,catch
agreement,6,llama3.1:8b,moderate,5.0,catch
agreement,6,llama3.1:8b,moderate,5.0,catch
agreement,6,llama3.1:8b,moderate,5.0,catch
agreement,6,llama3.1:8b,moderate,5.0,catch
agreement,6,llama3.1:8b,moderate,5.0,catch
agreement,6,llama3.1:8b,moderate,5.0,catch
agreement,6,llama3.1:8b,moderate,5.0,catch
agreement,6,llama3.1:8b,moderate,5.0,catch
agreement,6,llama3.1:8b,moderate,5.0,catch
agreement,6,llama3.1:8b,moderate,5.0,catch
agreement,6,llama3.1:8b,moderate,5.0,catch
agreement,6,llama3.1:8b,moderate,5.0,catch
agreement,6,llama3.1:8b,moderate,5.0,catch
agreement,6,llama3.1:8b,moderate,5.0,catch
agreement,6,llama3.1:8b,moderate,5.0,catch
agreement,6,llama3.1:8b,liberal,5.0,catch
agreement,6,llama3.1:8b,liberal,5.0,catch
agreement,6,llama3.1:8b,liberal,5.0,catch
agreement,6,llama3.1:8b,liberal,5.0,catch
agreement,6,llama3.1:8b,liberal,5.0,catch
agreement,6,llama3.1:8b,liberal,5.0,catch
agreement,6,llama3.1:8b,liberal,5.0,catch
agreement,6,llama3.1:8b,liberal,5.0,catch
agreement,6,llama3.1:8b,liberal,5.0,catch
agreement,6,llama3.1:8b,liberal,5.0,catch
agreement,6,llama3.1:8b,liberal,5.0,catch
agreement,6,llama3.1:8b,liberal,5.0,catch
agreement,6,llama3.1:8b,liberal,5.0,catch
agreement,6,llama3.1:8b,liberal,5.0,catch
agreement,6,llama3.1:8b,liberal,5.0,catch
agreement,6,llama3.1:8b,liberal,5.0,catch
agreement,6,llama3.1:8b,liberal,5.0,catch
agreement,6,llama3.1:8b,liberal,5.0,catch
agreement,6,llama3.1:8b,liberal,5.0,catch
agreement,6,llama3.1:8b,liberal,5.0,catch
agreement,6,llama3.1:8b,liberal,5.0,catch
agreement,6,llama3.1:8b,liberal,5.0,catch
agreement,6,llama3.1:8b,liberal,5.0,catch
agreement,6,llama3.1:8b,liberal,5.0,catch
agreement,6,llama3.1:8b,liberal,5.0,catch
agreement,6,llama3.1:8b,liberal,5.0,catch
agreement,6,llama3.1:8b,liberal,5.0,catch
agreement,6,llama3.1:8b,liberal,5.0,catch
agreement,6,llama3.1:8b,liberal,5.0,catch
agreement,6,llama3.1:8b,liberal,5.0,catch
agreement,6,llama3.1:8b,liberal,5.0,catch
agreement,6,llama3.1:8b,liberal,5.0,catch
agreement,6,llama3.1:8b,liberal,5.0,catch
agreement,6,llama3.1:8b,liberal,5.0,catch
agreement,6,llama3.1:8b,liberal,5.0,catch
agreement,6,llama3.1:8b,liberal,5.0,catch
agreement,6,llama3.1:8b,liberal,5.0,catch
agreement,6,llama3.1:8b,liberal,5.0,catch
agreement,6,llama3.1:8b,liberal,5.0,catch
agreement,6,llama3.1:8b,liberal,5.0,catch
agreement,6,llama3.1:8b,liberal,5.0,catch
agreement,6,llama3.1:8b,liberal,5.0,catch
agreement,6,llama3.1:8b,liberal,5.0,catch
agreement,6,llama3.1:8b,liberal,5.0,catch
agreement,6,llama3.1:8b,liberal,5.0,catch
agreement,6,llama3.1:8b,liberal,5.0,catch
agreement,6,llama3.1:8b,liberal,5.0,catch
agreement,6,llama3.1:8b,liberal,5.0,catch
agreement,6,llama3.1:8b,liberal,5.0,catch
agreement,6,llama3.1:8b,liberal,5.0,catch
agreement,6,llama2:70b,conservative,5.0,catch
agreement,6,llama2:70b,conservative,4.0,catch
agreement,6,llama2:70b,conservative,4.0,catch
agreement,6,llama2:70b,conservative,4.0,catch
agreement,6,llama2:70b,conservative,4.0,catch
agreement,6,llama2:70b,conservative,4.0,catch
agreement,6,llama2:70b,conservative,4.0,catch
agreement,6,llama2:70b,conservative,4.0,catch
agreement,6,llama2:70b,conservative,4.0,catch
agreement,6,llama2:70b,conservative,4.0,catch
agreement,6,llama2:70b,conservative,4.0,catch
agreement,6,llama2:70b,conservative,4.0,catch
agreement,6,llama2:70b,conservative,4.0,catch
agreement,6,llama2:70b,conservative,4.0,catch
agreement,6,llama2:70b,conservative,4.0,catch
agreement,6,llama2:70b,conservative,4.0,catch
agreement,6,llama2:70b,conservative,4.0,catch
agreement,6,llama2:70b,conservative,4.0,catch
agreement,6,llama2:70b,conservative,4.0,catch
agreement,6,llama2:70b,conservative,4.0,catch
agreement,6,llama2:70b,conservative,4.0,catch
agreement,6,llama2:70b,conservative,4.0,catch
agreement,6,llama2:70b,conservative,4.0,catch
agreement,6,llama2:70b,conservative,5.0,catch
agreement,6,llama2:70b,conservative,4.0,catch
agreement,6,llama2:70b,conservative,4.0,catch
agreement,6,llama2:70b,conservative,4.0,catch
agreement,6,llama2:70b,conservative,4.0,catch
agreement,6,llama2:70b,conservative,4.0,catch
agreement,6,llama2:70b,conservative,4.0,catch
agreement,6,llama2:70b,conservative,4.0,catch
agreement,6,llama2:70b,conservative,4.0,catch
agreement,6,llama2:70b,conservative,4.0,catch
agreement,6,llama2:70b,conservative,4.0,catch
agreement,6,llama2:70b,conservative,5.0,catch
agreement,6,llama2:70b,conservative,4.0,catch
agreement,6,llama2:70b,conservative,4.0,catch
agreement,6,llama2:70b,conservative,4.0,catch
agreement,6,llama2:70b,conservative,4.0,catch
agreement,6,llama2:70b,conservative,4.0,catch
agreement,6,llama2:70b,conservative,4.0,catch
agreement,6,llama2:70b,conservative,4.0,catch
agreement,6,llama2:70b,conservative,4.0,catch
agreement,6,llama2:70b,conservative,4.0,catch
agreement,6,llama2:70b,conservative,4.0,catch
agreement,6,llama2:70b,conservative,4.0,catch
agreement,6,llama2:70b,conservative,4.0,catch
agreement,6,llama2:70b,conservative,5.0,catch
agreement,6,llama2:70b,conservative,4.0,catch
agreement,6,llama2:70b,moderate,5.0,catch
agreement,6,llama2:70b,moderate,5.0,catch
agreement,6,llama2:70b,moderate,4.0,catch
agreement,6,llama2:70b,moderate,5.0,catch
agreement,6,llama2:70b,moderate,5.0,catch
agreement,6,llama2:70b,moderate,4.0,catch
agreement,6,llama2:70b,moderate,4.0,catch
agreement,6,llama2:70b,moderate,4.0,catch
agreement,6,llama2:70b,moderate,5.0,catch
agreement,6,llama2:70b,moderate,4.0,catch
agreement,6,llama2:70b,moderate,4.0,catch
agreement,6,llama2:70b,moderate,4.0,catch
agreement,6,llama2:70b,moderate,4.0,catch
agreement,6,llama2:70b,moderate,5.0,catch
agreement,6,llama2:70b,moderate,5.0,catch
agreement,6,llama2:70b,moderate,4.0,catch
agreement,6,llama2:70b,moderate,5.0,catch
agreement,6,llama2:70b,moderate,4.0,catch
agreement,6,llama2:70b,moderate,5.0,catch
agreement,6,llama2:70b,moderate,5.0,catch
agreement,6,llama2:70b,moderate,5.0,catch
agreement,6,llama2:70b,moderate,4.0,catch
agreement,6,llama2:70b,moderate,5.0,catch
agreement,6,llama2:70b,moderate,4.0,catch
agreement,6,llama2:70b,moderate,5.0,catch
agreement,6,llama2:70b,moderate,5.0,catch
agreement,6,llama2:70b,moderate,5.0,catch
agreement,6,llama2:70b,moderate,5.0,catch
agreement,6,llama2:70b,moderate,4.0,catch
agreement,6,llama2:70b,moderate,5.0,catch
agreement,6,llama2:70b,moderate,5.0,catch
agreement,6,llama2:70b,moderate,5.0,catch
agreement,6,llama2:70b,moderate,5.0,catch
agreement,6,llama2:70b,moderate,4.0,catch
agreement,6,llama2:70b,moderate,4.0,catch
agreement,6,llama2:70b,moderate,4.0,catch
agreement,6,llama2:70b,moderate,5.0,catch
agreement,6,llama2:70b,moderate,5.0,catch
agreement,6,llama2:70b,moderate,4.0,catch
agreement,6,llama2:70b,moderate,4.0,catch
agreement,6,llama2:70b,moderate,4.0,catch
agreement,6,llama2:70b,moderate,4.0,catch
agreement,6,llama2:70b,moderate,4.0,catch
agreement,6,llama2:70b,moderate,5.0,catch
agreement,6,llama2:70b,moderate,4.0,catch
agreement,6,llama2:70b,moderate,5.0,catch
agreement,6,llama2:70b,moderate,4.0,catch
agreement,6,llama2:70b,moderate,4.0,catch
agreement,6,llama2:70b,moderate,5.0,catch
agreement,6,llama2:70b,moderate,4.0,catch
agreement,6,llama2:70b,liberal,5.0,catch
agreement,6,llama2:70b,liberal,5.0,catch
agreement,6,llama2:70b,liberal,4.0,catch
agreement,6,llama2:70b,liberal,5.0,catch
agreement,6,llama2:70b,liberal,4.0,catch
agreement,6,llama2:70b,liberal,4.0,catch
agreement,6,llama2:70b,liberal,5.0,catch
agreement,6,llama2:70b,liberal,4.0,catch
agreement,6,llama2:70b,liberal,5.0,catch
agreement,6,llama2:70b,liberal,5.0,catch
agreement,6,llama2:70b,liberal,5.0,catch
agreement,6,llama2:70b,liberal,5.0,catch
agreement,6,llama2:70b,liberal,5.0,catch
agreement,6,llama2:70b,liberal,4.0,catch
agreement,6,llama2:70b,liberal,5.0,catch
agreement,6,llama2:70b,liberal,5.0,catch
agreement,6,llama2:70b,liberal,4.0,catch
agreement,6,llama2:70b,liberal,5.0,catch
agreement,6,llama2:70b,liberal,4.0,catch
agreement,6,llama2:70b,liberal,5.0,catch
agreement,6,llama2:70b,liberal,4.0,catch
agreement,6,llama2:70b,liberal,5.0,catch
agreement,6,llama2:70b,liberal,5.0,catch
agreement,6,llama2:70b,liberal,5.0,catch
agreement,6,llama2:70b,liberal,4.0,catch
agreement,6,llama2:70b,liberal,5.0,catch
agreement,6,llama2:70b,liberal,4.0,catch
agreement,6,llama2:70b,liberal,5.0,catch
agreement,6,llama2:70b,liberal,5.0,catch
agreement,6,llama2:70b,liberal,4.0,catch
agreement,6,llama2:70b,liberal,4.0,catch
agreement,6,llama2:70b,liberal,5.0,catch
agreement,6,llama2:70b,liberal,5.0,catch
agreement,6,llama2:70b,liberal,4.0,catch
agreement,6,llama2:70b,liberal,5.0,catch
agreement,6,llama2:70b,liberal,5.0,catch
agreement,6,llama2:70b,liberal,4.0,catch
agreement,6,llama2:70b,liberal,5.0,catch
agreement,6,llama2:70b,liberal,5.0,catch
agreement,6,llama2:70b,liberal,4.0,catch
agreement,6,llama2:70b,liberal,5.0,catch
agreement,6,llama2:70b,liberal,5.0,catch
agreement,6,llama2:70b,liberal,4.0,catch
agreement,6,llama2:70b,liberal,4.0,catch
agreement,6,llama2:70b,liberal,5.0,catch
agreement,6,llama2:70b,liberal,5.0,catch
agreement,6,llama2:70b,liberal,5.0,catch
agreement,6,llama2:70b,liberal,4.0,catch
agreement,6,llama2:70b,liberal,5.0,catch
agreement,6,llama2:70b,liberal,5.0,catch
agreement,6,llama3:70b,conservative,5.0,catch
agreement,6,llama3:70b,conservative,5.0,catch
agreement,6,llama3:70b,conservative,5.0,catch
agreement,6,llama3:70b,conservative,5.0,catch
agreement,6,llama3:70b,conservative,5.0,catch
agreement,6,llama3:70b,conservative,5.0,catch
agreement,6,llama3:70b,conservative,5.0,catch
agreement,6,llama3:70b,conservative,5.0,catch
agreement,6,llama3:70b,conservative,5.0,catch
agreement,6,llama3:70b,conservative,5.0,catch
agreement,6,llama3:70b,conservative,5.0,catch
agreement,6,llama3:70b,conservative,5.0,catch
agreement,6,llama3:70b,conservative,5.0,catch
agreement,6,llama3:70b,conservative,5.0,catch
agreement,6,llama3:70b,conservative,5.0,catch
agreement,6,llama3:70b,conservative,5.0,catch
agreement,6,llama3:70b,conservative,5.0,catch
agreement,6,llama3:70b,conservative,5.0,catch
agreement,6,llama3:70b,conservative,5.0,catch
agreement,6,llama3:70b,conservative,5.0,catch
agreement,6,llama3:70b,conservative,5.0,catch
agreement,6,llama3:70b,conservative,5.0,catch
agreement,6,llama3:70b,conservative,5.0,catch
agreement,6,llama3:70b,conservative,5.0,catch
agreement,6,llama3:70b,conservative,5.0,catch
agreement,6,llama3:70b,conservative,5.0,catch
agreement,6,llama3:70b,conservative,5.0,catch
agreement,6,llama3:70b,conservative,5.0,catch
agreement,6,llama3:70b,conservative,5.0,catch
agreement,6,llama3:70b,conservative,5.0,catch
agreement,6,llama3:70b,conservative,5.0,catch
agreement,6,llama3:70b,conservative,5.0,catch
agreement,6,llama3:70b,conservative,5.0,catch
agreement,6,llama3:70b,conservative,5.0,catch
agreement,6,llama3:70b,conservative,5.0,catch
agreement,6,llama3:70b,conservative,5.0,catch
agreement,6,llama3:70b,conservative,5.0,catch
agreement,6,llama3:70b,conservative,5.0,catch
agreement,6,llama3:70b,conservative,5.0,catch
agreement,6,llama3:70b,conservative,5.0,catch
agreement,6,llama3:70b,conservative,5.0,catch
agreement,6,llama3:70b,conservative,5.0,catch
agreement,6,llama3:70b,conservative,5.0,catch
agreement,6,llama3:70b,conservative,5.0,catch
agreement,6,llama3:70b,conservative,5.0,catch
agreement,6,llama3:70b,conservative,5.0,catch
agreement,6,llama3:70b,conservative,5.0,catch
agreement,6,llama3:70b,conservative,5.0,catch
agreement,6,llama3:70b,conservative,5.0,catch
agreement,6,llama3:70b,conservative,5.0,catch
agreement,6,llama3:70b,moderate,5.0,catch
agreement,6,llama3:70b,moderate,5.0,catch
agreement,6,llama3:70b,moderate,5.0,catch
agreement,6,llama3:70b,moderate,5.0,catch
agreement,6,llama3:70b,moderate,5.0,catch
agreement,6,llama3:70b,moderate,5.0,catch
agreement,6,llama3:70b,moderate,5.0,catch
agreement,6,llama3:70b,moderate,5.0,catch
agreement,6,llama3:70b,moderate,5.0,catch
agreement,6,llama3:70b,moderate,5.0,catch
agreement,6,llama3:70b,moderate,5.0,catch
agreement,6,llama3:70b,moderate,5.0,catch
agreement,6,llama3:70b,moderate,5.0,catch
agreement,6,llama3:70b,moderate,5.0,catch
agreement,6,llama3:70b,moderate,5.0,catch
agreement,6,llama3:70b,moderate,5.0,catch
agreement,6,llama3:70b,moderate,5.0,catch
agreement,6,llama3:70b,moderate,5.0,catch
agreement,6,llama3:70b,moderate,5.0,catch
agreement,6,llama3:70b,moderate,5.0,catch
agreement,6,llama3:70b,moderate,5.0,catch
agreement,6,llama3:70b,moderate,5.0,catch
agreement,6,llama3:70b,moderate,5.0,catch
agreement,6,llama3:70b,moderate,5.0,catch
agreement,6,llama3:70b,moderate,5.0,catch
agreement,6,llama3:70b,moderate,5.0,catch
agreement,6,llama3:70b,moderate,5.0,catch
agreement,6,llama3:70b,moderate,5.0,catch
agreement,6,llama3:70b,moderate,5.0,catch
agreement,6,llama3:70b,moderate,5.0,catch
agreement,6,llama3:70b,moderate,5.0,catch
agreement,6,llama3:70b,moderate,5.0,catch
agreement,6,llama3:70b,moderate,5.0,catch
agreement,6,llama3:70b,moderate,5.0,catch
agreement,6,llama3:70b,moderate,5.0,catch
agreement,6,llama3:70b,moderate,5.0,catch
agreement,6,llama3:70b,moderate,5.0,catch
agreement,6,llama3:70b,moderate,5.0,catch
agreement,6,llama3:70b,moderate,5.0,catch
agreement,6,llama3:70b,moderate,5.0,catch
agreement,6,llama3:70b,moderate,5.0,catch
agreement,6,llama3:70b,moderate,5.0,catch
agreement,6,llama3:70b,moderate,5.0,catch
agreement,6,llama3:70b,moderate,5.0,catch
agreement,6,llama3:70b,moderate,5.0,catch
agreement,6,llama3:70b,moderate,5.0,catch
agreement,6,llama3:70b,moderate,5.0,catch
agreement,6,llama3:70b,moderate,5.0,catch
agreement,6,llama3:70b,moderate,5.0,catch
agreement,6,llama3:70b,moderate,5.0,catch
agreement,6,llama3:70b,liberal,5.0,catch
agreement,6,llama3:70b,liberal,5.0,catch
agreement,6,llama3:70b,liberal,5.0,catch
agreement,6,llama3:70b,liberal,5.0,catch
agreement,6,llama3:70b,liberal,5.0,catch
agreement,6,llama3:70b,liberal,5.0,catch
agreement,6,llama3:70b,liberal,5.0,catch
agreement,6,llama3:70b,liberal,5.0,catch
agreement,6,llama3:70b,liberal,5.0,catch
agreement,6,llama3:70b,liberal,5.0,catch
agreement,6,llama3:70b,liberal,5.0,catch
agreement,6,llama3:70b,liberal,5.0,catch
agreement,6,llama3:70b,liberal,5.0,catch
agreement,6,llama3:70b,liberal,5.0,catch
agreement,6,llama3:70b,liberal,5.0,catch
agreement,6,llama3:70b,liberal,5.0,catch
agreement,6,llama3:70b,liberal,5.0,catch
agreement,6,llama3:70b,liberal,5.0,catch
agreement,6,llama3:70b,liberal,5.0,catch
agreement,6,llama3:70b,liberal,5.0,catch
agreement,6,llama3:70b,liberal,5.0,catch
agreement,6,llama3:70b,liberal,5.0,catch
agreement,6,llama3:70b,liberal,5.0,catch
agreement,6,llama3:70b,liberal,5.0,catch
agreement,6,llama3:70b,liberal,5.0,catch
agreement,6,llama3:70b,liberal,5.0,catch
agreement,6,llama3:70b,liberal,5.0,catch
agreement,6,llama3:70b,liberal,5.0,catch
agreement,6,llama3:70b,liberal,5.0,catch
agreement,6,llama3:70b,liberal,5.0,catch
agreement,6,llama3:70b,liberal,5.0,catch
agreement,6,llama3:70b,liberal,5.0,catch
agreement,6,llama3:70b,liberal,5.0,catch
agreement,6,llama3:70b,liberal,5.0,catch
agreement,6,llama3:70b,liberal,5.0,catch
agreement,6,llama3:70b,liberal,5.0,catch
agreement,6,llama3:70b,liberal,5.0,catch
agreement,6,llama3:70b,liberal,5.0,catch
agreement,6,llama3:70b,liberal,5.0,catch
agreement,6,llama3:70b,liberal,5.0,catch
agreement,6,llama3:70b,liberal,5.0,catch
agreement,6,llama3:70b,liberal,5.0,catch
agreement,6,llama3:70b,liberal,5.0,catch
agreement,6,llama3:70b,liberal,5.0,catch
agreement,6,llama3:70b,liberal,5.0,catch
agreement,6,llama3:70b,liberal,5.0,catch
agreement,6,llama3:70b,liberal,5.0,catch
agreement,6,llama3:70b,liberal,5.0,catch
agreement,6,llama3:70b,liberal,5.0,catch
agreement,6,llama3:70b,liberal,5.0,catch
agreement,6,llama3.1:70b,conservative,5.0,catch
agreement,6,llama3.1:70b,conservative,5.0,catch
agreement,6,llama3.1:70b,conservative,5.0,catch
agreement,6,llama3.1:70b,conservative,5.0,catch
agreement,6,llama3.1:70b,conservative,5.0,catch
agreement,6,llama3.1:70b,conservative,5.0,catch
agreement,6,llama3.1:70b,conservative,5.0,catch
agreement,6,llama3.1:70b,conservative,5.0,catch
agreement,6,llama3.1:70b,conservative,5.0,catch
agreement,6,llama3.1:70b,conservative,5.0,catch
agreement,6,llama3.1:70b,conservative,5.0,catch
agreement,6,llama3.1:70b,conservative,5.0,catch
agreement,6,llama3.1:70b,conservative,5.0,catch
agreement,6,llama3.1:70b,conservative,5.0,catch
agreement,6,llama3.1:70b,conservative,5.0,catch
agreement,6,llama3.1:70b,conservative,5.0,catch
agreement,6,llama3.1:70b,conservative,5.0,catch
agreement,6,llama3.1:70b,conservative,5.0,catch
agreement,6,llama3.1:70b,conservative,5.0,catch
agreement,6,llama3.1:70b,conservative,5.0,catch
agreement,6,llama3.1:70b,conservative,5.0,catch
agreement,6,llama3.1:70b,conservative,5.0,catch
agreement,6,llama3.1:70b,conservative,5.0,catch
agreement,6,llama3.1:70b,conservative,5.0,catch
agreement,6,llama3.1:70b,conservative,5.0,catch
agreement,6,llama3.1:70b,conservative,5.0,catch
agreement,6,llama3.1:70b,conservative,5.0,catch
agreement,6,llama3.1:70b,conservative,5.0,catch
agreement,6,llama3.1:70b,conservative,5.0,catch
agreement,6,llama3.1:70b,conservative,5.0,catch
agreement,6,llama3.1:70b,conservative,5.0,catch
agreement,6,llama3.1:70b,conservative,5.0,catch
agreement,6,llama3.1:70b,conservative,5.0,catch
agreement,6,llama3.1:70b,conservative,5.0,catch
agreement,6,llama3.1:70b,conservative,5.0,catch
agreement,6,llama3.1:70b,conservative,5.0,catch
agreement,6,llama3.1:70b,conservative,5.0,catch
agreement,6,llama3.1:70b,conservative,5.0,catch
agreement,6,llama3.1:70b,conservative,5.0,catch
agreement,6,llama3.1:70b,conservative,5.0,catch
agreement,6,llama3.1:70b,conservative,5.0,catch
agreement,6,llama3.1:70b,conservative,5.0,catch
agreement,6,llama3.1:70b,conservative,5.0,catch
agreement,6,llama3.1:70b,conservative,5.0,catch
agreement,6,llama3.1:70b,conservative,5.0,catch
agreement,6,llama3.1:70b,conservative,5.0,catch
agreement,6,llama3.1:70b,conservative,5.0,catch
agreement,6,llama3.1:70b,conservative,5.0,catch
agreement,6,llama3.1:70b,conservative,5.0,catch
agreement,6,llama3.1:70b,conservative,5.0,catch
agreement,6,llama3.1:70b,moderate,5.0,catch
agreement,6,llama3.1:70b,moderate,5.0,catch
agreement,6,llama3.1:70b,moderate,5.0,catch
agreement,6,llama3.1:70b,moderate,5.0,catch
agreement,6,llama3.1:70b,moderate,5.0,catch
agreement,6,llama3.1:70b,moderate,5.0,catch
agreement,6,llama3.1:70b,moderate,5.0,catch
agreement,6,llama3.1:70b,moderate,5.0,catch
agreement,6,llama3.1:70b,moderate,5.0,catch
agreement,6,llama3.1:70b,moderate,5.0,catch
agreement,6,llama3.1:70b,moderate,5.0,catch
agreement,6,llama3.1:70b,moderate,5.0,catch
agreement,6,llama3.1:70b,moderate,5.0,catch
agreement,6,llama3.1:70b,moderate,5.0,catch
agreement,6,llama3.1:70b,moderate,5.0,catch
agreement,6,llama3.1:70b,moderate,5.0,catch
agreement,6,llama3.1:70b,moderate,5.0,catch
agreement,6,llama3.1:70b,moderate,5.0,catch
agreement,6,llama3.1:70b,moderate,5.0,catch
agreement,6,llama3.1:70b,moderate,5.0,catch
agreement,6,llama3.1:70b,moderate,5.0,catch
agreement,6,llama3.1:70b,moderate,5.0,catch
agreement,6,llama3.1:70b,moderate,5.0,catch
agreement,6,llama3.1:70b,moderate,5.0,catch
agreement,6,llama3.1:70b,moderate,5.0,catch
agreement,6,llama3.1:70b,moderate,5.0,catch
agreement,6,llama3.1:70b,moderate,5.0,catch
agreement,6,llama3.1:70b,moderate,5.0,catch
agreement,6,llama3.1:70b,moderate,5.0,catch
agreement,6,llama3.1:70b,moderate,5.0,catch
agreement,6,llama3.1:70b,moderate,5.0,catch
agreement,6,llama3.1:70b,moderate,5.0,catch
agreement,6,llama3.1:70b,moderate,5.0,catch
agreement,6,llama3.1:70b,moderate,5.0,catch
agreement,6,llama3.1:70b,moderate,5.0,catch
agreement,6,llama3.1:70b,moderate,5.0,catch
agreement,6,llama3.1:70b,moderate,5.0,catch
agreement,6,llama3.1:70b,moderate,5.0,catch
agreement,6,llama3.1:70b,moderate,5.0,catch
agreement,6,llama3.1:70b,moderate,5.0,catch
agreement,6,llama3.1:70b,moderate,5.0,catch
agreement,6,llama3.1:70b,moderate,5.0,catch
agreement,6,llama3.1:70b,moderate,5.0,catch
agreement,6,llama3.1:70b,moderate,5.0,catch
agreement,6,llama3.1:70b,moderate,5.0,catch
agreement,6,llama3.1:70b,moderate,5.0,catch
agreement,6,llama3.1:70b,moderate,5.0,catch
agreement,6,llama3.1:70b,moderate,5.0,catch
agreement,6,llama3.1:70b,moderate,5.0,catch
agreement,6,llama3.1:70b,moderate,5.0,catch
agreement,6,llama3.1:70b,liberal,5.0,catch
agreement,6,llama3.1:70b,liberal,5.0,catch
agreement,6,llama3.1:70b,liberal,5.0,catch
agreement,6,llama3.1:70b,liberal,5.0,catch
agreement,6,llama3.1:70b,liberal,5.0,catch
agreement,6,llama3.1:70b,liberal,5.0,catch
agreement,6,llama3.1:70b,liberal,5.0,catch
agreement,6,llama3.1:70b,liberal,5.0,catch
agreement,6,llama3.1:70b,liberal,5.0,catch
agreement,6,llama3.1:70b,liberal,5.0,catch
agreement,6,llama3.1:70b,liberal,5.0,catch
agreement,6,llama3.1:70b,liberal,5.0,catch
agreement,6,llama3.1:70b,liberal,5.0,catch
agreement,6,llama3.1:70b,liberal,5.0,catch
agreement,6,llama3.1:70b,liberal,5.0,catch
agreement,6,llama3.1:70b,liberal,5.0,catch
agreement,6,llama3.1:70b,liberal,5.0,catch
agreement,6,llama3.1:70b,liberal,5.0,catch
agreement,6,llama3.1:70b,liberal,5.0,catch
agreement,6,llama3.1:70b,liberal,5.0,catch
agreement,6,llama3.1:70b,liberal,5.0,catch
agreement,6,llama3.1:70b,liberal,5.0,catch
agreement,6,llama3.1:70b,liberal,5.0,catch
agreement,6,llama3.1:70b,liberal,5.0,catch
agreement,6,llama3.1:70b,liberal,5.0,catch
agreement,6,llama3.1:70b,liberal,5.0,catch
agreement,6,llama3.1:70b,liberal,5.0,catch
agreement,6,llama3.1:70b,liberal,5.0,catch
agreement,6,llama3.1:70b,liberal,5.0,catch
agreement,6,llama3.1:70b,liberal,5.0,catch
agreement,6,llama3.1:70b,liberal,5.0,catch
agreement,6,llama3.1:70b,liberal,5.0,catch
agreement,6,llama3.1:70b,liberal,5.0,catch
agreement,6,llama3.1:70b,liberal,5.0,catch
agreement,6,llama3.1:70b,liberal,5.0,catch
agreement,6,llama3.1:70b,liberal,5.0,catch
agreement,6,llama3.1:70b,liberal,5.0,catch
agreement,6,llama3.1:70b,liberal,5.0,catch
agreement,6,llama3.1:70b,liberal,5.0,catch
agreement,6,llama3.1:70b,liberal,5.0,catch
agreement,6,llama3.1:70b,liberal,5.0,catch
agreement,6,llama3.1:70b,liberal,5.0,catch
agreement,6,llama3.1:70b,liberal,5.0,catch
agreement,6,llama3.1:70b,liberal,5.0,catch
agreement,6,llama3.1:70b,liberal,5.0,catch
agreement,6,llama3.1:70b,liberal,5.0,catch
agreement,6,llama3.1:70b,liberal,5.0,catch
agreement,6,llama3.1:70b,liberal,5.0,catch
agreement,6,llama3.1:70b,liberal,5.0,catch
agreement,6,llama3.1:70b,liberal,5.0,catch
agreement,6,mistral:7b,conservative,5.0,catch
agreement,6,mistral:7b,conservative,5.0,catch
agreement,6,mistral:7b,conservative,5.0,catch
agreement,6,mistral:7b,conservative,5.0,catch
agreement,6,mistral:7b,conservative,5.0,catch
agreement,6,mistral:7b,conservative,5.0,catch
agreement,6,mistral:7b,conservative,5.0,catch
agreement,6,mistral:7b,conservative,5.0,catch
agreement,6,mistral:7b,conservative,5.0,catch
agreement,6,mistral:7b,conservative,5.0,catch
agreement,6,mistral:7b,conservative,5.0,catch
agreement,6,mistral:7b,conservative,5.0,catch
agreement,6,mistral:7b,conservative,5.0,catch
agreement,6,mistral:7b,conservative,5.0,catch
agreement,6,mistral:7b,conservative,5.0,catch
agreement,6,mistral:7b,conservative,5.0,catch
agreement,6,mistral:7b,conservative,5.0,catch
agreement,6,mistral:7b,conservative,5.0,catch
agreement,6,mistral:7b,conservative,5.0,catch
agreement,6,mistral:7b,conservative,5.0,catch
agreement,6,mistral:7b,conservative,5.0,catch
agreement,6,mistral:7b,conservative,5.0,catch
agreement,6,mistral:7b,conservative,5.0,catch
agreement,6,mistral:7b,conservative,5.0,catch
agreement,6,mistral:7b,conservative,5.0,catch
agreement,6,mistral:7b,conservative,5.0,catch
agreement,6,mistral:7b,conservative,5.0,catch
agreement,6,mistral:7b,conservative,5.0,catch
agreement,6,mistral:7b,conservative,5.0,catch
agreement,6,mistral:7b,conservative,5.0,catch
agreement,6,mistral:7b,conservative,5.0,catch
agreement,6,mistral:7b,conservative,5.0,catch
agreement,6,mistral:7b,conservative,5.0,catch
agreement,6,mistral:7b,conservative,5.0,catch
agreement,6,mistral:7b,conservative,5.0,catch
agreement,6,mistral:7b,conservative,5.0,catch
agreement,6,mistral:7b,conservative,5.0,catch
agreement,6,mistral:7b,conservative,5.0,catch
agreement,6,mistral:7b,conservative,5.0,catch
agreement,6,mistral:7b,conservative,5.0,catch
agreement,6,mistral:7b,conservative,5.0,catch
agreement,6,mistral:7b,conservative,5.0,catch
agreement,6,mistral:7b,conservative,5.0,catch
agreement,6,mistral:7b,conservative,5.0,catch
agreement,6,mistral:7b,conservative,5.0,catch
agreement,6,mistral:7b,conservative,5.0,catch
agreement,6,mistral:7b,conservative,5.0,catch
agreement,6,mistral:7b,conservative,5.0,catch
agreement,6,mistral:7b,conservative,5.0,catch
agreement,6,mistral:7b,conservative,5.0,catch
agreement,6,mistral:7b,moderate,5.0,catch
agreement,6,mistral:7b,moderate,5.0,catch
agreement,6,mistral:7b,moderate,5.0,catch
agreement,6,mistral:7b,moderate,5.0,catch
agreement,6,mistral:7b,moderate,5.0,catch
agreement,6,mistral:7b,moderate,5.0,catch
agreement,6,mistral:7b,moderate,5.0,catch
agreement,6,mistral:7b,moderate,5.0,catch
agreement,6,mistral:7b,moderate,5.0,catch
agreement,6,mistral:7b,moderate,5.0,catch
agreement,6,mistral:7b,moderate,5.0,catch
agreement,6,mistral:7b,moderate,5.0,catch
agreement,6,mistral:7b,moderate,5.0,catch
agreement,6,mistral:7b,moderate,5.0,catch
agreement,6,mistral:7b,moderate,5.0,catch
agreement,6,mistral:7b,moderate,5.0,catch
agreement,6,mistral:7b,moderate,5.0,catch
agreement,6,mistral:7b,moderate,5.0,catch
agreement,6,mistral:7b,moderate,5.0,catch
agreement,6,mistral:7b,moderate,5.0,catch
agreement,6,mistral:7b,moderate,5.0,catch
agreement,6,mistral:7b,moderate,5.0,catch
agreement,6,mistral:7b,moderate,5.0,catch
agreement,6,mistral:7b,moderate,5.0,catch
agreement,6,mistral:7b,moderate,5.0,catch
agreement,6,mistral:7b,moderate,5.0,catch
agreement,6,mistral:7b,moderate,5.0,catch
agreement,6,mistral:7b,moderate,5.0,catch
agreement,6,mistral:7b,moderate,5.0,catch
agreement,6,mistral:7b,moderate,5.0,catch
agreement,6,mistral:7b,moderate,5.0,catch
agreement,6,mistral:7b,moderate,5.0,catch
agreement,6,mistral:7b,moderate,5.0,catch
agreement,6,mistral:7b,moderate,5.0,catch
agreement,6,mistral:7b,moderate,5.0,catch
agreement,6,mistral:7b,moderate,5.0,catch
agreement,6,mistral:7b,moderate,5.0,catch
agreement,6,mistral:7b,moderate,5.0,catch
agreement,6,mistral:7b,moderate,5.0,catch
agreement,6,mistral:7b,moderate,5.0,catch
agreement,6,mistral:7b,moderate,5.0,catch
agreement,6,mistral:7b,moderate,5.0,catch
agreement,6,mistral:7b,moderate,5.0,catch
agreement,6,mistral:7b,moderate,5.0,catch
agreement,6,mistral:7b,moderate,5.0,catch
agreement,6,mistral:7b,moderate,5.0,catch
agreement,6,mistral:7b,moderate,5.0,catch
agreement,6,mistral:7b,moderate,5.0,catch
agreement,6,mistral:7b,moderate,5.0,catch
agreement,6,mistral:7b,moderate,5.0,catch
agreement,6,mistral:7b,liberal,5.0,catch
agreement,6,mistral:7b,liberal,5.0,catch
agreement,6,mistral:7b,liberal,5.0,catch
agreement,6,mistral:7b,liberal,5.0,catch
agreement,6,mistral:7b,liberal,5.0,catch
agreement,6,mistral:7b,liberal,5.0,catch
agreement,6,mistral:7b,liberal,5.0,catch
agreement,6,mistral:7b,liberal,5.0,catch
agreement,6,mistral:7b,liberal,5.0,catch
agreement,6,mistral:7b,liberal,5.0,catch
agreement,6,mistral:7b,liberal,5.0,catch
agreement,6,mistral:7b,liberal,5.0,catch
agreement,6,mistral:7b,liberal,5.0,catch
agreement,6,mistral:7b,liberal,5.0,catch
agreement,6,mistral:7b,liberal,5.0,catch
agreement,6,mistral:7b,liberal,5.0,catch
agreement,6,mistral:7b,liberal,5.0,catch
agreement,6,mistral:7b,liberal,5.0,catch
agreement,6,mistral:7b,liberal,5.0,catch
agreement,6,mistral:7b,liberal,5.0,catch
agreement,6,mistral:7b,liberal,5.0,catch
agreement,6,mistral:7b,liberal,5.0,catch
agreement,6,mistral:7b,liberal,5.0,catch
agreement,6,mistral:7b,liberal,5.0,catch
agreement,6,mistral:7b,liberal,5.0,catch
agreement,6,mistral:7b,liberal,5.0,catch
agreement,6,mistral:7b,liberal,5.0,catch
agreement,6,mistral:7b,liberal,5.0,catch
agreement,6,mistral:7b,liberal,5.0,catch
agreement,6,mistral:7b,liberal,5.0,catch
agreement,6,mistral:7b,liberal,5.0,catch
agreement,6,mistral:7b,liberal,5.0,catch
agreement,6,mistral:7b,liberal,5.0,catch
agreement,6,mistral:7b,liberal,5.0,catch
agreement,6,mistral:7b,liberal,5.0,catch
agreement,6,mistral:7b,liberal,5.0,catch
agreement,6,mistral:7b,liberal,5.0,catch
agreement,6,mistral:7b,liberal,5.0,catch
agreement,6,mistral:7b,liberal,5.0,catch
agreement,6,mistral:7b,liberal,5.0,catch
agreement,6,mistral:7b,liberal,5.0,catch
agreement,6,mistral:7b,liberal,5.0,catch
agreement,6,mistral:7b,liberal,5.0,catch
agreement,6,mistral:7b,liberal,5.0,catch
agreement,6,mistral:7b,liberal,5.0,catch
agreement,6,mistral:7b,liberal,5.0,catch
agreement,6,mistral:7b,liberal,5.0,catch
agreement,6,mistral:7b,liberal,5.0,catch
agreement,6,mistral:7b,liberal,5.0,catch
agreement,6,mistral:7b,liberal,5.0,catch
agreement,6,mixtral:8x22b,conservative,5.0,catch
agreement,6,mixtral:8x22b,conservative,5.0,catch
agreement,6,mixtral:8x22b,conservative,5.0,catch
agreement,6,mixtral:8x22b,conservative,5.0,catch
agreement,6,mixtral:8x22b,conservative,5.0,catch
agreement,6,mixtral:8x22b,conservative,5.0,catch
agreement,6,mixtral:8x22b,conservative,5.0,catch
agreement,6,mixtral:8x22b,conservative,5.0,catch
agreement,6,mixtral:8x22b,conservative,5.0,catch
agreement,6,mixtral:8x22b,conservative,5.0,catch
agreement,6,mixtral:8x22b,conservative,5.0,catch
agreement,6,mixtral:8x22b,conservative,5.0,catch
agreement,6,mixtral:8x22b,conservative,5.0,catch
agreement,6,mixtral:8x22b,conservative,5.0,catch
agreement,6,mixtral:8x22b,conservative,5.0,catch
agreement,6,mixtral:8x22b,conservative,5.0,catch
agreement,6,mixtral:8x22b,conservative,5.0,catch
agreement,6,mixtral:8x22b,conservative,5.0,catch
agreement,6,mixtral:8x22b,conservative,5.0,catch
agreement,6,mixtral:8x22b,conservative,5.0,catch
agreement,6,mixtral:8x22b,conservative,5.0,catch
agreement,6,mixtral:8x22b,conservative,5.0,catch
agreement,6,mixtral:8x22b,conservative,5.0,catch
agreement,6,mixtral:8x22b,conservative,5.0,catch
agreement,6,mixtral:8x22b,conservative,5.0,catch
agreement,6,mixtral:8x22b,conservative,5.0,catch
agreement,6,mixtral:8x22b,conservative,5.0,catch
agreement,6,mixtral:8x22b,conservative,5.0,catch
agreement,6,mixtral:8x22b,conservative,5.0,catch
agreement,6,mixtral:8x22b,conservative,5.0,catch
agreement,6,mixtral:8x22b,conservative,5.0,catch
agreement,6,mixtral:8x22b,conservative,5.0,catch
agreement,6,mixtral:8x22b,conservative,5.0,catch
agreement,6,mixtral:8x22b,conservative,5.0,catch
agreement,6,mixtral:8x22b,conservative,5.0,catch
agreement,6,mixtral:8x22b,conservative,5.0,catch
agreement,6,mixtral:8x22b,conservative,5.0,catch
agreement,6,mixtral:8x22b,conservative,5.0,catch
agreement,6,mixtral:8x22b,conservative,5.0,catch
agreement,6,mixtral:8x22b,conservative,5.0,catch
agreement,6,mixtral:8x22b,conservative,5.0,catch
agreement,6,mixtral:8x22b,conservative,5.0,catch
agreement,6,mixtral:8x22b,conservative,5.0,catch
agreement,6,mixtral:8x22b,conservative,5.0,catch
agreement,6,mixtral:8x22b,conservative,5.0,catch
agreement,6,mixtral:8x22b,conservative,5.0,catch
agreement,6,mixtral:8x22b,conservative,5.0,catch
agreement,6,mixtral:8x22b,conservative,5.0,catch
agreement,6,mixtral:8x22b,conservative,5.0,catch
agreement,6,mixtral:8x22b,conservative,5.0,catch
agreement,6,mixtral:8x22b,moderate,5.0,catch
agreement,6,mixtral:8x22b,moderate,5.0,catch
agreement,6,mixtral:8x22b,moderate,5.0,catch
agreement,6,mixtral:8x22b,moderate,5.0,catch
agreement,6,mixtral:8x22b,moderate,5.0,catch
agreement,6,mixtral:8x22b,moderate,5.0,catch
agreement,6,mixtral:8x22b,moderate,5.0,catch
agreement,6,mixtral:8x22b,moderate,5.0,catch
agreement,6,mixtral:8x22b,moderate,5.0,catch
agreement,6,mixtral:8x22b,moderate,5.0,catch
agreement,6,mixtral:8x22b,moderate,5.0,catch
agreement,6,mixtral:8x22b,moderate,5.0,catch
agreement,6,mixtral:8x22b,moderate,5.0,catch
agreement,6,mixtral:8x22b,moderate,5.0,catch
agreement,6,mixtral:8x22b,moderate,5.0,catch
agreement,6,mixtral:8x22b,moderate,5.0,catch
agreement,6,mixtral:8x22b,moderate,5.0,catch
agreement,6,mixtral:8x22b,moderate,5.0,catch
agreement,6,mixtral:8x22b,moderate,5.0,catch
agreement,6,mixtral:8x22b,moderate,5.0,catch
agreement,6,mixtral:8x22b,moderate,5.0,catch
agreement,6,mixtral:8x22b,moderate,5.0,catch
agreement,6,mixtral:8x22b,moderate,5.0,catch
agreement,6,mixtral:8x22b,moderate,5.0,catch
agreement,6,mixtral:8x22b,moderate,5.0,catch
agreement,6,mixtral:8x22b,moderate,5.0,catch
agreement,6,mixtral:8x22b,moderate,5.0,catch
agreement,6,mixtral:8x22b,moderate,5.0,catch
agreement,6,mixtral:8x22b,moderate,5.0,catch
agreement,6,mixtral:8x22b,moderate,5.0,catch
agreement,6,mixtral:8x22b,moderate,5.0,catch
agreement,6,mixtral:8x22b,moderate,5.0,catch
agreement,6,mixtral:8x22b,moderate,5.0,catch
agreement,6,mixtral:8x22b,moderate,5.0,catch
agreement,6,mixtral:8x22b,moderate,5.0,catch
agreement,6,mixtral:8x22b,moderate,5.0,catch
agreement,6,mixtral:8x22b,moderate,5.0,catch
agreement,6,mixtral:8x22b,moderate,5.0,catch
agreement,6,mixtral:8x22b,moderate,5.0,catch
agreement,6,mixtral:8x22b,moderate,5.0,catch
agreement,6,mixtral:8x22b,moderate,5.0,catch
agreement,6,mixtral:8x22b,moderate,5.0,catch
agreement,6,mixtral:8x22b,moderate,5.0,catch
agreement,6,mixtral:8x22b,moderate,5.0,catch
agreement,6,mixtral:8x22b,moderate,5.0,catch
agreement,6,mixtral:8x22b,moderate,5.0,catch
agreement,6,mixtral:8x22b,moderate,5.0,catch
agreement,6,mixtral:8x22b,moderate,5.0,catch
agreement,6,mixtral:8x22b,moderate,5.0,catch
agreement,6,mixtral:8x22b,moderate,5.0,catch
agreement,6,mixtral:8x22b,liberal,5.0,catch
agreement,6,mixtral:8x22b,liberal,5.0,catch
agreement,6,mixtral:8x22b,liberal,5.0,catch
agreement,6,mixtral:8x22b,liberal,5.0,catch
agreement,6,mixtral:8x22b,liberal,5.0,catch
agreement,6,mixtral:8x22b,liberal,5.0,catch
agreement,6,mixtral:8x22b,liberal,5.0,catch
agreement,6,mixtral:8x22b,liberal,5.0,catch
agreement,6,mixtral:8x22b,liberal,5.0,catch
agreement,6,mixtral:8x22b,liberal,5.0,catch
agreement,6,mixtral:8x22b,liberal,5.0,catch
agreement,6,mixtral:8x22b,liberal,5.0,catch
agreement,6,mixtral:8x22b,liberal,5.0,catch
agreement,6,mixtral:8x22b,liberal,5.0,catch
agreement,6,mixtral:8x22b,liberal,5.0,catch
agreement,6,mixtral:8x22b,liberal,5.0,catch
agreement,6,mixtral:8x22b,liberal,5.0,catch
agreement,6,mixtral:8x22b,liberal,5.0,catch
agreement,6,mixtral:8x22b,liberal,5.0,catch
agreement,6,mixtral:8x22b,liberal,5.0,catch
agreement,6,mixtral:8x22b,liberal,5.0,catch
agreement,6,mixtral:8x22b,liberal,5.0,catch
agreement,6,mixtral:8x22b,liberal,5.0,catch
agreement,6,mixtral:8x22b,liberal,5.0,catch
agreement,6,mixtral:8x22b,liberal,5.0,catch
agreement,6,mixtral:8x22b,liberal,5.0,catch
agreement,6,mixtral:8x22b,liberal,5.0,catch
agreement,6,mixtral:8x22b,liberal,5.0,catch
agreement,6,mixtral:8x22b,liberal,5.0,catch
agreement,6,mixtral:8x22b,liberal,5.0,catch
agreement,6,mixtral:8x22b,liberal,5.0,catch
agreement,6,mixtral:8x22b,liberal,5.0,catch
agreement,6,mixtral:8x22b,liberal,5.0,catch
agreement,6,mixtral:8x22b,liberal,5.0,catch
agreement,6,mixtral:8x22b,liberal,5.0,catch
agreement,6,mixtral:8x22b,liberal,5.0,catch
agreement,6,mixtral:8x22b,liberal,5.0,catch
agreement,6,mixtral:8x22b,liberal,5.0,catch
agreement,6,mixtral:8x22b,liberal,5.0,catch
agreement,6,mixtral:8x22b,liberal,5.0,catch
agreement,6,mixtral:8x22b,liberal,5.0,catch
agreement,6,mixtral:8x22b,liberal,5.0,catch
agreement,6,mixtral:8x22b,liberal,5.0,catch
agreement,6,mixtral:8x22b,liberal,5.0,catch
agreement,6,mixtral:8x22b,liberal,5.0,catch
agreement,6,mixtral:8x22b,liberal,5.0,catch
agreement,6,mixtral:8x22b,liberal,5.0,catch
agreement,6,mixtral:8x22b,liberal,5.0,catch
agreement,6,mixtral:8x22b,liberal,5.0,catch
agreement,6,mixtral:8x22b,liberal,5.0,catch
agreement,6,mixtral:8x7b,conservative,5.0,catch
agreement,6,mixtral:8x7b,conservative,5.0,catch
agreement,6,mixtral:8x7b,conservative,5.0,catch
agreement,6,mixtral:8x7b,conservative,5.0,catch
agreement,6,mixtral:8x7b,conservative,5.0,catch
agreement,6,mixtral:8x7b,conservative,5.0,catch
agreement,6,mixtral:8x7b,conservative,5.0,catch
agreement,6,mixtral:8x7b,conservative,5.0,catch
agreement,6,mixtral:8x7b,conservative,5.0,catch
agreement,6,mixtral:8x7b,conservative,5.0,catch
agreement,6,mixtral:8x7b,conservative,5.0,catch
agreement,6,mixtral:8x7b,conservative,5.0,catch
agreement,6,mixtral:8x7b,conservative,5.0,catch
agreement,6,mixtral:8x7b,conservative,5.0,catch
agreement,6,mixtral:8x7b,conservative,5.0,catch
agreement,6,mixtral:8x7b,conservative,5.0,catch
agreement,6,mixtral:8x7b,conservative,5.0,catch
agreement,6,mixtral:8x7b,conservative,5.0,catch
agreement,6,mixtral:8x7b,conservative,5.0,catch
agreement,6,mixtral:8x7b,conservative,5.0,catch
agreement,6,mixtral:8x7b,conservative,5.0,catch
agreement,6,mixtral:8x7b,conservative,5.0,catch
agreement,6,mixtral:8x7b,conservative,5.0,catch
agreement,6,mixtral:8x7b,conservative,5.0,catch
agreement,6,mixtral:8x7b,conservative,5.0,catch
agreement,6,mixtral:8x7b,conservative,5.0,catch
agreement,6,mixtral:8x7b,conservative,5.0,catch
agreement,6,mixtral:8x7b,conservative,5.0,catch
agreement,6,mixtral:8x7b,conservative,5.0,catch
agreement,6,mixtral:8x7b,conservative,5.0,catch
agreement,6,mixtral:8x7b,conservative,5.0,catch
agreement,6,mixtral:8x7b,conservative,5.0,catch
agreement,6,mixtral:8x7b,conservative,5.0,catch
agreement,6,mixtral:8x7b,conservative,5.0,catch
agreement,6,mixtral:8x7b,conservative,5.0,catch
agreement,6,mixtral:8x7b,conservative,5.0,catch
agreement,6,mixtral:8x7b,conservative,5.0,catch
agreement,6,mixtral:8x7b,conservative,5.0,catch
agreement,6,mixtral:8x7b,conservative,5.0,catch
agreement,6,mixtral:8x7b,conservative,5.0,catch
agreement,6,mixtral:8x7b,conservative,5.0,catch
agreement,6,mixtral:8x7b,conservative,5.0,catch
agreement,6,mixtral:8x7b,conservative,5.0,catch
agreement,6,mixtral:8x7b,conservative,5.0,catch
agreement,6,mixtral:8x7b,conservative,5.0,catch
agreement,6,mixtral:8x7b,conservative,5.0,catch
agreement,6,mixtral:8x7b,conservative,5.0,catch
agreement,6,mixtral:8x7b,conservative,5.0,catch
agreement,6,mixtral:8x7b,conservative,5.0,catch
agreement,6,mixtral:8x7b,conservative,5.0,catch
agreement,6,mixtral:8x7b,moderate,5.0,catch
agreement,6,mixtral:8x7b,moderate,5.0,catch
agreement,6,mixtral:8x7b,moderate,5.0,catch
agreement,6,mixtral:8x7b,moderate,5.0,catch
agreement,6,mixtral:8x7b,moderate,5.0,catch
agreement,6,mixtral:8x7b,moderate,5.0,catch
agreement,6,mixtral:8x7b,moderate,5.0,catch
agreement,6,mixtral:8x7b,moderate,5.0,catch
agreement,6,mixtral:8x7b,moderate,5.0,catch
agreement,6,mixtral:8x7b,moderate,5.0,catch
agreement,6,mixtral:8x7b,moderate,5.0,catch
agreement,6,mixtral:8x7b,moderate,5.0,catch
agreement,6,mixtral:8x7b,moderate,5.0,catch
agreement,6,mixtral:8x7b,moderate,5.0,catch
agreement,6,mixtral:8x7b,moderate,5.0,catch
agreement,6,mixtral:8x7b,moderate,5.0,catch
agreement,6,mixtral:8x7b,moderate,5.0,catch
agreement,6,mixtral:8x7b,moderate,5.0,catch
agreement,6,mixtral:8x7b,moderate,5.0,catch
agreement,6,mixtral:8x7b,moderate,5.0,catch
agreement,6,mixtral:8x7b,moderate,5.0,catch
agreement,6,mixtral:8x7b,moderate,5.0,catch
agreement,6,mixtral:8x7b,moderate,5.0,catch
agreement,6,mixtral:8x7b,moderate,5.0,catch
agreement,6,mixtral:8x7b,moderate,5.0,catch
agreement,6,mixtral:8x7b,moderate,5.0,catch
agreement,6,mixtral:8x7b,moderate,5.0,catch
agreement,6,mixtral:8x7b,moderate,5.0,catch
agreement,6,mixtral:8x7b,moderate,5.0,catch
agreement,6,mixtral:8x7b,moderate,5.0,catch
agreement,6,mixtral:8x7b,moderate,5.0,catch
agreement,6,mixtral:8x7b,moderate,5.0,catch
agreement,6,mixtral:8x7b,moderate,5.0,catch
agreement,6,mixtral:8x7b,moderate,5.0,catch
agreement,6,mixtral:8x7b,moderate,5.0,catch
agreement,6,mixtral:8x7b,moderate,5.0,catch
agreement,6,mixtral:8x7b,moderate,5.0,catch
agreement,6,mixtral:8x7b,moderate,5.0,catch
agreement,6,mixtral:8x7b,moderate,5.0,catch
agreement,6,mixtral:8x7b,moderate,5.0,catch
agreement,6,mixtral:8x7b,moderate,5.0,catch
agreement,6,mixtral:8x7b,moderate,5.0,catch
agreement,6,mixtral:8x7b,moderate,5.0,catch
agreement,6,mixtral:8x7b,moderate,5.0,catch
agreement,6,mixtral:8x7b,moderate,5.0,catch
agreement,6,mixtral:8x7b,moderate,5.0,catch
agreement,6,mixtral:8x7b,moderate,5.0,catch
agreement,6,mixtral:8x7b,moderate,5.0,catch
agreement,6,mixtral:8x7b,moderate,5.0,catch
agreement,6,mixtral:8x7b,moderate,5.0,catch
agreement,6,mixtral:8x7b,liberal,5.0,catch
agreement,6,mixtral:8x7b,liberal,5.0,catch
agreement,6,mixtral:8x7b,liberal,5.0,catch
agreement,6,mixtral:8x7b,liberal,5.0,catch
agreement,6,mixtral:8x7b,liberal,5.0,catch
agreement,6,mixtral:8x7b,liberal,5.0,catch
agreement,6,mixtral:8x7b,liberal,5.0,catch
agreement,6,mixtral:8x7b,liberal,5.0,catch
agreement,6,mixtral:8x7b,liberal,5.0,catch
agreement,6,mixtral:8x7b,liberal,5.0,catch
agreement,6,mixtral:8x7b,liberal,5.0,catch
agreement,6,mixtral:8x7b,liberal,5.0,catch
agreement,6,mixtral:8x7b,liberal,5.0,catch
agreement,6,mixtral:8x7b,liberal,5.0,catch
agreement,6,mixtral:8x7b,liberal,5.0,catch
agreement,6,mixtral:8x7b,liberal,5.0,catch
agreement,6,mixtral:8x7b,liberal,5.0,catch
agreement,6,mixtral:8x7b,liberal,5.0,catch
agreement,6,mixtral:8x7b,liberal,5.0,catch
agreement,6,mixtral:8x7b,liberal,5.0,catch
agreement,6,mixtral:8x7b,liberal,5.0,catch
agreement,6,mixtral:8x7b,liberal,5.0,catch
agreement,6,mixtral:8x7b,liberal,5.0,catch
agreement,6,mixtral:8x7b,liberal,5.0,catch
agreement,6,mixtral:8x7b,liberal,5.0,catch
agreement,6,mixtral:8x7b,liberal,5.0,catch
agreement,6,mixtral:8x7b,liberal,5.0,catch
agreement,6,mixtral:8x7b,liberal,5.0,catch
agreement,6,mixtral:8x7b,liberal,5.0,catch
agreement,6,mixtral:8x7b,liberal,5.0,catch
agreement,6,mixtral:8x7b,liberal,5.0,catch
agreement,6,mixtral:8x7b,liberal,5.0,catch
agreement,6,mixtral:8x7b,liberal,5.0,catch
agreement,6,mixtral:8x7b,liberal,5.0,catch
agreement,6,mixtral:8x7b,liberal,5.0,catch
agreement,6,mixtral:8x7b,liberal,5.0,catch
agreement,6,mixtral:8x7b,liberal,5.0,catch
agreement,6,mixtral:8x7b,liberal,5.0,catch
agreement,6,mixtral:8x7b,liberal,5.0,catch
agreement,6,mixtral:8x7b,liberal,5.0,catch
agreement,6,mixtral:8x7b,liberal,5.0,catch
agreement,6,mixtral:8x7b,liberal,5.0,catch
agreement,6,mixtral:8x7b,liberal,5.0,catch
agreement,6,mixtral:8x7b,liberal,5.0,catch
agreement,6,mixtral:8x7b,liberal,5.0,catch
agreement,6,mixtral:8x7b,liberal,5.0,catch
agreement,6,mixtral:8x7b,liberal,5.0,catch
agreement,6,mixtral:8x7b,liberal,5.0,catch
agreement,6,mixtral:8x7b,liberal,5.0,catch
agreement,6,mixtral:8x7b,liberal,5.0,catch
agreement,6,phi3:14b,conservative,5.0,catch
agreement,6,phi3:14b,conservative,5.0,catch
agreement,6,phi3:14b,conservative,5.0,catch
agreement,6,phi3:14b,conservative,5.0,catch
agreement,6,phi3:14b,conservative,5.0,catch
agreement,6,phi3:14b,conservative,5.0,catch
agreement,6,phi3:14b,conservative,5.0,catch
agreement,6,phi3:14b,conservative,5.0,catch
agreement,6,phi3:14b,conservative,5.0,catch
agreement,6,phi3:14b,conservative,5.0,catch
agreement,6,phi3:14b,conservative,5.0,catch
agreement,6,phi3:14b,conservative,5.0,catch
agreement,6,phi3:14b,conservative,5.0,catch
agreement,6,phi3:14b,conservative,5.0,catch
agreement,6,phi3:14b,conservative,5.0,catch
agreement,6,phi3:14b,conservative,5.0,catch
agreement,6,phi3:14b,conservative,5.0,catch
agreement,6,phi3:14b,conservative,5.0,catch
agreement,6,phi3:14b,conservative,5.0,catch
agreement,6,phi3:14b,conservative,5.0,catch
agreement,6,phi3:14b,conservative,5.0,catch
agreement,6,phi3:14b,conservative,5.0,catch
agreement,6,phi3:14b,conservative,5.0,catch
agreement,6,phi3:14b,conservative,5.0,catch
agreement,6,phi3:14b,conservative,5.0,catch
agreement,6,phi3:14b,conservative,5.0,catch
agreement,6,phi3:14b,conservative,5.0,catch
agreement,6,phi3:14b,conservative,5.0,catch
agreement,6,phi3:14b,conservative,5.0,catch
agreement,6,phi3:14b,conservative,5.0,catch
agreement,6,phi3:14b,conservative,5.0,catch
agreement,6,phi3:14b,conservative,5.0,catch
agreement,6,phi3:14b,conservative,5.0,catch
agreement,6,phi3:14b,conservative,5.0,catch
agreement,6,phi3:14b,conservative,5.0,catch
agreement,6,phi3:14b,conservative,5.0,catch
agreement,6,phi3:14b,conservative,5.0,catch
agreement,6,phi3:14b,conservative,5.0,catch
agreement,6,phi3:14b,conservative,5.0,catch
agreement,6,phi3:14b,conservative,5.0,catch
agreement,6,phi3:14b,conservative,5.0,catch
agreement,6,phi3:14b,conservative,5.0,catch
agreement,6,phi3:14b,conservative,5.0,catch
agreement,6,phi3:14b,conservative,5.0,catch
agreement,6,phi3:14b,conservative,5.0,catch
agreement,6,phi3:14b,conservative,5.0,catch
agreement,6,phi3:14b,conservative,5.0,catch
agreement,6,phi3:14b,conservative,5.0,catch
agreement,6,phi3:14b,conservative,5.0,catch
agreement,6,phi3:14b,conservative,5.0,catch
agreement,6,phi3:14b,moderate,5.0,catch
agreement,6,phi3:14b,moderate,5.0,catch
agreement,6,phi3:14b,moderate,5.0,catch
agreement,6,phi3:14b,moderate,5.0,catch
agreement,6,phi3:14b,moderate,5.0,catch
agreement,6,phi3:14b,moderate,5.0,catch
agreement,6,phi3:14b,moderate,5.0,catch
agreement,6,phi3:14b,moderate,5.0,catch
agreement,6,phi3:14b,moderate,5.0,catch
agreement,6,phi3:14b,moderate,5.0,catch
agreement,6,phi3:14b,moderate,5.0,catch
agreement,6,phi3:14b,moderate,5.0,catch
agreement,6,phi3:14b,moderate,5.0,catch
agreement,6,phi3:14b,moderate,5.0,catch
agreement,6,phi3:14b,moderate,5.0,catch
agreement,6,phi3:14b,moderate,5.0,catch
agreement,6,phi3:14b,moderate,5.0,catch
agreement,6,phi3:14b,moderate,5.0,catch
agreement,6,phi3:14b,moderate,5.0,catch
agreement,6,phi3:14b,moderate,5.0,catch
agreement,6,phi3:14b,moderate,5.0,catch
agreement,6,phi3:14b,moderate,5.0,catch
agreement,6,phi3:14b,moderate,5.0,catch
agreement,6,phi3:14b,moderate,5.0,catch
agreement,6,phi3:14b,moderate,5.0,catch
agreement,6,phi3:14b,moderate,5.0,catch
agreement,6,phi3:14b,moderate,5.0,catch
agreement,6,phi3:14b,moderate,5.0,catch
agreement,6,phi3:14b,moderate,5.0,catch
agreement,6,phi3:14b,moderate,5.0,catch
agreement,6,phi3:14b,moderate,5.0,catch
agreement,6,phi3:14b,moderate,5.0,catch
agreement,6,phi3:14b,moderate,5.0,catch
agreement,6,phi3:14b,moderate,5.0,catch
agreement,6,phi3:14b,moderate,5.0,catch
agreement,6,phi3:14b,moderate,5.0,catch
agreement,6,phi3:14b,moderate,5.0,catch
agreement,6,phi3:14b,moderate,5.0,catch
agreement,6,phi3:14b,moderate,5.0,catch
agreement,6,phi3:14b,moderate,5.0,catch
agreement,6,phi3:14b,moderate,5.0,catch
agreement,6,phi3:14b,moderate,5.0,catch
agreement,6,phi3:14b,moderate,5.0,catch
agreement,6,phi3:14b,moderate,5.0,catch
agreement,6,phi3:14b,moderate,5.0,catch
agreement,6,phi3:14b,moderate,5.0,catch
agreement,6,phi3:14b,moderate,5.0,catch
agreement,6,phi3:14b,moderate,5.0,catch
agreement,6,phi3:14b,moderate,5.0,catch
agreement,6,phi3:14b,moderate,5.0,catch
agreement,6,phi3:14b,liberal,5.0,catch
agreement,6,phi3:14b,liberal,5.0,catch
agreement,6,phi3:14b,liberal,5.0,catch
agreement,6,phi3:14b,liberal,5.0,catch
agreement,6,phi3:14b,liberal,5.0,catch
agreement,6,phi3:14b,liberal,5.0,catch
agreement,6,phi3:14b,liberal,5.0,catch
agreement,6,phi3:14b,liberal,5.0,catch
agreement,6,phi3:14b,liberal,5.0,catch
agreement,6,phi3:14b,liberal,5.0,catch
agreement,6,phi3:14b,liberal,5.0,catch
agreement,6,phi3:14b,liberal,5.0,catch
agreement,6,phi3:14b,liberal,5.0,catch
agreement,6,phi3:14b,liberal,5.0,catch
agreement,6,phi3:14b,liberal,5.0,catch
agreement,6,phi3:14b,liberal,5.0,catch
agreement,6,phi3:14b,liberal,5.0,catch
agreement,6,phi3:14b,liberal,5.0,catch
agreement,6,phi3:14b,liberal,5.0,catch
agreement,6,phi3:14b,liberal,5.0,catch
agreement,6,phi3:14b,liberal,5.0,catch
agreement,6,phi3:14b,liberal,5.0,catch
agreement,6,phi3:14b,liberal,5.0,catch
agreement,6,phi3:14b,liberal,5.0,catch
agreement,6,phi3:14b,liberal,5.0,catch
agreement,6,phi3:14b,liberal,5.0,catch
agreement,6,phi3:14b,liberal,5.0,catch
agreement,6,phi3:14b,liberal,5.0,catch
agreement,6,phi3:14b,liberal,5.0,catch
agreement,6,phi3:14b,liberal,5.0,catch
agreement,6,phi3:14b,liberal,5.0,catch
agreement,6,phi3:14b,liberal,5.0,catch
agreement,6,phi3:14b,liberal,5.0,catch
agreement,6,phi3:14b,liberal,5.0,catch
agreement,6,phi3:14b,liberal,5.0,catch
agreement,6,phi3:14b,liberal,5.0,catch
agreement,6,phi3:14b,liberal,5.0,catch
agreement,6,phi3:14b,liberal,5.0,catch
agreement,6,phi3:14b,liberal,5.0,catch
agreement,6,phi3:14b,liberal,5.0,catch
agreement,6,phi3:14b,liberal,5.0,catch
agreement,6,phi3:14b,liberal,5.0,catch
agreement,6,phi3:14b,liberal,5.0,catch
agreement,6,phi3:14b,liberal,5.0,catch
agreement,6,phi3:14b,liberal,5.0,catch
agreement,6,phi3:14b,liberal,5.0,catch
agreement,6,phi3:14b,liberal,5.0,catch
agreement,6,phi3:14b,liberal,5.0,catch
agreement,6,phi3:14b,liberal,5.0,catch
agreement,6,phi3:14b,liberal,5.0,catch
agreement,6,gemma:7b,conservative,5.0,catch
agreement,6,gemma:7b,conservative,5.0,catch
agreement,6,gemma:7b,conservative,5.0,catch
agreement,6,gemma:7b,conservative,5.0,catch
agreement,6,gemma:7b,conservative,5.0,catch
agreement,6,gemma:7b,conservative,5.0,catch
agreement,6,gemma:7b,conservative,5.0,catch
agreement,6,gemma:7b,conservative,5.0,catch
agreement,6,gemma:7b,conservative,5.0,catch
agreement,6,gemma:7b,conservative,5.0,catch
agreement,6,gemma:7b,conservative,5.0,catch
agreement,6,gemma:7b,conservative,5.0,catch
agreement,6,gemma:7b,conservative,5.0,catch
agreement,6,gemma:7b,conservative,5.0,catch
agreement,6,gemma:7b,conservative,5.0,catch
agreement,6,gemma:7b,conservative,5.0,catch
agreement,6,gemma:7b,conservative,5.0,catch
agreement,6,gemma:7b,conservative,5.0,catch
agreement,6,gemma:7b,conservative,5.0,catch
agreement,6,gemma:7b,conservative,5.0,catch
agreement,6,gemma:7b,conservative,5.0,catch
agreement,6,gemma:7b,conservative,5.0,catch
agreement,6,gemma:7b,conservative,5.0,catch
agreement,6,gemma:7b,conservative,5.0,catch
agreement,6,gemma:7b,conservative,5.0,catch
agreement,6,gemma:7b,conservative,5.0,catch
agreement,6,gemma:7b,conservative,5.0,catch
agreement,6,gemma:7b,conservative,5.0,catch
agreement,6,gemma:7b,conservative,5.0,catch
agreement,6,gemma:7b,conservative,5.0,catch
agreement,6,gemma:7b,conservative,5.0,catch
agreement,6,gemma:7b,conservative,5.0,catch
agreement,6,gemma:7b,conservative,5.0,catch
agreement,6,gemma:7b,conservative,5.0,catch
agreement,6,gemma:7b,conservative,5.0,catch
agreement,6,gemma:7b,conservative,5.0,catch
agreement,6,gemma:7b,conservative,5.0,catch
agreement,6,gemma:7b,conservative,5.0,catch
agreement,6,gemma:7b,conservative,5.0,catch
agreement,6,gemma:7b,conservative,5.0,catch
agreement,6,gemma:7b,conservative,5.0,catch
agreement,6,gemma:7b,conservative,5.0,catch
agreement,6,gemma:7b,conservative,5.0,catch
agreement,6,gemma:7b,conservative,5.0,catch
agreement,6,gemma:7b,conservative,5.0,catch
agreement,6,gemma:7b,conservative,5.0,catch
agreement,6,gemma:7b,conservative,5.0,catch
agreement,6,gemma:7b,conservative,5.0,catch
agreement,6,gemma:7b,conservative,5.0,catch
agreement,6,gemma:7b,conservative,5.0,catch
agreement,6,gemma:7b,moderate,5.0,catch
agreement,6,gemma:7b,moderate,5.0,catch
agreement,6,gemma:7b,moderate,5.0,catch
agreement,6,gemma:7b,moderate,5.0,catch
agreement,6,gemma:7b,moderate,5.0,catch
agreement,6,gemma:7b,moderate,5.0,catch
agreement,6,gemma:7b,moderate,5.0,catch
agreement,6,gemma:7b,moderate,5.0,catch
agreement,6,gemma:7b,moderate,5.0,catch
agreement,6,gemma:7b,moderate,5.0,catch
agreement,6,gemma:7b,moderate,5.0,catch
agreement,6,gemma:7b,moderate,5.0,catch
agreement,6,gemma:7b,moderate,5.0,catch
agreement,6,gemma:7b,moderate,5.0,catch
agreement,6,gemma:7b,moderate,5.0,catch
agreement,6,gemma:7b,moderate,5.0,catch
agreement,6,gemma:7b,moderate,5.0,catch
agreement,6,gemma:7b,moderate,5.0,catch
agreement,6,gemma:7b,moderate,5.0,catch
agreement,6,gemma:7b,moderate,5.0,catch
agreement,6,gemma:7b,moderate,5.0,catch
agreement,6,gemma:7b,moderate,5.0,catch
agreement,6,gemma:7b,moderate,5.0,catch
agreement,6,gemma:7b,moderate,5.0,catch
agreement,6,gemma:7b,moderate,5.0,catch
agreement,6,gemma:7b,moderate,5.0,catch
agreement,6,gemma:7b,moderate,5.0,catch
agreement,6,gemma:7b,moderate,5.0,catch
agreement,6,gemma:7b,moderate,5.0,catch
agreement,6,gemma:7b,moderate,5.0,catch
agreement,6,gemma:7b,moderate,5.0,catch
agreement,6,gemma:7b,moderate,5.0,catch
agreement,6,gemma:7b,moderate,5.0,catch
agreement,6,gemma:7b,moderate,5.0,catch
agreement,6,gemma:7b,moderate,5.0,catch
agreement,6,gemma:7b,moderate,5.0,catch
agreement,6,gemma:7b,moderate,5.0,catch
agreement,6,gemma:7b,moderate,5.0,catch
agreement,6,gemma:7b,moderate,5.0,catch
agreement,6,gemma:7b,moderate,5.0,catch
agreement,6,gemma:7b,moderate,5.0,catch
agreement,6,gemma:7b,moderate,5.0,catch
agreement,6,gemma:7b,moderate,5.0,catch
agreement,6,gemma:7b,moderate,5.0,catch
agreement,6,gemma:7b,moderate,5.0,catch
agreement,6,gemma:7b,moderate,5.0,catch
agreement,6,gemma:7b,moderate,5.0,catch
agreement,6,gemma:7b,moderate,5.0,catch
agreement,6,gemma:7b,moderate,5.0,catch
agreement,6,gemma:7b,moderate,5.0,catch
agreement,6,gemma:7b,liberal,5.0,catch
agreement,6,gemma:7b,liberal,5.0,catch
agreement,6,gemma:7b,liberal,5.0,catch
agreement,6,gemma:7b,liberal,5.0,catch
agreement,6,gemma:7b,liberal,5.0,catch
agreement,6,gemma:7b,liberal,5.0,catch
agreement,6,gemma:7b,liberal,5.0,catch
agreement,6,gemma:7b,liberal,5.0,catch
agreement,6,gemma:7b,liberal,5.0,catch
agreement,6,gemma:7b,liberal,5.0,catch
agreement,6,gemma:7b,liberal,5.0,catch
agreement,6,gemma:7b,liberal,5.0,catch
agreement,6,gemma:7b,liberal,5.0,catch
agreement,6,gemma:7b,liberal,5.0,catch
agreement,6,gemma:7b,liberal,5.0,catch
agreement,6,gemma:7b,liberal,5.0,catch
agreement,6,gemma:7b,liberal,5.0,catch
agreement,6,gemma:7b,liberal,5.0,catch
agreement,6,gemma:7b,liberal,5.0,catch
agreement,6,gemma:7b,liberal,5.0,catch
agreement,6,gemma:7b,liberal,5.0,catch
agreement,6,gemma:7b,liberal,5.0,catch
agreement,6,gemma:7b,liberal,5.0,catch
agreement,6,gemma:7b,liberal,5.0,catch
agreement,6,gemma:7b,liberal,5.0,catch
agreement,6,gemma:7b,liberal,5.0,catch
agreement,6,gemma:7b,liberal,5.0,catch
agreement,6,gemma:7b,liberal,5.0,catch
agreement,6,gemma:7b,liberal,5.0,catch
agreement,6,gemma:7b,liberal,5.0,catch
agreement,6,gemma:7b,liberal,5.0,catch
agreement,6,gemma:7b,liberal,5.0,catch
agreement,6,gemma:7b,liberal,5.0,catch
agreement,6,gemma:7b,liberal,5.0,catch
agreement,6,gemma:7b,liberal,5.0,catch
agreement,6,gemma:7b,liberal,5.0,catch
agreement,6,gemma:7b,liberal,5.0,catch
agreement,6,gemma:7b,liberal,5.0,catch
agreement,6,gemma:7b,liberal,5.0,catch
agreement,6,gemma:7b,liberal,5.0,catch
agreement,6,gemma:7b,liberal,5.0,catch
agreement,6,gemma:7b,liberal,5.0,catch
agreement,6,gemma:7b,liberal,5.0,catch
agreement,6,gemma:7b,liberal,5.0,catch
agreement,6,gemma:7b,liberal,5.0,catch
agreement,6,gemma:7b,liberal,5.0,catch
agreement,6,gemma:7b,liberal,5.0,catch
agreement,6,gemma:7b,liberal,5.0,catch
agreement,6,gemma:7b,liberal,5.0,catch
agreement,6,gemma:7b,liberal,5.0,catch
agreement,6,gemma2:27b,conservative,5.0,catch
agreement,6,gemma2:27b,conservative,5.0,catch
agreement,6,gemma2:27b,conservative,5.0,catch
agreement,6,gemma2:27b,conservative,5.0,catch
agreement,6,gemma2:27b,conservative,5.0,catch
agreement,6,gemma2:27b,conservative,5.0,catch
agreement,6,gemma2:27b,conservative,5.0,catch
agreement,6,gemma2:27b,conservative,5.0,catch
agreement,6,gemma2:27b,conservative,5.0,catch
agreement,6,gemma2:27b,conservative,5.0,catch
agreement,6,gemma2:27b,conservative,5.0,catch
agreement,6,gemma2:27b,conservative,5.0,catch
agreement,6,gemma2:27b,conservative,5.0,catch
agreement,6,gemma2:27b,conservative,5.0,catch
agreement,6,gemma2:27b,conservative,5.0,catch
agreement,6,gemma2:27b,conservative,5.0,catch
agreement,6,gemma2:27b,conservative,5.0,catch
agreement,6,gemma2:27b,conservative,5.0,catch
agreement,6,gemma2:27b,conservative,5.0,catch
agreement,6,gemma2:27b,conservative,5.0,catch
agreement,6,gemma2:27b,conservative,5.0,catch
agreement,6,gemma2:27b,conservative,5.0,catch
agreement,6,gemma2:27b,conservative,5.0,catch
agreement,6,gemma2:27b,conservative,5.0,catch
agreement,6,gemma2:27b,conservative,5.0,catch
agreement,6,gemma2:27b,conservative,5.0,catch
agreement,6,gemma2:27b,conservative,5.0,catch
agreement,6,gemma2:27b,conservative,5.0,catch
agreement,6,gemma2:27b,conservative,5.0,catch
agreement,6,gemma2:27b,conservative,5.0,catch
agreement,6,gemma2:27b,conservative,5.0,catch
agreement,6,gemma2:27b,conservative,5.0,catch
agreement,6,gemma2:27b,conservative,5.0,catch
agreement,6,gemma2:27b,conservative,5.0,catch
agreement,6,gemma2:27b,conservative,5.0,catch
agreement,6,gemma2:27b,conservative,5.0,catch
agreement,6,gemma2:27b,conservative,5.0,catch
agreement,6,gemma2:27b,conservative,5.0,catch
agreement,6,gemma2:27b,conservative,5.0,catch
agreement,6,gemma2:27b,conservative,5.0,catch
agreement,6,gemma2:27b,conservative,5.0,catch
agreement,6,gemma2:27b,conservative,5.0,catch
agreement,6,gemma2:27b,conservative,5.0,catch
agreement,6,gemma2:27b,conservative,5.0,catch
agreement,6,gemma2:27b,conservative,5.0,catch
agreement,6,gemma2:27b,conservative,5.0,catch
agreement,6,gemma2:27b,conservative,5.0,catch
agreement,6,gemma2:27b,conservative,5.0,catch
agreement,6,gemma2:27b,conservative,5.0,catch
agreement,6,gemma2:27b,conservative,5.0,catch
agreement,6,gemma2:27b,moderate,5.0,catch
agreement,6,gemma2:27b,moderate,5.0,catch
agreement,6,gemma2:27b,moderate,5.0,catch
agreement,6,gemma2:27b,moderate,5.0,catch
agreement,6,gemma2:27b,moderate,5.0,catch
agreement,6,gemma2:27b,moderate,5.0,catch
agreement,6,gemma2:27b,moderate,5.0,catch
agreement,6,gemma2:27b,moderate,5.0,catch
agreement,6,gemma2:27b,moderate,5.0,catch
agreement,6,gemma2:27b,moderate,5.0,catch
agreement,6,gemma2:27b,moderate,5.0,catch
agreement,6,gemma2:27b,moderate,5.0,catch
agreement,6,gemma2:27b,moderate,5.0,catch
agreement,6,gemma2:27b,moderate,5.0,catch
agreement,6,gemma2:27b,moderate,5.0,catch
agreement,6,gemma2:27b,moderate,5.0,catch
agreement,6,gemma2:27b,moderate,5.0,catch
agreement,6,gemma2:27b,moderate,5.0,catch
agreement,6,gemma2:27b,moderate,5.0,catch
agreement,6,gemma2:27b,moderate,5.0,catch
agreement,6,gemma2:27b,moderate,5.0,catch
agreement,6,gemma2:27b,moderate,5.0,catch
agreement,6,gemma2:27b,moderate,5.0,catch
agreement,6,gemma2:27b,moderate,5.0,catch
agreement,6,gemma2:27b,moderate,5.0,catch
agreement,6,gemma2:27b,moderate,5.0,catch
agreement,6,gemma2:27b,moderate,5.0,catch
agreement,6,gemma2:27b,moderate,5.0,catch
agreement,6,gemma2:27b,moderate,5.0,catch
agreement,6,gemma2:27b,moderate,5.0,catch
agreement,6,gemma2:27b,moderate,5.0,catch
agreement,6,gemma2:27b,moderate,5.0,catch
agreement,6,gemma2:27b,moderate,5.0,catch
agreement,6,gemma2:27b,moderate,5.0,catch
agreement,6,gemma2:27b,moderate,5.0,catch
agreement,6,gemma2:27b,moderate,5.0,catch
agreement,6,gemma2:27b,moderate,5.0,catch
agreement,6,gemma2:27b,moderate,5.0,catch
agreement,6,gemma2:27b,moderate,5.0,catch
agreement,6,gemma2:27b,moderate,5.0,catch
agreement,6,gemma2:27b,moderate,5.0,catch
agreement,6,gemma2:27b,moderate,5.0,catch
agreement,6,gemma2:27b,moderate,5.0,catch
agreement,6,gemma2:27b,moderate,5.0,catch
agreement,6,gemma2:27b,moderate,5.0,catch
agreement,6,gemma2:27b,moderate,5.0,catch
agreement,6,gemma2:27b,moderate,5.0,catch
agreement,6,gemma2:27b,moderate,5.0,catch
agreement,6,gemma2:27b,moderate,5.0,catch
agreement,6,gemma2:27b,moderate,5.0,catch
agreement,6,gemma2:27b,liberal,5.0,catch
agreement,6,gemma2:27b,liberal,5.0,catch
agreement,6,gemma2:27b,liberal,5.0,catch
agreement,6,gemma2:27b,liberal,5.0,catch
agreement,6,gemma2:27b,liberal,5.0,catch
agreement,6,gemma2:27b,liberal,5.0,catch
agreement,6,gemma2:27b,liberal,5.0,catch
agreement,6,gemma2:27b,liberal,5.0,catch
agreement,6,gemma2:27b,liberal,5.0,catch
agreement,6,gemma2:27b,liberal,5.0,catch
agreement,6,gemma2:27b,liberal,5.0,catch
agreement,6,gemma2:27b,liberal,5.0,catch
agreement,6,gemma2:27b,liberal,5.0,catch
agreement,6,gemma2:27b,liberal,5.0,catch
agreement,6,gemma2:27b,liberal,5.0,catch
agreement,6,gemma2:27b,liberal,5.0,catch
agreement,6,gemma2:27b,liberal,5.0,catch
agreement,6,gemma2:27b,liberal,5.0,catch
agreement,6,gemma2:27b,liberal,5.0,catch
agreement,6,gemma2:27b,liberal,5.0,catch
agreement,6,gemma2:27b,liberal,5.0,catch
agreement,6,gemma2:27b,liberal,5.0,catch
agreement,6,gemma2:27b,liberal,5.0,catch
agreement,6,gemma2:27b,liberal,5.0,catch
agreement,6,gemma2:27b,liberal,5.0,catch
agreement,6,gemma2:27b,liberal,5.0,catch
agreement,6,gemma2:27b,liberal,5.0,catch
agreement,6,gemma2:27b,liberal,5.0,catch
agreement,6,gemma2:27b,liberal,5.0,catch
agreement,6,gemma2:27b,liberal,5.0,catch
agreement,6,gemma2:27b,liberal,5.0,catch
agreement,6,gemma2:27b,liberal,5.0,catch
agreement,6,gemma2:27b,liberal,5.0,catch
agreement,6,gemma2:27b,liberal,5.0,catch
agreement,6,gemma2:27b,liberal,5.0,catch
agreement,6,gemma2:27b,liberal,5.0,catch
agreement,6,gemma2:27b,liberal,5.0,catch
agreement,6,gemma2:27b,liberal,5.0,catch
agreement,6,gemma2:27b,liberal,5.0,catch
agreement,6,gemma2:27b,liberal,5.0,catch
agreement,6,gemma2:27b,liberal,5.0,catch
agreement,6,gemma2:27b,liberal,5.0,catch
agreement,6,gemma2:27b,liberal,5.0,catch
agreement,6,gemma2:27b,liberal,5.0,catch
agreement,6,gemma2:27b,liberal,5.0,catch
agreement,6,gemma2:27b,liberal,5.0,catch
agreement,6,gemma2:27b,liberal,5.0,catch
agreement,6,gemma2:27b,liberal,5.0,catch
agreement,6,gemma2:27b,liberal,5.0,catch
agreement,6,gemma2:27b,liberal,5.0,catch
agreement,6,qwen:72b,conservative,5.0,catch
agreement,6,qwen:72b,conservative,5.0,catch
agreement,6,qwen:72b,conservative,5.0,catch
agreement,6,qwen:72b,conservative,5.0,catch
agreement,6,qwen:72b,conservative,5.0,catch
agreement,6,qwen:72b,conservative,5.0,catch
agreement,6,qwen:72b,conservative,5.0,catch
agreement,6,qwen:72b,conservative,5.0,catch
agreement,6,qwen:72b,conservative,5.0,catch
agreement,6,qwen:72b,conservative,5.0,catch
agreement,6,qwen:72b,conservative,5.0,catch
agreement,6,qwen:72b,conservative,5.0,catch
agreement,6,qwen:72b,conservative,5.0,catch
agreement,6,qwen:72b,conservative,5.0,catch
agreement,6,qwen:72b,conservative,5.0,catch
agreement,6,qwen:72b,conservative,5.0,catch
agreement,6,qwen:72b,conservative,5.0,catch
agreement,6,qwen:72b,conservative,5.0,catch
agreement,6,qwen:72b,conservative,5.0,catch
agreement,6,qwen:72b,conservative,5.0,catch
agreement,6,qwen:72b,conservative,5.0,catch
agreement,6,qwen:72b,conservative,5.0,catch
agreement,6,qwen:72b,conservative,5.0,catch
agreement,6,qwen:72b,conservative,5.0,catch
agreement,6,qwen:72b,conservative,5.0,catch
agreement,6,qwen:72b,conservative,5.0,catch
agreement,6,qwen:72b,conservative,5.0,catch
agreement,6,qwen:72b,conservative,5.0,catch
agreement,6,qwen:72b,conservative,5.0,catch
agreement,6,qwen:72b,conservative,5.0,catch
agreement,6,qwen:72b,conservative,5.0,catch
agreement,6,qwen:72b,conservative,5.0,catch
agreement,6,qwen:72b,conservative,5.0,catch
agreement,6,qwen:72b,conservative,5.0,catch
agreement,6,qwen:72b,conservative,5.0,catch
agreement,6,qwen:72b,conservative,5.0,catch
agreement,6,qwen:72b,conservative,5.0,catch
agreement,6,qwen:72b,conservative,5.0,catch
agreement,6,qwen:72b,conservative,5.0,catch
agreement,6,qwen:72b,conservative,5.0,catch
agreement,6,qwen:72b,conservative,5.0,catch
agreement,6,qwen:72b,conservative,5.0,catch
agreement,6,qwen:72b,conservative,5.0,catch
agreement,6,qwen:72b,conservative,5.0,catch
agreement,6,qwen:72b,conservative,5.0,catch
agreement,6,qwen:72b,conservative,5.0,catch
agreement,6,qwen:72b,conservative,5.0,catch
agreement,6,qwen:72b,conservative,5.0,catch
agreement,6,qwen:72b,conservative,5.0,catch
agreement,6,qwen:72b,conservative,5.0,catch
agreement,6,qwen:72b,moderate,5.0,catch
agreement,6,qwen:72b,moderate,5.0,catch
agreement,6,qwen:72b,moderate,5.0,catch
agreement,6,qwen:72b,moderate,5.0,catch
agreement,6,qwen:72b,moderate,5.0,catch
agreement,6,qwen:72b,moderate,5.0,catch
agreement,6,qwen:72b,moderate,5.0,catch
agreement,6,qwen:72b,moderate,5.0,catch
agreement,6,qwen:72b,moderate,5.0,catch
agreement,6,qwen:72b,moderate,5.0,catch
agreement,6,qwen:72b,moderate,5.0,catch
agreement,6,qwen:72b,moderate,5.0,catch
agreement,6,qwen:72b,moderate,5.0,catch
agreement,6,qwen:72b,moderate,5.0,catch
agreement,6,qwen:72b,moderate,5.0,catch
agreement,6,qwen:72b,moderate,5.0,catch
agreement,6,qwen:72b,moderate,5.0,catch
agreement,6,qwen:72b,moderate,5.0,catch
agreement,6,qwen:72b,moderate,5.0,catch
agreement,6,qwen:72b,moderate,5.0,catch
agreement,6,qwen:72b,moderate,5.0,catch
agreement,6,qwen:72b,moderate,5.0,catch
agreement,6,qwen:72b,moderate,5.0,catch
agreement,6,qwen:72b,moderate,5.0,catch
agreement,6,qwen:72b,moderate,5.0,catch
agreement,6,qwen:72b,moderate,5.0,catch
agreement,6,qwen:72b,moderate,5.0,catch
agreement,6,qwen:72b,moderate,5.0,catch
agreement,6,qwen:72b,moderate,5.0,catch
agreement,6,qwen:72b,moderate,5.0,catch
agreement,6,qwen:72b,moderate,5.0,catch
agreement,6,qwen:72b,moderate,5.0,catch
agreement,6,qwen:72b,moderate,5.0,catch
agreement,6,qwen:72b,moderate,5.0,catch
agreement,6,qwen:72b,moderate,5.0,catch
agreement,6,qwen:72b,moderate,5.0,catch
agreement,6,qwen:72b,moderate,5.0,catch
agreement,6,qwen:72b,moderate,5.0,catch
agreement,6,qwen:72b,moderate,5.0,catch
agreement,6,qwen:72b,moderate,5.0,catch
agreement,6,qwen:72b,moderate,5.0,catch
agreement,6,qwen:72b,moderate,5.0,catch
agreement,6,qwen:72b,moderate,5.0,catch
agreement,6,qwen:72b,moderate,5.0,catch
agreement,6,qwen:72b,moderate,5.0,catch
agreement,6,qwen:72b,moderate,5.0,catch
agreement,6,qwen:72b,moderate,5.0,catch
agreement,6,qwen:72b,moderate,5.0,catch
agreement,6,qwen:72b,moderate,5.0,catch
agreement,6,qwen:72b,moderate,5.0,catch
agreement,6,qwen:72b,liberal,5.0,catch
agreement,6,qwen:72b,liberal,5.0,catch
agreement,6,qwen:72b,liberal,5.0,catch
agreement,6,qwen:72b,liberal,5.0,catch
agreement,6,qwen:72b,liberal,5.0,catch
agreement,6,qwen:72b,liberal,5.0,catch
agreement,6,qwen:72b,liberal,5.0,catch
agreement,6,qwen:72b,liberal,5.0,catch
agreement,6,qwen:72b,liberal,5.0,catch
agreement,6,qwen:72b,liberal,5.0,catch
agreement,6,qwen:72b,liberal,5.0,catch
agreement,6,qwen:72b,liberal,5.0,catch
agreement,6,qwen:72b,liberal,5.0,catch
agreement,6,qwen:72b,liberal,5.0,catch
agreement,6,qwen:72b,liberal,5.0,catch
agreement,6,qwen:72b,liberal,5.0,catch
agreement,6,qwen:72b,liberal,5.0,catch
agreement,6,qwen:72b,liberal,5.0,catch
agreement,6,qwen:72b,liberal,5.0,catch
agreement,6,qwen:72b,liberal,5.0,catch
agreement,6,qwen:72b,liberal,5.0,catch
agreement,6,qwen:72b,liberal,5.0,catch
agreement,6,qwen:72b,liberal,5.0,catch
agreement,6,qwen:72b,liberal,5.0,catch
agreement,6,qwen:72b,liberal,5.0,catch
agreement,6,qwen:72b,liberal,5.0,catch
agreement,6,qwen:72b,liberal,5.0,catch
agreement,6,qwen:72b,liberal,5.0,catch
agreement,6,qwen:72b,liberal,5.0,catch
agreement,6,qwen:72b,liberal,5.0,catch
agreement,6,qwen:72b,liberal,5.0,catch
agreement,6,qwen:72b,liberal,5.0,catch
agreement,6,qwen:72b,liberal,5.0,catch
agreement,6,qwen:72b,liberal,5.0,catch
agreement,6,qwen:72b,liberal,5.0,catch
agreement,6,qwen:72b,liberal,5.0,catch
agreement,6,qwen:72b,liberal,5.0,catch
agreement,6,qwen:72b,liberal,5.0,catch
agreement,6,qwen:72b,liberal,5.0,catch
agreement,6,qwen:72b,liberal,5.0,catch
agreement,6,qwen:72b,liberal,5.0,catch
agreement,6,qwen:72b,liberal,5.0,catch
agreement,6,qwen:72b,liberal,5.0,catch
agreement,6,qwen:72b,liberal,5.0,catch
agreement,6,qwen:72b,liberal,5.0,catch
agreement,6,qwen:72b,liberal,5.0,catch
agreement,6,qwen:72b,liberal,5.0,catch
agreement,6,qwen:72b,liberal,5.0,catch
agreement,6,qwen:72b,liberal,5.0,catch
agreement,6,qwen:72b,liberal,5.0,catch
agreement,6,qwen2:72b,conservative,5.0,catch
agreement,6,qwen2:72b,conservative,5.0,catch
agreement,6,qwen2:72b,conservative,5.0,catch
agreement,6,qwen2:72b,conservative,5.0,catch
agreement,6,qwen2:72b,conservative,5.0,catch
agreement,6,qwen2:72b,conservative,5.0,catch
agreement,6,qwen2:72b,conservative,5.0,catch
agreement,6,qwen2:72b,conservative,5.0,catch
agreement,6,qwen2:72b,conservative,5.0,catch
agreement,6,qwen2:72b,conservative,5.0,catch
agreement,6,qwen2:72b,conservative,5.0,catch
agreement,6,qwen2:72b,conservative,5.0,catch
agreement,6,qwen2:72b,conservative,5.0,catch
agreement,6,qwen2:72b,conservative,5.0,catch
agreement,6,qwen2:72b,conservative,5.0,catch
agreement,6,qwen2:72b,conservative,5.0,catch
agreement,6,qwen2:72b,conservative,5.0,catch
agreement,6,qwen2:72b,conservative,5.0,catch
agreement,6,qwen2:72b,conservative,5.0,catch
agreement,6,qwen2:72b,conservative,5.0,catch
agreement,6,qwen2:72b,conservative,5.0,catch
agreement,6,qwen2:72b,conservative,5.0,catch
agreement,6,qwen2:72b,conservative,5.0,catch
agreement,6,qwen2:72b,conservative,5.0,catch
agreement,6,qwen2:72b,conservative,5.0,catch
agreement,6,qwen2:72b,conservative,5.0,catch
agreement,6,qwen2:72b,conservative,5.0,catch
agreement,6,qwen2:72b,conservative,5.0,catch
agreement,6,qwen2:72b,conservative,5.0,catch
agreement,6,qwen2:72b,conservative,5.0,catch
agreement,6,qwen2:72b,conservative,5.0,catch
agreement,6,qwen2:72b,conservative,5.0,catch
agreement,6,qwen2:72b,conservative,5.0,catch
agreement,6,qwen2:72b,conservative,5.0,catch
agreement,6,qwen2:72b,conservative,5.0,catch
agreement,6,qwen2:72b,conservative,5.0,catch
agreement,6,qwen2:72b,conservative,5.0,catch
agreement,6,qwen2:72b,conservative,5.0,catch
agreement,6,qwen2:72b,conservative,5.0,catch
agreement,6,qwen2:72b,conservative,5.0,catch
agreement,6,qwen2:72b,conservative,5.0,catch
agreement,6,qwen2:72b,conservative,5.0,catch
agreement,6,qwen2:72b,conservative,5.0,catch
agreement,6,qwen2:72b,conservative,5.0,catch
agreement,6,qwen2:72b,conservative,5.0,catch
agreement,6,qwen2:72b,conservative,5.0,catch
agreement,6,qwen2:72b,conservative,5.0,catch
agreement,6,qwen2:72b,conservative,5.0,catch
agreement,6,qwen2:72b,conservative,5.0,catch
agreement,6,qwen2:72b,conservative,5.0,catch
agreement,6,qwen2:72b,moderate,5.0,catch
agreement,6,qwen2:72b,moderate,5.0,catch
agreement,6,qwen2:72b,moderate,5.0,catch
agreement,6,qwen2:72b,moderate,5.0,catch
agreement,6,qwen2:72b,moderate,5.0,catch
agreement,6,qwen2:72b,moderate,5.0,catch
agreement,6,qwen2:72b,moderate,5.0,catch
agreement,6,qwen2:72b,moderate,5.0,catch
agreement,6,qwen2:72b,moderate,5.0,catch
agreement,6,qwen2:72b,moderate,5.0,catch
agreement,6,qwen2:72b,moderate,5.0,catch
agreement,6,qwen2:72b,moderate,5.0,catch
agreement,6,qwen2:72b,moderate,5.0,catch
agreement,6,qwen2:72b,moderate,5.0,catch
agreement,6,qwen2:72b,moderate,5.0,catch
agreement,6,qwen2:72b,moderate,5.0,catch
agreement,6,qwen2:72b,moderate,5.0,catch
agreement,6,qwen2:72b,moderate,5.0,catch
agreement,6,qwen2:72b,moderate,5.0,catch
agreement,6,qwen2:72b,moderate,5.0,catch
agreement,6,qwen2:72b,moderate,5.0,catch
agreement,6,qwen2:72b,moderate,5.0,catch
agreement,6,qwen2:72b,moderate,5.0,catch
agreement,6,qwen2:72b,moderate,5.0,catch
agreement,6,qwen2:72b,moderate,5.0,catch
agreement,6,qwen2:72b,moderate,5.0,catch
agreement,6,qwen2:72b,moderate,5.0,catch
agreement,6,qwen2:72b,moderate,5.0,catch
agreement,6,qwen2:72b,moderate,5.0,catch
agreement,6,qwen2:72b,moderate,5.0,catch
agreement,6,qwen2:72b,moderate,5.0,catch
agreement,6,qwen2:72b,moderate,5.0,catch
agreement,6,qwen2:72b,moderate,5.0,catch
agreement,6,qwen2:72b,moderate,5.0,catch
agreement,6,qwen2:72b,moderate,5.0,catch
agreement,6,qwen2:72b,moderate,5.0,catch
agreement,6,qwen2:72b,moderate,5.0,catch
agreement,6,qwen2:72b,moderate,5.0,catch
agreement,6,qwen2:72b,moderate,5.0,catch
agreement,6,qwen2:72b,moderate,5.0,catch
agreement,6,qwen2:72b,moderate,5.0,catch
agreement,6,qwen2:72b,moderate,5.0,catch
agreement,6,qwen2:72b,moderate,5.0,catch
agreement,6,qwen2:72b,moderate,5.0,catch
agreement,6,qwen2:72b,moderate,5.0,catch
agreement,6,qwen2:72b,moderate,5.0,catch
agreement,6,qwen2:72b,moderate,5.0,catch
agreement,6,qwen2:72b,moderate,5.0,catch
agreement,6,qwen2:72b,moderate,5.0,catch
agreement,6,qwen2:72b,moderate,5.0,catch
agreement,6,qwen2:72b,liberal,5.0,catch
agreement,6,qwen2:72b,liberal,5.0,catch
agreement,6,qwen2:72b,liberal,5.0,catch
agreement,6,qwen2:72b,liberal,5.0,catch
agreement,6,qwen2:72b,liberal,5.0,catch
agreement,6,qwen2:72b,liberal,5.0,catch
agreement,6,qwen2:72b,liberal,5.0,catch
agreement,6,qwen2:72b,liberal,5.0,catch
agreement,6,qwen2:72b,liberal,5.0,catch
agreement,6,qwen2:72b,liberal,5.0,catch
agreement,6,qwen2:72b,liberal,5.0,catch
agreement,6,qwen2:72b,liberal,5.0,catch
agreement,6,qwen2:72b,liberal,5.0,catch
agreement,6,qwen2:72b,liberal,5.0,catch
agreement,6,qwen2:72b,liberal,5.0,catch
agreement,6,qwen2:72b,liberal,5.0,catch
agreement,6,qwen2:72b,liberal,5.0,catch
agreement,6,qwen2:72b,liberal,5.0,catch
agreement,6,qwen2:72b,liberal,5.0,catch
agreement,6,qwen2:72b,liberal,5.0,catch
agreement,6,qwen2:72b,liberal,5.0,catch
agreement,6,qwen2:72b,liberal,5.0,catch
agreement,6,qwen2:72b,liberal,5.0,catch
agreement,6,qwen2:72b,liberal,5.0,catch
agreement,6,qwen2:72b,liberal,5.0,catch
agreement,6,qwen2:72b,liberal,5.0,catch
agreement,6,qwen2:72b,liberal,5.0,catch
agreement,6,qwen2:72b,liberal,5.0,catch
agreement,6,qwen2:72b,liberal,5.0,catch
agreement,6,qwen2:72b,liberal,5.0,catch
agreement,6,qwen2:72b,liberal,5.0,catch
agreement,6,qwen2:72b,liberal,5.0,catch
agreement,6,qwen2:72b,liberal,5.0,catch
agreement,6,qwen2:72b,liberal,5.0,catch
agreement,6,qwen2:72b,liberal,5.0,catch
agreement,6,qwen2:72b,liberal,5.0,catch
agreement,6,qwen2:72b,liberal,5.0,catch
agreement,6,qwen2:72b,liberal,5.0,catch
agreement,6,qwen2:72b,liberal,5.0,catch
agreement,6,qwen2:72b,liberal,5.0,catch
agreement,6,qwen2:72b,liberal,5.0,catch
agreement,6,qwen2:72b,liberal,5.0,catch
agreement,6,qwen2:72b,liberal,5.0,catch
agreement,6,qwen2:72b,liberal,5.0,catch
agreement,6,qwen2:72b,liberal,5.0,catch
agreement,6,qwen2:72b,liberal,5.0,catch
agreement,6,qwen2:72b,liberal,5.0,catch
agreement,6,qwen2:72b,liberal,5.0,catch
agreement,6,qwen2:72b,liberal,5.0,catch
agreement,6,qwen2:72b,liberal,5.0,catch
agreement,7,llama3.1:8b,conservative,5.0,harm
agreement,7,llama3.1:8b,conservative,5.0,harm
agreement,7,llama3.1:8b,conservative,5.0,harm
agreement,7,llama3.1:8b,conservative,5.0,harm
agreement,7,llama3.1:8b,conservative,5.0,harm
agreement,7,llama3.1:8b,conservative,5.0,harm
agreement,7,llama3.1:8b,conservative,5.0,harm
agreement,7,llama3.1:8b,conservative,5.0,harm
agreement,7,llama3.1:8b,conservative,5.0,harm
agreement,7,llama3.1:8b,conservative,5.0,harm
agreement,7,llama3.1:8b,conservative,5.0,harm
agreement,7,llama3.1:8b,conservative,5.0,harm
agreement,7,llama3.1:8b,conservative,5.0,harm
agreement,7,llama3.1:8b,conservative,5.0,harm
agreement,7,llama3.1:8b,conservative,5.0,harm
agreement,7,llama3.1:8b,conservative,5.0,harm
agreement,7,llama3.1:8b,conservative,5.0,harm
agreement,7,llama3.1:8b,conservative,5.0,harm
agreement,7,llama3.1:8b,conservative,5.0,harm
agreement,7,llama3.1:8b,conservative,5.0,harm
agreement,7,llama3.1:8b,conservative,5.0,harm
agreement,7,llama3.1:8b,conservative,5.0,harm
agreement,7,llama3.1:8b,conservative,5.0,harm
agreement,7,llama3.1:8b,conservative,5.0,harm
agreement,7,llama3.1:8b,conservative,5.0,harm
agreement,7,llama3.1:8b,conservative,5.0,harm
agreement,7,llama3.1:8b,conservative,5.0,harm
agreement,7,llama3.1:8b,conservative,5.0,harm
agreement,7,llama3.1:8b,conservative,5.0,harm
agreement,7,llama3.1:8b,conservative,5.0,harm
agreement,7,llama3.1:8b,conservative,5.0,harm
agreement,7,llama3.1:8b,conservative,5.0,harm
agreement,7,llama3.1:8b,conservative,5.0,harm
agreement,7,llama3.1:8b,conservative,5.0,harm
agreement,7,llama3.1:8b,conservative,5.0,harm
agreement,7,llama3.1:8b,conservative,5.0,harm
agreement,7,llama3.1:8b,conservative,5.0,harm
agreement,7,llama3.1:8b,conservative,5.0,harm
agreement,7,llama3.1:8b,conservative,5.0,harm
agreement,7,llama3.1:8b,conservative,5.0,harm
agreement,7,llama3.1:8b,conservative,5.0,harm
agreement,7,llama3.1:8b,conservative,5.0,harm
agreement,7,llama3.1:8b,conservative,5.0,harm
agreement,7,llama3.1:8b,conservative,5.0,harm
agreement,7,llama3.1:8b,conservative,5.0,harm
agreement,7,llama3.1:8b,conservative,5.0,harm
agreement,7,llama3.1:8b,conservative,5.0,harm
agreement,7,llama3.1:8b,conservative,5.0,harm
agreement,7,llama3.1:8b,conservative,5.0,harm
agreement,7,llama3.1:8b,conservative,5.0,harm
agreement,7,llama3.1:8b,moderate,5.0,harm
agreement,7,llama3.1:8b,moderate,5.0,harm
agreement,7,llama3.1:8b,moderate,5.0,harm
agreement,7,llama3.1:8b,moderate,5.0,harm
agreement,7,llama3.1:8b,moderate,5.0,harm
agreement,7,llama3.1:8b,moderate,5.0,harm
agreement,7,llama3.1:8b,moderate,5.0,harm
agreement,7,llama3.1:8b,moderate,5.0,harm
agreement,7,llama3.1:8b,moderate,5.0,harm
agreement,7,llama3.1:8b,moderate,5.0,harm
agreement,7,llama3.1:8b,moderate,5.0,harm
agreement,7,llama3.1:8b,moderate,5.0,harm
agreement,7,llama3.1:8b,moderate,5.0,harm
agreement,7,llama3.1:8b,moderate,5.0,harm
agreement,7,llama3.1:8b,moderate,5.0,harm
agreement,7,llama3.1:8b,moderate,5.0,harm
agreement,7,llama3.1:8b,moderate,5.0,harm
agreement,7,llama3.1:8b,moderate,5.0,harm
agreement,7,llama3.1:8b,moderate,5.0,harm
agreement,7,llama3.1:8b,moderate,5.0,harm
agreement,7,llama3.1:8b,moderate,5.0,harm
agreement,7,llama3.1:8b,moderate,5.0,harm
agreement,7,llama3.1:8b,moderate,5.0,harm
agreement,7,llama3.1:8b,moderate,5.0,harm
agreement,7,llama3.1:8b,moderate,5.0,harm
agreement,7,llama3.1:8b,moderate,5.0,harm
agreement,7,llama3.1:8b,moderate,5.0,harm
agreement,7,llama3.1:8b,moderate,5.0,harm
agreement,7,llama3.1:8b,moderate,5.0,harm
agreement,7,llama3.1:8b,moderate,5.0,harm
agreement,7,llama3.1:8b,moderate,5.0,harm
agreement,7,llama3.1:8b,moderate,5.0,harm
agreement,7,llama3.1:8b,moderate,5.0,harm
agreement,7,llama3.1:8b,moderate,5.0,harm
agreement,7,llama3.1:8b,moderate,5.0,harm
agreement,7,llama3.1:8b,moderate,5.0,harm
agreement,7,llama3.1:8b,moderate,5.0,harm
agreement,7,llama3.1:8b,moderate,5.0,harm
agreement,7,llama3.1:8b,moderate,5.0,harm
agreement,7,llama3.1:8b,moderate,5.0,harm
agreement,7,llama3.1:8b,moderate,5.0,harm
agreement,7,llama3.1:8b,moderate,5.0,harm
agreement,7,llama3.1:8b,moderate,5.0,harm
agreement,7,llama3.1:8b,moderate,5.0,harm
agreement,7,llama3.1:8b,moderate,5.0,harm
agreement,7,llama3.1:8b,moderate,5.0,harm
agreement,7,llama3.1:8b,moderate,5.0,harm
agreement,7,llama3.1:8b,moderate,5.0,harm
agreement,7,llama3.1:8b,moderate,5.0,harm
agreement,7,llama3.1:8b,moderate,5.0,harm
agreement,7,llama3.1:8b,liberal,5.0,harm
agreement,7,llama3.1:8b,liberal,5.0,harm
agreement,7,llama3.1:8b,liberal,5.0,harm
agreement,7,llama3.1:8b,liberal,5.0,harm
agreement,7,llama3.1:8b,liberal,5.0,harm
agreement,7,llama3.1:8b,liberal,5.0,harm
agreement,7,llama3.1:8b,liberal,5.0,harm
agreement,7,llama3.1:8b,liberal,5.0,harm
agreement,7,llama3.1:8b,liberal,5.0,harm
agreement,7,llama3.1:8b,liberal,5.0,harm
agreement,7,llama3.1:8b,liberal,5.0,harm
agreement,7,llama3.1:8b,liberal,5.0,harm
agreement,7,llama3.1:8b,liberal,5.0,harm
agreement,7,llama3.1:8b,liberal,5.0,harm
agreement,7,llama3.1:8b,liberal,5.0,harm
agreement,7,llama3.1:8b,liberal,5.0,harm
agreement,7,llama3.1:8b,liberal,5.0,harm
agreement,7,llama3.1:8b,liberal,5.0,harm
agreement,7,llama3.1:8b,liberal,5.0,harm
agreement,7,llama3.1:8b,liberal,5.0,harm
agreement,7,llama3.1:8b,liberal,5.0,harm
agreement,7,llama3.1:8b,liberal,5.0,harm
agreement,7,llama3.1:8b,liberal,5.0,harm
agreement,7,llama3.1:8b,liberal,5.0,harm
agreement,7,llama3.1:8b,liberal,5.0,harm
agreement,7,llama3.1:8b,liberal,5.0,harm
agreement,7,llama3.1:8b,liberal,5.0,harm
agreement,7,llama3.1:8b,liberal,5.0,harm
agreement,7,llama3.1:8b,liberal,5.0,harm
agreement,7,llama3.1:8b,liberal,5.0,harm
agreement,7,llama3.1:8b,liberal,5.0,harm
agreement,7,llama3.1:8b,liberal,5.0,harm
agreement,7,llama3.1:8b,liberal,5.0,harm
agreement,7,llama3.1:8b,liberal,5.0,harm
agreement,7,llama3.1:8b,liberal,5.0,harm
agreement,7,llama3.1:8b,liberal,5.0,harm
agreement,7,llama3.1:8b,liberal,5.0,harm
agreement,7,llama3.1:8b,liberal,5.0,harm
agreement,7,llama3.1:8b,liberal,5.0,harm
agreement,7,llama3.1:8b,liberal,5.0,harm
agreement,7,llama3.1:8b,liberal,5.0,harm
agreement,7,llama3.1:8b,liberal,5.0,harm
agreement,7,llama3.1:8b,liberal,5.0,harm
agreement,7,llama3.1:8b,liberal,5.0,harm
agreement,7,llama3.1:8b,liberal,5.0,harm
agreement,7,llama3.1:8b,liberal,5.0,harm
agreement,7,llama3.1:8b,liberal,5.0,harm
agreement,7,llama3.1:8b,liberal,5.0,harm
agreement,7,llama3.1:8b,liberal,5.0,harm
agreement,7,llama3.1:8b,liberal,5.0,harm
agreement,7,llama2:70b,conservative,4.0,harm
agreement,7,llama2:70b,conservative,4.0,harm
agreement,7,llama2:70b,conservative,4.0,harm
agreement,7,llama2:70b,conservative,4.0,harm
agreement,7,llama2:70b,conservative,4.0,harm
agreement,7,llama2:70b,conservative,4.0,harm
agreement,7,llama2:70b,conservative,4.0,harm
agreement,7,llama2:70b,conservative,4.0,harm
agreement,7,llama2:70b,conservative,4.0,harm
agreement,7,llama2:70b,conservative,4.0,harm
agreement,7,llama2:70b,conservative,4.0,harm
agreement,7,llama2:70b,conservative,4.0,harm
agreement,7,llama2:70b,conservative,4.0,harm
agreement,7,llama2:70b,conservative,4.0,harm
agreement,7,llama2:70b,conservative,4.0,harm
agreement,7,llama2:70b,conservative,4.0,harm
agreement,7,llama2:70b,conservative,4.0,harm
agreement,7,llama2:70b,conservative,4.0,harm
agreement,7,llama2:70b,conservative,4.0,harm
agreement,7,llama2:70b,conservative,4.0,harm
agreement,7,llama2:70b,conservative,4.0,harm
agreement,7,llama2:70b,conservative,4.0,harm
agreement,7,llama2:70b,conservative,4.0,harm
agreement,7,llama2:70b,conservative,4.0,harm
agreement,7,llama2:70b,conservative,4.0,harm
agreement,7,llama2:70b,conservative,4.0,harm
agreement,7,llama2:70b,conservative,4.0,harm
agreement,7,llama2:70b,conservative,4.0,harm
agreement,7,llama2:70b,conservative,4.0,harm
agreement,7,llama2:70b,conservative,4.0,harm
agreement,7,llama2:70b,conservative,4.0,harm
agreement,7,llama2:70b,conservative,1.0,harm
agreement,7,llama2:70b,conservative,4.0,harm
agreement,7,llama2:70b,conservative,4.0,harm
agreement,7,llama2:70b,conservative,4.0,harm
agreement,7,llama2:70b,conservative,1.0,harm
agreement,7,llama2:70b,conservative,4.0,harm
agreement,7,llama2:70b,conservative,4.0,harm
agreement,7,llama2:70b,conservative,4.0,harm
agreement,7,llama2:70b,conservative,4.0,harm
agreement,7,llama2:70b,conservative,4.0,harm
agreement,7,llama2:70b,conservative,4.0,harm
agreement,7,llama2:70b,conservative,4.0,harm
agreement,7,llama2:70b,conservative,4.0,harm
agreement,7,llama2:70b,conservative,4.0,harm
agreement,7,llama2:70b,conservative,4.0,harm
agreement,7,llama2:70b,conservative,4.0,harm
agreement,7,llama2:70b,conservative,4.0,harm
agreement,7,llama2:70b,conservative,4.0,harm
agreement,7,llama2:70b,moderate,4.0,harm
agreement,7,llama2:70b,moderate,4.0,harm
agreement,7,llama2:70b,moderate,4.0,harm
agreement,7,llama2:70b,moderate,4.0,harm
agreement,7,llama2:70b,moderate,4.0,harm
agreement,7,llama2:70b,moderate,4.0,harm
agreement,7,llama2:70b,moderate,4.0,harm
agreement,7,llama2:70b,moderate,4.0,harm
agreement,7,llama2:70b,moderate,4.0,harm
agreement,7,llama2:70b,moderate,4.0,harm
agreement,7,llama2:70b,moderate,4.0,harm
agreement,7,llama2:70b,moderate,4.0,harm
agreement,7,llama2:70b,moderate,4.0,harm
agreement,7,llama2:70b,moderate,4.0,harm
agreement,7,llama2:70b,moderate,4.0,harm
agreement,7,llama2:70b,moderate,4.0,harm
agreement,7,llama2:70b,moderate,4.0,harm
agreement,7,llama2:70b,moderate,4.0,harm
agreement,7,llama2:70b,moderate,4.0,harm
agreement,7,llama2:70b,moderate,4.0,harm
agreement,7,llama2:70b,moderate,4.0,harm
agreement,7,llama2:70b,moderate,4.0,harm
agreement,7,llama2:70b,moderate,4.0,harm
agreement,7,llama2:70b,moderate,4.0,harm
agreement,7,llama2:70b,moderate,4.0,harm
agreement,7,llama2:70b,moderate,4.0,harm
agreement,7,llama2:70b,moderate,4.0,harm
agreement,7,llama2:70b,moderate,4.0,harm
agreement,7,llama2:70b,moderate,4.0,harm
agreement,7,llama2:70b,moderate,4.0,harm
agreement,7,llama2:70b,moderate,4.0,harm
agreement,7,llama2:70b,moderate,4.0,harm
agreement,7,llama2:70b,moderate,4.0,harm
agreement,7,llama2:70b,moderate,4.0,harm
agreement,7,llama2:70b,moderate,4.0,harm
agreement,7,llama2:70b,moderate,4.0,harm
agreement,7,llama2:70b,moderate,4.0,harm
agreement,7,llama2:70b,moderate,4.0,harm
agreement,7,llama2:70b,moderate,4.0,harm
agreement,7,llama2:70b,moderate,4.0,harm
agreement,7,llama2:70b,moderate,4.0,harm
agreement,7,llama2:70b,moderate,4.0,harm
agreement,7,llama2:70b,moderate,4.0,harm
agreement,7,llama2:70b,moderate,4.0,harm
agreement,7,llama2:70b,moderate,4.0,harm
agreement,7,llama2:70b,moderate,4.0,harm
agreement,7,llama2:70b,moderate,4.0,harm
agreement,7,llama2:70b,moderate,4.0,harm
agreement,7,llama2:70b,moderate,4.0,harm
agreement,7,llama2:70b,moderate,4.0,harm
agreement,7,llama2:70b,liberal,4.0,harm
agreement,7,llama2:70b,liberal,4.0,harm
agreement,7,llama2:70b,liberal,4.0,harm
agreement,7,llama2:70b,liberal,4.0,harm
agreement,7,llama2:70b,liberal,4.0,harm
agreement,7,llama2:70b,liberal,5.0,harm
agreement,7,llama2:70b,liberal,4.0,harm
agreement,7,llama2:70b,liberal,4.0,harm
agreement,7,llama2:70b,liberal,4.0,harm
agreement,7,llama2:70b,liberal,4.0,harm
agreement,7,llama2:70b,liberal,4.0,harm
agreement,7,llama2:70b,liberal,4.0,harm
agreement,7,llama2:70b,liberal,4.0,harm
agreement,7,llama2:70b,liberal,4.0,harm
agreement,7,llama2:70b,liberal,4.0,harm
agreement,7,llama2:70b,liberal,4.0,harm
agreement,7,llama2:70b,liberal,4.0,harm
agreement,7,llama2:70b,liberal,4.0,harm
agreement,7,llama2:70b,liberal,4.0,harm
agreement,7,llama2:70b,liberal,4.0,harm
agreement,7,llama2:70b,liberal,4.0,harm
agreement,7,llama2:70b,liberal,4.0,harm
agreement,7,llama2:70b,liberal,4.0,harm
agreement,7,llama2:70b,liberal,4.0,harm
agreement,7,llama2:70b,liberal,4.0,harm
agreement,7,llama2:70b,liberal,4.0,harm
agreement,7,llama2:70b,liberal,4.0,harm
agreement,7,llama2:70b,liberal,4.0,harm
agreement,7,llama2:70b,liberal,4.0,harm
agreement,7,llama2:70b,liberal,4.0,harm
agreement,7,llama2:70b,liberal,4.0,harm
agreement,7,llama2:70b,liberal,4.0,harm
agreement,7,llama2:70b,liberal,4.0,harm
agreement,7,llama2:70b,liberal,4.0,harm
agreement,7,llama2:70b,liberal,4.0,harm
agreement,7,llama2:70b,liberal,4.0,harm
agreement,7,llama2:70b,liberal,4.0,harm
agreement,7,llama2:70b,liberal,4.0,harm
agreement,7,llama2:70b,liberal,4.0,harm
agreement,7,llama2:70b,liberal,4.0,harm
agreement,7,llama2:70b,liberal,4.0,harm
agreement,7,llama2:70b,liberal,4.0,harm
agreement,7,llama2:70b,liberal,4.0,harm
agreement,7,llama2:70b,liberal,4.0,harm
agreement,7,llama2:70b,liberal,4.0,harm
agreement,7,llama2:70b,liberal,4.0,harm
agreement,7,llama2:70b,liberal,4.0,harm
agreement,7,llama2:70b,liberal,4.0,harm
agreement,7,llama2:70b,liberal,4.0,harm
agreement,7,llama2:70b,liberal,4.0,harm
agreement,7,llama3:70b,conservative,5.0,harm
agreement,7,llama3:70b,conservative,5.0,harm
agreement,7,llama3:70b,conservative,5.0,harm
agreement,7,llama3:70b,conservative,5.0,harm
agreement,7,llama3:70b,conservative,5.0,harm
agreement,7,llama3:70b,conservative,5.0,harm
agreement,7,llama3:70b,conservative,5.0,harm
agreement,7,llama3:70b,conservative,5.0,harm
agreement,7,llama3:70b,conservative,5.0,harm
agreement,7,llama3:70b,conservative,5.0,harm
agreement,7,llama3:70b,conservative,5.0,harm
agreement,7,llama3:70b,conservative,5.0,harm
agreement,7,llama3:70b,conservative,5.0,harm
agreement,7,llama3:70b,conservative,5.0,harm
agreement,7,llama3:70b,conservative,5.0,harm
agreement,7,llama3:70b,conservative,5.0,harm
agreement,7,llama3:70b,conservative,5.0,harm
agreement,7,llama3:70b,conservative,5.0,harm
agreement,7,llama3:70b,conservative,5.0,harm
agreement,7,llama3:70b,conservative,5.0,harm
agreement,7,llama3:70b,conservative,5.0,harm
agreement,7,llama3:70b,conservative,5.0,harm
agreement,7,llama3:70b,conservative,5.0,harm
agreement,7,llama3:70b,conservative,5.0,harm
agreement,7,llama3:70b,conservative,5.0,harm
agreement,7,llama3:70b,conservative,5.0,harm
agreement,7,llama3:70b,conservative,5.0,harm
agreement,7,llama3:70b,conservative,5.0,harm
agreement,7,llama3:70b,conservative,5.0,harm
agreement,7,llama3:70b,conservative,5.0,harm
agreement,7,llama3:70b,conservative,5.0,harm
agreement,7,llama3:70b,conservative,5.0,harm
agreement,7,llama3:70b,conservative,5.0,harm
agreement,7,llama3:70b,conservative,5.0,harm
agreement,7,llama3:70b,conservative,5.0,harm
agreement,7,llama3:70b,conservative,5.0,harm
agreement,7,llama3:70b,conservative,5.0,harm
agreement,7,llama3:70b,conservative,5.0,harm
agreement,7,llama3:70b,conservative,5.0,harm
agreement,7,llama3:70b,conservative,5.0,harm
agreement,7,llama3:70b,conservative,5.0,harm
agreement,7,llama3:70b,conservative,5.0,harm
agreement,7,llama3:70b,conservative,5.0,harm
agreement,7,llama3:70b,conservative,5.0,harm
agreement,7,llama3:70b,conservative,5.0,harm
agreement,7,llama3:70b,conservative,5.0,harm
agreement,7,llama3:70b,conservative,5.0,harm
agreement,7,llama3:70b,conservative,5.0,harm
agreement,7,llama3:70b,conservative,5.0,harm
agreement,7,llama3:70b,conservative,5.0,harm
agreement,7,llama3:70b,moderate,5.0,harm
agreement,7,llama3:70b,moderate,5.0,harm
agreement,7,llama3:70b,moderate,5.0,harm
agreement,7,llama3:70b,moderate,5.0,harm
agreement,7,llama3:70b,moderate,5.0,harm
agreement,7,llama3:70b,moderate,5.0,harm
agreement,7,llama3:70b,moderate,5.0,harm
agreement,7,llama3:70b,moderate,5.0,harm
agreement,7,llama3:70b,moderate,5.0,harm
agreement,7,llama3:70b,moderate,5.0,harm
agreement,7,llama3:70b,moderate,5.0,harm
agreement,7,llama3:70b,moderate,5.0,harm
agreement,7,llama3:70b,moderate,5.0,harm
agreement,7,llama3:70b,moderate,5.0,harm
agreement,7,llama3:70b,moderate,5.0,harm
agreement,7,llama3:70b,moderate,5.0,harm
agreement,7,llama3:70b,moderate,5.0,harm
agreement,7,llama3:70b,moderate,5.0,harm
agreement,7,llama3:70b,moderate,5.0,harm
agreement,7,llama3:70b,moderate,5.0,harm
agreement,7,llama3:70b,moderate,5.0,harm
agreement,7,llama3:70b,moderate,5.0,harm
agreement,7,llama3:70b,moderate,5.0,harm
agreement,7,llama3:70b,moderate,5.0,harm
agreement,7,llama3:70b,moderate,5.0,harm
agreement,7,llama3:70b,moderate,5.0,harm
agreement,7,llama3:70b,moderate,5.0,harm
agreement,7,llama3:70b,moderate,5.0,harm
agreement,7,llama3:70b,moderate,5.0,harm
agreement,7,llama3:70b,moderate,5.0,harm
agreement,7,llama3:70b,moderate,5.0,harm
agreement,7,llama3:70b,moderate,5.0,harm
agreement,7,llama3:70b,moderate,5.0,harm
agreement,7,llama3:70b,moderate,5.0,harm
agreement,7,llama3:70b,moderate,5.0,harm
agreement,7,llama3:70b,moderate,5.0,harm
agreement,7,llama3:70b,moderate,5.0,harm
agreement,7,llama3:70b,moderate,5.0,harm
agreement,7,llama3:70b,moderate,5.0,harm
agreement,7,llama3:70b,moderate,5.0,harm
agreement,7,llama3:70b,moderate,5.0,harm
agreement,7,llama3:70b,moderate,5.0,harm
agreement,7,llama3:70b,moderate,5.0,harm
agreement,7,llama3:70b,moderate,5.0,harm
agreement,7,llama3:70b,moderate,5.0,harm
agreement,7,llama3:70b,moderate,5.0,harm
agreement,7,llama3:70b,moderate,5.0,harm
agreement,7,llama3:70b,moderate,5.0,harm
agreement,7,llama3:70b,moderate,5.0,harm
agreement,7,llama3:70b,moderate,5.0,harm
agreement,7,llama3:70b,liberal,5.0,harm
agreement,7,llama3:70b,liberal,5.0,harm
agreement,7,llama3:70b,liberal,5.0,harm
agreement,7,llama3:70b,liberal,5.0,harm
agreement,7,llama3:70b,liberal,5.0,harm
agreement,7,llama3:70b,liberal,5.0,harm
agreement,7,llama3:70b,liberal,5.0,harm
agreement,7,llama3:70b,liberal,5.0,harm
agreement,7,llama3:70b,liberal,5.0,harm
agreement,7,llama3:70b,liberal,5.0,harm
agreement,7,llama3:70b,liberal,5.0,harm
agreement,7,llama3:70b,liberal,5.0,harm
agreement,7,llama3:70b,liberal,5.0,harm
agreement,7,llama3:70b,liberal,5.0,harm
agreement,7,llama3:70b,liberal,5.0,harm
agreement,7,llama3:70b,liberal,5.0,harm
agreement,7,llama3:70b,liberal,5.0,harm
agreement,7,llama3:70b,liberal,5.0,harm
agreement,7,llama3:70b,liberal,5.0,harm
agreement,7,llama3:70b,liberal,5.0,harm
agreement,7,llama3:70b,liberal,5.0,harm
agreement,7,llama3:70b,liberal,5.0,harm
agreement,7,llama3:70b,liberal,5.0,harm
agreement,7,llama3:70b,liberal,5.0,harm
agreement,7,llama3:70b,liberal,5.0,harm
agreement,7,llama3:70b,liberal,5.0,harm
agreement,7,llama3:70b,liberal,5.0,harm
agreement,7,llama3:70b,liberal,5.0,harm
agreement,7,llama3:70b,liberal,5.0,harm
agreement,7,llama3:70b,liberal,5.0,harm
agreement,7,llama3:70b,liberal,5.0,harm
agreement,7,llama3:70b,liberal,5.0,harm
agreement,7,llama3:70b,liberal,5.0,harm
agreement,7,llama3:70b,liberal,5.0,harm
agreement,7,llama3:70b,liberal,5.0,harm
agreement,7,llama3:70b,liberal,5.0,harm
agreement,7,llama3:70b,liberal,5.0,harm
agreement,7,llama3:70b,liberal,5.0,harm
agreement,7,llama3:70b,liberal,5.0,harm
agreement,7,llama3:70b,liberal,5.0,harm
agreement,7,llama3:70b,liberal,5.0,harm
agreement,7,llama3:70b,liberal,5.0,harm
agreement,7,llama3:70b,liberal,5.0,harm
agreement,7,llama3:70b,liberal,5.0,harm
agreement,7,llama3:70b,liberal,5.0,harm
agreement,7,llama3:70b,liberal,5.0,harm
agreement,7,llama3:70b,liberal,5.0,harm
agreement,7,llama3:70b,liberal,5.0,harm
agreement,7,llama3:70b,liberal,5.0,harm
agreement,7,llama3:70b,liberal,5.0,harm
agreement,7,llama3.1:70b,conservative,5.0,harm
agreement,7,llama3.1:70b,conservative,5.0,harm
agreement,7,llama3.1:70b,conservative,5.0,harm
agreement,7,llama3.1:70b,conservative,5.0,harm
agreement,7,llama3.1:70b,conservative,5.0,harm
agreement,7,llama3.1:70b,conservative,5.0,harm
agreement,7,llama3.1:70b,conservative,5.0,harm
agreement,7,llama3.1:70b,conservative,5.0,harm
agreement,7,llama3.1:70b,conservative,5.0,harm
agreement,7,llama3.1:70b,conservative,5.0,harm
agreement,7,llama3.1:70b,conservative,5.0,harm
agreement,7,llama3.1:70b,conservative,5.0,harm
agreement,7,llama3.1:70b,conservative,5.0,harm
agreement,7,llama3.1:70b,conservative,5.0,harm
agreement,7,llama3.1:70b,conservative,5.0,harm
agreement,7,llama3.1:70b,conservative,5.0,harm
agreement,7,llama3.1:70b,conservative,5.0,harm
agreement,7,llama3.1:70b,conservative,5.0,harm
agreement,7,llama3.1:70b,conservative,5.0,harm
agreement,7,llama3.1:70b,conservative,5.0,harm
agreement,7,llama3.1:70b,conservative,5.0,harm
agreement,7,llama3.1:70b,conservative,5.0,harm
agreement,7,llama3.1:70b,conservative,5.0,harm
agreement,7,llama3.1:70b,conservative,5.0,harm
agreement,7,llama3.1:70b,conservative,5.0,harm
agreement,7,llama3.1:70b,conservative,5.0,harm
agreement,7,llama3.1:70b,conservative,5.0,harm
agreement,7,llama3.1:70b,conservative,5.0,harm
agreement,7,llama3.1:70b,conservative,5.0,harm
agreement,7,llama3.1:70b,conservative,5.0,harm
agreement,7,llama3.1:70b,conservative,5.0,harm
agreement,7,llama3.1:70b,conservative,5.0,harm
agreement,7,llama3.1:70b,conservative,5.0,harm
agreement,7,llama3.1:70b,conservative,5.0,harm
agreement,7,llama3.1:70b,conservative,5.0,harm
agreement,7,llama3.1:70b,conservative,5.0,harm
agreement,7,llama3.1:70b,conservative,5.0,harm
agreement,7,llama3.1:70b,conservative,5.0,harm
agreement,7,llama3.1:70b,conservative,5.0,harm
agreement,7,llama3.1:70b,conservative,5.0,harm
agreement,7,llama3.1:70b,conservative,5.0,harm
agreement,7,llama3.1:70b,conservative,5.0,harm
agreement,7,llama3.1:70b,conservative,5.0,harm
agreement,7,llama3.1:70b,conservative,5.0,harm
agreement,7,llama3.1:70b,conservative,5.0,harm
agreement,7,llama3.1:70b,conservative,5.0,harm
agreement,7,llama3.1:70b,conservative,5.0,harm
agreement,7,llama3.1:70b,conservative,5.0,harm
agreement,7,llama3.1:70b,conservative,5.0,harm
agreement,7,llama3.1:70b,conservative,5.0,harm
agreement,7,llama3.1:70b,moderate,5.0,harm
agreement,7,llama3.1:70b,moderate,5.0,harm
agreement,7,llama3.1:70b,moderate,5.0,harm
agreement,7,llama3.1:70b,moderate,5.0,harm
agreement,7,llama3.1:70b,moderate,5.0,harm
agreement,7,llama3.1:70b,moderate,5.0,harm
agreement,7,llama3.1:70b,moderate,5.0,harm
agreement,7,llama3.1:70b,moderate,5.0,harm
agreement,7,llama3.1:70b,moderate,5.0,harm
agreement,7,llama3.1:70b,moderate,5.0,harm
agreement,7,llama3.1:70b,moderate,5.0,harm
agreement,7,llama3.1:70b,moderate,5.0,harm
agreement,7,llama3.1:70b,moderate,5.0,harm
agreement,7,llama3.1:70b,moderate,5.0,harm
agreement,7,llama3.1:70b,moderate,5.0,harm
agreement,7,llama3.1:70b,moderate,5.0,harm
agreement,7,llama3.1:70b,moderate,5.0,harm
agreement,7,llama3.1:70b,moderate,5.0,harm
agreement,7,llama3.1:70b,moderate,5.0,harm
agreement,7,llama3.1:70b,moderate,5.0,harm
agreement,7,llama3.1:70b,moderate,5.0,harm
agreement,7,llama3.1:70b,moderate,5.0,harm
agreement,7,llama3.1:70b,moderate,5.0,harm
agreement,7,llama3.1:70b,moderate,5.0,harm
agreement,7,llama3.1:70b,moderate,5.0,harm
agreement,7,llama3.1:70b,moderate,5.0,harm
agreement,7,llama3.1:70b,moderate,5.0,harm
agreement,7,llama3.1:70b,moderate,5.0,harm
agreement,7,llama3.1:70b,moderate,5.0,harm
agreement,7,llama3.1:70b,moderate,5.0,harm
agreement,7,llama3.1:70b,moderate,5.0,harm
agreement,7,llama3.1:70b,moderate,5.0,harm
agreement,7,llama3.1:70b,moderate,5.0,harm
agreement,7,llama3.1:70b,moderate,5.0,harm
agreement,7,llama3.1:70b,moderate,5.0,harm
agreement,7,llama3.1:70b,moderate,5.0,harm
agreement,7,llama3.1:70b,moderate,5.0,harm
agreement,7,llama3.1:70b,moderate,5.0,harm
agreement,7,llama3.1:70b,moderate,5.0,harm
agreement,7,llama3.1:70b,moderate,5.0,harm
agreement,7,llama3.1:70b,moderate,5.0,harm
agreement,7,llama3.1:70b,moderate,5.0,harm
agreement,7,llama3.1:70b,moderate,5.0,harm
agreement,7,llama3.1:70b,moderate,5.0,harm
agreement,7,llama3.1:70b,moderate,5.0,harm
agreement,7,llama3.1:70b,moderate,5.0,harm
agreement,7,llama3.1:70b,moderate,5.0,harm
agreement,7,llama3.1:70b,moderate,5.0,harm
agreement,7,llama3.1:70b,moderate,5.0,harm
agreement,7,llama3.1:70b,moderate,5.0,harm
agreement,7,llama3.1:70b,liberal,5.0,harm
agreement,7,llama3.1:70b,liberal,5.0,harm
agreement,7,llama3.1:70b,liberal,5.0,harm
agreement,7,llama3.1:70b,liberal,5.0,harm
agreement,7,llama3.1:70b,liberal,5.0,harm
agreement,7,llama3.1:70b,liberal,5.0,harm
agreement,7,llama3.1:70b,liberal,5.0,harm
agreement,7,llama3.1:70b,liberal,5.0,harm
agreement,7,llama3.1:70b,liberal,5.0,harm
agreement,7,llama3.1:70b,liberal,5.0,harm
agreement,7,llama3.1:70b,liberal,5.0,harm
agreement,7,llama3.1:70b,liberal,5.0,harm
agreement,7,llama3.1:70b,liberal,5.0,harm
agreement,7,llama3.1:70b,liberal,5.0,harm
agreement,7,llama3.1:70b,liberal,5.0,harm
agreement,7,llama3.1:70b,liberal,5.0,harm
agreement,7,llama3.1:70b,liberal,5.0,harm
agreement,7,llama3.1:70b,liberal,5.0,harm
agreement,7,llama3.1:70b,liberal,5.0,harm
agreement,7,llama3.1:70b,liberal,5.0,harm
agreement,7,llama3.1:70b,liberal,5.0,harm
agreement,7,llama3.1:70b,liberal,5.0,harm
agreement,7,llama3.1:70b,liberal,5.0,harm
agreement,7,llama3.1:70b,liberal,5.0,harm
agreement,7,llama3.1:70b,liberal,5.0,harm
agreement,7,llama3.1:70b,liberal,5.0,harm
agreement,7,llama3.1:70b,liberal,5.0,harm
agreement,7,llama3.1:70b,liberal,5.0,harm
agreement,7,llama3.1:70b,liberal,5.0,harm
agreement,7,llama3.1:70b,liberal,5.0,harm
agreement,7,llama3.1:70b,liberal,5.0,harm
agreement,7,llama3.1:70b,liberal,5.0,harm
agreement,7,llama3.1:70b,liberal,5.0,harm
agreement,7,llama3.1:70b,liberal,5.0,harm
agreement,7,llama3.1:70b,liberal,5.0,harm
agreement,7,llama3.1:70b,liberal,5.0,harm
agreement,7,llama3.1:70b,liberal,5.0,harm
agreement,7,llama3.1:70b,liberal,5.0,harm
agreement,7,llama3.1:70b,liberal,5.0,harm
agreement,7,llama3.1:70b,liberal,5.0,harm
agreement,7,llama3.1:70b,liberal,5.0,harm
agreement,7,llama3.1:70b,liberal,5.0,harm
agreement,7,llama3.1:70b,liberal,5.0,harm
agreement,7,llama3.1:70b,liberal,5.0,harm
agreement,7,llama3.1:70b,liberal,5.0,harm
agreement,7,llama3.1:70b,liberal,5.0,harm
agreement,7,llama3.1:70b,liberal,5.0,harm
agreement,7,llama3.1:70b,liberal,5.0,harm
agreement,7,llama3.1:70b,liberal,5.0,harm
agreement,7,llama3.1:70b,liberal,5.0,harm
agreement,7,mistral:7b,conservative,5.0,harm
agreement,7,mistral:7b,conservative,5.0,harm
agreement,7,mistral:7b,conservative,5.0,harm
agreement,7,mistral:7b,conservative,5.0,harm
agreement,7,mistral:7b,conservative,5.0,harm
agreement,7,mistral:7b,conservative,5.0,harm
agreement,7,mistral:7b,conservative,5.0,harm
agreement,7,mistral:7b,conservative,5.0,harm
agreement,7,mistral:7b,conservative,5.0,harm
agreement,7,mistral:7b,conservative,5.0,harm
agreement,7,mistral:7b,conservative,5.0,harm
agreement,7,mistral:7b,conservative,5.0,harm
agreement,7,mistral:7b,conservative,5.0,harm
agreement,7,mistral:7b,conservative,5.0,harm
agreement,7,mistral:7b,conservative,5.0,harm
agreement,7,mistral:7b,conservative,5.0,harm
agreement,7,mistral:7b,conservative,5.0,harm
agreement,7,mistral:7b,conservative,5.0,harm
agreement,7,mistral:7b,conservative,5.0,harm
agreement,7,mistral:7b,conservative,5.0,harm
agreement,7,mistral:7b,conservative,5.0,harm
agreement,7,mistral:7b,conservative,5.0,harm
agreement,7,mistral:7b,conservative,5.0,harm
agreement,7,mistral:7b,conservative,5.0,harm
agreement,7,mistral:7b,conservative,5.0,harm
agreement,7,mistral:7b,conservative,5.0,harm
agreement,7,mistral:7b,conservative,5.0,harm
agreement,7,mistral:7b,conservative,5.0,harm
agreement,7,mistral:7b,conservative,5.0,harm
agreement,7,mistral:7b,conservative,5.0,harm
agreement,7,mistral:7b,conservative,5.0,harm
agreement,7,mistral:7b,conservative,5.0,harm
agreement,7,mistral:7b,conservative,5.0,harm
agreement,7,mistral:7b,conservative,5.0,harm
agreement,7,mistral:7b,conservative,5.0,harm
agreement,7,mistral:7b,conservative,5.0,harm
agreement,7,mistral:7b,conservative,5.0,harm
agreement,7,mistral:7b,conservative,5.0,harm
agreement,7,mistral:7b,conservative,5.0,harm
agreement,7,mistral:7b,conservative,5.0,harm
agreement,7,mistral:7b,conservative,5.0,harm
agreement,7,mistral:7b,conservative,5.0,harm
agreement,7,mistral:7b,conservative,5.0,harm
agreement,7,mistral:7b,conservative,5.0,harm
agreement,7,mistral:7b,conservative,5.0,harm
agreement,7,mistral:7b,conservative,5.0,harm
agreement,7,mistral:7b,conservative,5.0,harm
agreement,7,mistral:7b,conservative,5.0,harm
agreement,7,mistral:7b,conservative,5.0,harm
agreement,7,mistral:7b,conservative,5.0,harm
agreement,7,mistral:7b,moderate,5.0,harm
agreement,7,mistral:7b,moderate,5.0,harm
agreement,7,mistral:7b,moderate,5.0,harm
agreement,7,mistral:7b,moderate,5.0,harm
agreement,7,mistral:7b,moderate,5.0,harm
agreement,7,mistral:7b,moderate,5.0,harm
agreement,7,mistral:7b,moderate,5.0,harm
agreement,7,mistral:7b,moderate,5.0,harm
agreement,7,mistral:7b,moderate,5.0,harm
agreement,7,mistral:7b,moderate,5.0,harm
agreement,7,mistral:7b,moderate,5.0,harm
agreement,7,mistral:7b,moderate,5.0,harm
agreement,7,mistral:7b,moderate,5.0,harm
agreement,7,mistral:7b,moderate,5.0,harm
agreement,7,mistral:7b,moderate,5.0,harm
agreement,7,mistral:7b,moderate,5.0,harm
agreement,7,mistral:7b,moderate,5.0,harm
agreement,7,mistral:7b,moderate,5.0,harm
agreement,7,mistral:7b,moderate,5.0,harm
agreement,7,mistral:7b,moderate,5.0,harm
agreement,7,mistral:7b,moderate,5.0,harm
agreement,7,mistral:7b,moderate,5.0,harm
agreement,7,mistral:7b,moderate,5.0,harm
agreement,7,mistral:7b,moderate,5.0,harm
agreement,7,mistral:7b,moderate,5.0,harm
agreement,7,mistral:7b,moderate,5.0,harm
agreement,7,mistral:7b,moderate,5.0,harm
agreement,7,mistral:7b,moderate,5.0,harm
agreement,7,mistral:7b,moderate,5.0,harm
agreement,7,mistral:7b,moderate,5.0,harm
agreement,7,mistral:7b,moderate,5.0,harm
agreement,7,mistral:7b,moderate,5.0,harm
agreement,7,mistral:7b,moderate,5.0,harm
agreement,7,mistral:7b,moderate,5.0,harm
agreement,7,mistral:7b,moderate,5.0,harm
agreement,7,mistral:7b,moderate,5.0,harm
agreement,7,mistral:7b,moderate,5.0,harm
agreement,7,mistral:7b,moderate,5.0,harm
agreement,7,mistral:7b,moderate,5.0,harm
agreement,7,mistral:7b,moderate,5.0,harm
agreement,7,mistral:7b,moderate,5.0,harm
agreement,7,mistral:7b,moderate,5.0,harm
agreement,7,mistral:7b,moderate,5.0,harm
agreement,7,mistral:7b,moderate,5.0,harm
agreement,7,mistral:7b,moderate,5.0,harm
agreement,7,mistral:7b,moderate,5.0,harm
agreement,7,mistral:7b,moderate,5.0,harm
agreement,7,mistral:7b,moderate,5.0,harm
agreement,7,mistral:7b,moderate,5.0,harm
agreement,7,mistral:7b,moderate,5.0,harm
agreement,7,mistral:7b,liberal,5.0,harm
agreement,7,mistral:7b,liberal,5.0,harm
agreement,7,mistral:7b,liberal,5.0,harm
agreement,7,mistral:7b,liberal,5.0,harm
agreement,7,mistral:7b,liberal,5.0,harm
agreement,7,mistral:7b,liberal,5.0,harm
agreement,7,mistral:7b,liberal,5.0,harm
agreement,7,mistral:7b,liberal,5.0,harm
agreement,7,mistral:7b,liberal,5.0,harm
agreement,7,mistral:7b,liberal,5.0,harm
agreement,7,mistral:7b,liberal,5.0,harm
agreement,7,mistral:7b,liberal,5.0,harm
agreement,7,mistral:7b,liberal,5.0,harm
agreement,7,mistral:7b,liberal,5.0,harm
agreement,7,mistral:7b,liberal,5.0,harm
agreement,7,mistral:7b,liberal,5.0,harm
agreement,7,mistral:7b,liberal,5.0,harm
agreement,7,mistral:7b,liberal,5.0,harm
agreement,7,mistral:7b,liberal,5.0,harm
agreement,7,mistral:7b,liberal,5.0,harm
agreement,7,mistral:7b,liberal,5.0,harm
agreement,7,mistral:7b,liberal,5.0,harm
agreement,7,mistral:7b,liberal,5.0,harm
agreement,7,mistral:7b,liberal,5.0,harm
agreement,7,mistral:7b,liberal,5.0,harm
agreement,7,mistral:7b,liberal,5.0,harm
agreement,7,mistral:7b,liberal,5.0,harm
agreement,7,mistral:7b,liberal,5.0,harm
agreement,7,mistral:7b,liberal,5.0,harm
agreement,7,mistral:7b,liberal,5.0,harm
agreement,7,mistral:7b,liberal,5.0,harm
agreement,7,mistral:7b,liberal,5.0,harm
agreement,7,mistral:7b,liberal,5.0,harm
agreement,7,mistral:7b,liberal,5.0,harm
agreement,7,mistral:7b,liberal,5.0,harm
agreement,7,mistral:7b,liberal,5.0,harm
agreement,7,mistral:7b,liberal,5.0,harm
agreement,7,mistral:7b,liberal,5.0,harm
agreement,7,mistral:7b,liberal,5.0,harm
agreement,7,mistral:7b,liberal,5.0,harm
agreement,7,mistral:7b,liberal,5.0,harm
agreement,7,mistral:7b,liberal,5.0,harm
agreement,7,mistral:7b,liberal,5.0,harm
agreement,7,mistral:7b,liberal,5.0,harm
agreement,7,mistral:7b,liberal,5.0,harm
agreement,7,mistral:7b,liberal,5.0,harm
agreement,7,mistral:7b,liberal,5.0,harm
agreement,7,mistral:7b,liberal,5.0,harm
agreement,7,mistral:7b,liberal,5.0,harm
agreement,7,mistral:7b,liberal,5.0,harm
agreement,7,mixtral:8x22b,conservative,5.0,harm
agreement,7,mixtral:8x22b,conservative,5.0,harm
agreement,7,mixtral:8x22b,conservative,5.0,harm
agreement,7,mixtral:8x22b,conservative,5.0,harm
agreement,7,mixtral:8x22b,conservative,5.0,harm
agreement,7,mixtral:8x22b,conservative,5.0,harm
agreement,7,mixtral:8x22b,conservative,5.0,harm
agreement,7,mixtral:8x22b,conservative,5.0,harm
agreement,7,mixtral:8x22b,conservative,5.0,harm
agreement,7,mixtral:8x22b,conservative,5.0,harm
agreement,7,mixtral:8x22b,conservative,5.0,harm
agreement,7,mixtral:8x22b,conservative,5.0,harm
agreement,7,mixtral:8x22b,conservative,5.0,harm
agreement,7,mixtral:8x22b,conservative,5.0,harm
agreement,7,mixtral:8x22b,conservative,5.0,harm
agreement,7,mixtral:8x22b,conservative,5.0,harm
agreement,7,mixtral:8x22b,conservative,5.0,harm
agreement,7,mixtral:8x22b,conservative,5.0,harm
agreement,7,mixtral:8x22b,conservative,5.0,harm
agreement,7,mixtral:8x22b,conservative,5.0,harm
agreement,7,mixtral:8x22b,conservative,5.0,harm
agreement,7,mixtral:8x22b,conservative,5.0,harm
agreement,7,mixtral:8x22b,conservative,5.0,harm
agreement,7,mixtral:8x22b,conservative,5.0,harm
agreement,7,mixtral:8x22b,conservative,5.0,harm
agreement,7,mixtral:8x22b,conservative,5.0,harm
agreement,7,mixtral:8x22b,conservative,5.0,harm
agreement,7,mixtral:8x22b,conservative,5.0,harm
agreement,7,mixtral:8x22b,conservative,5.0,harm
agreement,7,mixtral:8x22b,conservative,5.0,harm
agreement,7,mixtral:8x22b,conservative,5.0,harm
agreement,7,mixtral:8x22b,conservative,5.0,harm
agreement,7,mixtral:8x22b,conservative,5.0,harm
agreement,7,mixtral:8x22b,conservative,5.0,harm
agreement,7,mixtral:8x22b,conservative,5.0,harm
agreement,7,mixtral:8x22b,conservative,5.0,harm
agreement,7,mixtral:8x22b,conservative,5.0,harm
agreement,7,mixtral:8x22b,conservative,5.0,harm
agreement,7,mixtral:8x22b,conservative,5.0,harm
agreement,7,mixtral:8x22b,conservative,5.0,harm
agreement,7,mixtral:8x22b,conservative,5.0,harm
agreement,7,mixtral:8x22b,conservative,5.0,harm
agreement,7,mixtral:8x22b,conservative,5.0,harm
agreement,7,mixtral:8x22b,conservative,5.0,harm
agreement,7,mixtral:8x22b,conservative,5.0,harm
agreement,7,mixtral:8x22b,conservative,5.0,harm
agreement,7,mixtral:8x22b,conservative,5.0,harm
agreement,7,mixtral:8x22b,conservative,5.0,harm
agreement,7,mixtral:8x22b,conservative,5.0,harm
agreement,7,mixtral:8x22b,conservative,5.0,harm
agreement,7,mixtral:8x22b,moderate,5.0,harm
agreement,7,mixtral:8x22b,moderate,5.0,harm
agreement,7,mixtral:8x22b,moderate,5.0,harm
agreement,7,mixtral:8x22b,moderate,5.0,harm
agreement,7,mixtral:8x22b,moderate,5.0,harm
agreement,7,mixtral:8x22b,moderate,5.0,harm
agreement,7,mixtral:8x22b,moderate,5.0,harm
agreement,7,mixtral:8x22b,moderate,5.0,harm
agreement,7,mixtral:8x22b,moderate,5.0,harm
agreement,7,mixtral:8x22b,moderate,5.0,harm
agreement,7,mixtral:8x22b,moderate,5.0,harm
agreement,7,mixtral:8x22b,moderate,5.0,harm
agreement,7,mixtral:8x22b,moderate,5.0,harm
agreement,7,mixtral:8x22b,moderate,5.0,harm
agreement,7,mixtral:8x22b,moderate,5.0,harm
agreement,7,mixtral:8x22b,moderate,5.0,harm
agreement,7,mixtral:8x22b,moderate,5.0,harm
agreement,7,mixtral:8x22b,moderate,5.0,harm
agreement,7,mixtral:8x22b,moderate,5.0,harm
agreement,7,mixtral:8x22b,moderate,5.0,harm
agreement,7,mixtral:8x22b,moderate,5.0,harm
agreement,7,mixtral:8x22b,moderate,5.0,harm
agreement,7,mixtral:8x22b,moderate,5.0,harm
agreement,7,mixtral:8x22b,moderate,5.0,harm
agreement,7,mixtral:8x22b,moderate,5.0,harm
agreement,7,mixtral:8x22b,moderate,5.0,harm
agreement,7,mixtral:8x22b,moderate,5.0,harm
agreement,7,mixtral:8x22b,moderate,5.0,harm
agreement,7,mixtral:8x22b,moderate,5.0,harm
agreement,7,mixtral:8x22b,moderate,5.0,harm
agreement,7,mixtral:8x22b,moderate,5.0,harm
agreement,7,mixtral:8x22b,moderate,5.0,harm
agreement,7,mixtral:8x22b,moderate,5.0,harm
agreement,7,mixtral:8x22b,moderate,5.0,harm
agreement,7,mixtral:8x22b,moderate,5.0,harm
agreement,7,mixtral:8x22b,moderate,5.0,harm
agreement,7,mixtral:8x22b,moderate,5.0,harm
agreement,7,mixtral:8x22b,moderate,5.0,harm
agreement,7,mixtral:8x22b,moderate,5.0,harm
agreement,7,mixtral:8x22b,moderate,5.0,harm
agreement,7,mixtral:8x22b,moderate,5.0,harm
agreement,7,mixtral:8x22b,moderate,5.0,harm
agreement,7,mixtral:8x22b,moderate,5.0,harm
agreement,7,mixtral:8x22b,moderate,5.0,harm
agreement,7,mixtral:8x22b,moderate,5.0,harm
agreement,7,mixtral:8x22b,moderate,5.0,harm
agreement,7,mixtral:8x22b,moderate,5.0,harm
agreement,7,mixtral:8x22b,moderate,5.0,harm
agreement,7,mixtral:8x22b,moderate,5.0,harm
agreement,7,mixtral:8x22b,moderate,5.0,harm
agreement,7,mixtral:8x22b,liberal,5.0,harm
agreement,7,mixtral:8x22b,liberal,5.0,harm
agreement,7,mixtral:8x22b,liberal,5.0,harm
agreement,7,mixtral:8x22b,liberal,5.0,harm
agreement,7,mixtral:8x22b,liberal,5.0,harm
agreement,7,mixtral:8x22b,liberal,5.0,harm
agreement,7,mixtral:8x22b,liberal,5.0,harm
agreement,7,mixtral:8x22b,liberal,5.0,harm
agreement,7,mixtral:8x22b,liberal,5.0,harm
agreement,7,mixtral:8x22b,liberal,5.0,harm
agreement,7,mixtral:8x22b,liberal,5.0,harm
agreement,7,mixtral:8x22b,liberal,5.0,harm
agreement,7,mixtral:8x22b,liberal,5.0,harm
agreement,7,mixtral:8x22b,liberal,5.0,harm
agreement,7,mixtral:8x22b,liberal,5.0,harm
agreement,7,mixtral:8x22b,liberal,5.0,harm
agreement,7,mixtral:8x22b,liberal,5.0,harm
agreement,7,mixtral:8x22b,liberal,5.0,harm
agreement,7,mixtral:8x22b,liberal,5.0,harm
agreement,7,mixtral:8x22b,liberal,5.0,harm
agreement,7,mixtral:8x22b,liberal,5.0,harm
agreement,7,mixtral:8x22b,liberal,5.0,harm
agreement,7,mixtral:8x22b,liberal,5.0,harm
agreement,7,mixtral:8x22b,liberal,5.0,harm
agreement,7,mixtral:8x22b,liberal,5.0,harm
agreement,7,mixtral:8x22b,liberal,5.0,harm
agreement,7,mixtral:8x22b,liberal,5.0,harm
agreement,7,mixtral:8x22b,liberal,5.0,harm
agreement,7,mixtral:8x22b,liberal,5.0,harm
agreement,7,mixtral:8x22b,liberal,5.0,harm
agreement,7,mixtral:8x22b,liberal,5.0,harm
agreement,7,mixtral:8x22b,liberal,5.0,harm
agreement,7,mixtral:8x22b,liberal,5.0,harm
agreement,7,mixtral:8x22b,liberal,5.0,harm
agreement,7,mixtral:8x22b,liberal,5.0,harm
agreement,7,mixtral:8x22b,liberal,5.0,harm
agreement,7,mixtral:8x22b,liberal,5.0,harm
agreement,7,mixtral:8x22b,liberal,5.0,harm
agreement,7,mixtral:8x22b,liberal,5.0,harm
agreement,7,mixtral:8x22b,liberal,5.0,harm
agreement,7,mixtral:8x22b,liberal,5.0,harm
agreement,7,mixtral:8x22b,liberal,5.0,harm
agreement,7,mixtral:8x22b,liberal,5.0,harm
agreement,7,mixtral:8x22b,liberal,5.0,harm
agreement,7,mixtral:8x22b,liberal,5.0,harm
agreement,7,mixtral:8x22b,liberal,5.0,harm
agreement,7,mixtral:8x22b,liberal,5.0,harm
agreement,7,mixtral:8x22b,liberal,5.0,harm
agreement,7,mixtral:8x22b,liberal,5.0,harm
agreement,7,mixtral:8x22b,liberal,5.0,harm
agreement,7,mixtral:8x7b,conservative,5.0,harm
agreement,7,mixtral:8x7b,conservative,5.0,harm
agreement,7,mixtral:8x7b,conservative,5.0,harm
agreement,7,mixtral:8x7b,conservative,5.0,harm
agreement,7,mixtral:8x7b,conservative,5.0,harm
agreement,7,mixtral:8x7b,conservative,5.0,harm
agreement,7,mixtral:8x7b,conservative,5.0,harm
agreement,7,mixtral:8x7b,conservative,5.0,harm
agreement,7,mixtral:8x7b,conservative,5.0,harm
agreement,7,mixtral:8x7b,conservative,5.0,harm
agreement,7,mixtral:8x7b,conservative,5.0,harm
agreement,7,mixtral:8x7b,conservative,5.0,harm
agreement,7,mixtral:8x7b,conservative,5.0,harm
agreement,7,mixtral:8x7b,conservative,5.0,harm
agreement,7,mixtral:8x7b,conservative,5.0,harm
agreement,7,mixtral:8x7b,conservative,5.0,harm
agreement,7,mixtral:8x7b,conservative,5.0,harm
agreement,7,mixtral:8x7b,conservative,5.0,harm
agreement,7,mixtral:8x7b,conservative,5.0,harm
agreement,7,mixtral:8x7b,conservative,5.0,harm
agreement,7,mixtral:8x7b,conservative,5.0,harm
agreement,7,mixtral:8x7b,conservative,5.0,harm
agreement,7,mixtral:8x7b,conservative,5.0,harm
agreement,7,mixtral:8x7b,conservative,5.0,harm
agreement,7,mixtral:8x7b,conservative,5.0,harm
agreement,7,mixtral:8x7b,conservative,5.0,harm
agreement,7,mixtral:8x7b,conservative,5.0,harm
agreement,7,mixtral:8x7b,conservative,5.0,harm
agreement,7,mixtral:8x7b,conservative,5.0,harm
agreement,7,mixtral:8x7b,conservative,5.0,harm
agreement,7,mixtral:8x7b,conservative,5.0,harm
agreement,7,mixtral:8x7b,conservative,5.0,harm
agreement,7,mixtral:8x7b,conservative,5.0,harm
agreement,7,mixtral:8x7b,conservative,5.0,harm
agreement,7,mixtral:8x7b,conservative,5.0,harm
agreement,7,mixtral:8x7b,conservative,5.0,harm
agreement,7,mixtral:8x7b,conservative,5.0,harm
agreement,7,mixtral:8x7b,conservative,5.0,harm
agreement,7,mixtral:8x7b,conservative,5.0,harm
agreement,7,mixtral:8x7b,conservative,5.0,harm
agreement,7,mixtral:8x7b,conservative,5.0,harm
agreement,7,mixtral:8x7b,conservative,5.0,harm
agreement,7,mixtral:8x7b,conservative,5.0,harm
agreement,7,mixtral:8x7b,conservative,5.0,harm
agreement,7,mixtral:8x7b,conservative,5.0,harm
agreement,7,mixtral:8x7b,conservative,5.0,harm
agreement,7,mixtral:8x7b,conservative,5.0,harm
agreement,7,mixtral:8x7b,conservative,5.0,harm
agreement,7,mixtral:8x7b,conservative,5.0,harm
agreement,7,mixtral:8x7b,conservative,5.0,harm
agreement,7,mixtral:8x7b,moderate,5.0,harm
agreement,7,mixtral:8x7b,moderate,5.0,harm
agreement,7,mixtral:8x7b,moderate,5.0,harm
agreement,7,mixtral:8x7b,moderate,5.0,harm
agreement,7,mixtral:8x7b,moderate,5.0,harm
agreement,7,mixtral:8x7b,moderate,5.0,harm
agreement,7,mixtral:8x7b,moderate,5.0,harm
agreement,7,mixtral:8x7b,moderate,5.0,harm
agreement,7,mixtral:8x7b,moderate,5.0,harm
agreement,7,mixtral:8x7b,moderate,5.0,harm
agreement,7,mixtral:8x7b,moderate,5.0,harm
agreement,7,mixtral:8x7b,moderate,5.0,harm
agreement,7,mixtral:8x7b,moderate,5.0,harm
agreement,7,mixtral:8x7b,moderate,5.0,harm
agreement,7,mixtral:8x7b,moderate,5.0,harm
agreement,7,mixtral:8x7b,moderate,5.0,harm
agreement,7,mixtral:8x7b,moderate,5.0,harm
agreement,7,mixtral:8x7b,moderate,5.0,harm
agreement,7,mixtral:8x7b,moderate,5.0,harm
agreement,7,mixtral:8x7b,moderate,5.0,harm
agreement,7,mixtral:8x7b,moderate,5.0,harm
agreement,7,mixtral:8x7b,moderate,5.0,harm
agreement,7,mixtral:8x7b,moderate,5.0,harm
agreement,7,mixtral:8x7b,moderate,5.0,harm
agreement,7,mixtral:8x7b,moderate,5.0,harm
agreement,7,mixtral:8x7b,moderate,5.0,harm
agreement,7,mixtral:8x7b,moderate,5.0,harm
agreement,7,mixtral:8x7b,moderate,5.0,harm
agreement,7,mixtral:8x7b,moderate,5.0,harm
agreement,7,mixtral:8x7b,moderate,5.0,harm
agreement,7,mixtral:8x7b,moderate,5.0,harm
agreement,7,mixtral:8x7b,moderate,5.0,harm
agreement,7,mixtral:8x7b,moderate,5.0,harm
agreement,7,mixtral:8x7b,moderate,5.0,harm
agreement,7,mixtral:8x7b,moderate,5.0,harm
agreement,7,mixtral:8x7b,moderate,5.0,harm
agreement,7,mixtral:8x7b,moderate,5.0,harm
agreement,7,mixtral:8x7b,moderate,5.0,harm
agreement,7,mixtral:8x7b,moderate,5.0,harm
agreement,7,mixtral:8x7b,moderate,5.0,harm
agreement,7,mixtral:8x7b,moderate,5.0,harm
agreement,7,mixtral:8x7b,moderate,5.0,harm
agreement,7,mixtral:8x7b,moderate,5.0,harm
agreement,7,mixtral:8x7b,moderate,5.0,harm
agreement,7,mixtral:8x7b,moderate,5.0,harm
agreement,7,mixtral:8x7b,moderate,5.0,harm
agreement,7,mixtral:8x7b,moderate,5.0,harm
agreement,7,mixtral:8x7b,moderate,5.0,harm
agreement,7,mixtral:8x7b,moderate,5.0,harm
agreement,7,mixtral:8x7b,moderate,5.0,harm
agreement,7,mixtral:8x7b,liberal,5.0,harm
agreement,7,mixtral:8x7b,liberal,5.0,harm
agreement,7,mixtral:8x7b,liberal,5.0,harm
agreement,7,mixtral:8x7b,liberal,5.0,harm
agreement,7,mixtral:8x7b,liberal,5.0,harm
agreement,7,mixtral:8x7b,liberal,5.0,harm
agreement,7,mixtral:8x7b,liberal,5.0,harm
agreement,7,mixtral:8x7b,liberal,5.0,harm
agreement,7,mixtral:8x7b,liberal,5.0,harm
agreement,7,mixtral:8x7b,liberal,5.0,harm
agreement,7,mixtral:8x7b,liberal,5.0,harm
agreement,7,mixtral:8x7b,liberal,5.0,harm
agreement,7,mixtral:8x7b,liberal,5.0,harm
agreement,7,mixtral:8x7b,liberal,5.0,harm
agreement,7,mixtral:8x7b,liberal,5.0,harm
agreement,7,mixtral:8x7b,liberal,5.0,harm
agreement,7,mixtral:8x7b,liberal,5.0,harm
agreement,7,mixtral:8x7b,liberal,5.0,harm
agreement,7,mixtral:8x7b,liberal,5.0,harm
agreement,7,mixtral:8x7b,liberal,5.0,harm
agreement,7,mixtral:8x7b,liberal,5.0,harm
agreement,7,mixtral:8x7b,liberal,5.0,harm
agreement,7,mixtral:8x7b,liberal,5.0,harm
agreement,7,mixtral:8x7b,liberal,5.0,harm
agreement,7,mixtral:8x7b,liberal,5.0,harm
agreement,7,mixtral:8x7b,liberal,5.0,harm
agreement,7,mixtral:8x7b,liberal,5.0,harm
agreement,7,mixtral:8x7b,liberal,5.0,harm
agreement,7,mixtral:8x7b,liberal,5.0,harm
agreement,7,mixtral:8x7b,liberal,5.0,harm
agreement,7,mixtral:8x7b,liberal,5.0,harm
agreement,7,mixtral:8x7b,liberal,5.0,harm
agreement,7,mixtral:8x7b,liberal,5.0,harm
agreement,7,mixtral:8x7b,liberal,5.0,harm
agreement,7,mixtral:8x7b,liberal,5.0,harm
agreement,7,mixtral:8x7b,liberal,5.0,harm
agreement,7,mixtral:8x7b,liberal,5.0,harm
agreement,7,mixtral:8x7b,liberal,5.0,harm
agreement,7,mixtral:8x7b,liberal,5.0,harm
agreement,7,mixtral:8x7b,liberal,5.0,harm
agreement,7,mixtral:8x7b,liberal,5.0,harm
agreement,7,mixtral:8x7b,liberal,5.0,harm
agreement,7,mixtral:8x7b,liberal,5.0,harm
agreement,7,mixtral:8x7b,liberal,5.0,harm
agreement,7,mixtral:8x7b,liberal,5.0,harm
agreement,7,mixtral:8x7b,liberal,5.0,harm
agreement,7,mixtral:8x7b,liberal,5.0,harm
agreement,7,mixtral:8x7b,liberal,5.0,harm
agreement,7,mixtral:8x7b,liberal,5.0,harm
agreement,7,mixtral:8x7b,liberal,5.0,harm
agreement,7,phi3:14b,conservative,5.0,harm
agreement,7,phi3:14b,conservative,5.0,harm
agreement,7,phi3:14b,conservative,5.0,harm
agreement,7,phi3:14b,conservative,5.0,harm
agreement,7,phi3:14b,conservative,5.0,harm
agreement,7,phi3:14b,conservative,5.0,harm
agreement,7,phi3:14b,conservative,5.0,harm
agreement,7,phi3:14b,conservative,5.0,harm
agreement,7,phi3:14b,conservative,5.0,harm
agreement,7,phi3:14b,conservative,5.0,harm
agreement,7,phi3:14b,conservative,5.0,harm
agreement,7,phi3:14b,conservative,5.0,harm
agreement,7,phi3:14b,conservative,5.0,harm
agreement,7,phi3:14b,conservative,5.0,harm
agreement,7,phi3:14b,conservative,5.0,harm
agreement,7,phi3:14b,conservative,5.0,harm
agreement,7,phi3:14b,conservative,5.0,harm
agreement,7,phi3:14b,conservative,5.0,harm
agreement,7,phi3:14b,conservative,5.0,harm
agreement,7,phi3:14b,conservative,5.0,harm
agreement,7,phi3:14b,conservative,5.0,harm
agreement,7,phi3:14b,conservative,5.0,harm
agreement,7,phi3:14b,conservative,5.0,harm
agreement,7,phi3:14b,conservative,5.0,harm
agreement,7,phi3:14b,conservative,5.0,harm
agreement,7,phi3:14b,conservative,5.0,harm
agreement,7,phi3:14b,conservative,5.0,harm
agreement,7,phi3:14b,conservative,5.0,harm
agreement,7,phi3:14b,conservative,5.0,harm
agreement,7,phi3:14b,conservative,5.0,harm
agreement,7,phi3:14b,conservative,5.0,harm
agreement,7,phi3:14b,conservative,5.0,harm
agreement,7,phi3:14b,conservative,5.0,harm
agreement,7,phi3:14b,conservative,5.0,harm
agreement,7,phi3:14b,conservative,5.0,harm
agreement,7,phi3:14b,conservative,5.0,harm
agreement,7,phi3:14b,conservative,5.0,harm
agreement,7,phi3:14b,conservative,5.0,harm
agreement,7,phi3:14b,conservative,5.0,harm
agreement,7,phi3:14b,conservative,5.0,harm
agreement,7,phi3:14b,conservative,5.0,harm
agreement,7,phi3:14b,conservative,5.0,harm
agreement,7,phi3:14b,conservative,5.0,harm
agreement,7,phi3:14b,conservative,5.0,harm
agreement,7,phi3:14b,conservative,5.0,harm
agreement,7,phi3:14b,conservative,5.0,harm
agreement,7,phi3:14b,conservative,5.0,harm
agreement,7,phi3:14b,conservative,5.0,harm
agreement,7,phi3:14b,conservative,5.0,harm
agreement,7,phi3:14b,conservative,5.0,harm
agreement,7,phi3:14b,moderate,0.0,harm
agreement,7,phi3:14b,moderate,5.0,harm
agreement,7,phi3:14b,moderate,5.0,harm
agreement,7,phi3:14b,moderate,5.0,harm
agreement,7,phi3:14b,moderate,5.0,harm
agreement,7,phi3:14b,moderate,5.0,harm
agreement,7,phi3:14b,moderate,5.0,harm
agreement,7,phi3:14b,moderate,5.0,harm
agreement,7,phi3:14b,moderate,5.0,harm
agreement,7,phi3:14b,moderate,5.0,harm
agreement,7,phi3:14b,moderate,5.0,harm
agreement,7,phi3:14b,moderate,5.0,harm
agreement,7,phi3:14b,moderate,5.0,harm
agreement,7,phi3:14b,moderate,5.0,harm
agreement,7,phi3:14b,moderate,5.0,harm
agreement,7,phi3:14b,moderate,5.0,harm
agreement,7,phi3:14b,moderate,5.0,harm
agreement,7,phi3:14b,moderate,5.0,harm
agreement,7,phi3:14b,moderate,5.0,harm
agreement,7,phi3:14b,moderate,5.0,harm
agreement,7,phi3:14b,moderate,5.0,harm
agreement,7,phi3:14b,moderate,5.0,harm
agreement,7,phi3:14b,moderate,5.0,harm
agreement,7,phi3:14b,moderate,5.0,harm
agreement,7,phi3:14b,moderate,0.0,harm
agreement,7,phi3:14b,moderate,5.0,harm
agreement,7,phi3:14b,moderate,5.0,harm
agreement,7,phi3:14b,moderate,5.0,harm
agreement,7,phi3:14b,moderate,5.0,harm
agreement,7,phi3:14b,moderate,5.0,harm
agreement,7,phi3:14b,moderate,5.0,harm
agreement,7,phi3:14b,moderate,5.0,harm
agreement,7,phi3:14b,moderate,5.0,harm
agreement,7,phi3:14b,moderate,5.0,harm
agreement,7,phi3:14b,moderate,5.0,harm
agreement,7,phi3:14b,moderate,5.0,harm
agreement,7,phi3:14b,moderate,5.0,harm
agreement,7,phi3:14b,moderate,5.0,harm
agreement,7,phi3:14b,moderate,5.0,harm
agreement,7,phi3:14b,moderate,5.0,harm
agreement,7,phi3:14b,moderate,5.0,harm
agreement,7,phi3:14b,moderate,5.0,harm
agreement,7,phi3:14b,moderate,5.0,harm
agreement,7,phi3:14b,moderate,5.0,harm
agreement,7,phi3:14b,moderate,5.0,harm
agreement,7,phi3:14b,moderate,5.0,harm
agreement,7,phi3:14b,moderate,5.0,harm
agreement,7,phi3:14b,moderate,5.0,harm
agreement,7,phi3:14b,moderate,5.0,harm
agreement,7,phi3:14b,moderate,5.0,harm
agreement,7,phi3:14b,liberal,5.0,harm
agreement,7,phi3:14b,liberal,5.0,harm
agreement,7,phi3:14b,liberal,5.0,harm
agreement,7,phi3:14b,liberal,5.0,harm
agreement,7,phi3:14b,liberal,5.0,harm
agreement,7,phi3:14b,liberal,5.0,harm
agreement,7,phi3:14b,liberal,5.0,harm
agreement,7,phi3:14b,liberal,5.0,harm
agreement,7,phi3:14b,liberal,5.0,harm
agreement,7,phi3:14b,liberal,5.0,harm
agreement,7,phi3:14b,liberal,5.0,harm
agreement,7,phi3:14b,liberal,5.0,harm
agreement,7,phi3:14b,liberal,5.0,harm
agreement,7,phi3:14b,liberal,5.0,harm
agreement,7,phi3:14b,liberal,5.0,harm
agreement,7,phi3:14b,liberal,5.0,harm
agreement,7,phi3:14b,liberal,5.0,harm
agreement,7,phi3:14b,liberal,5.0,harm
agreement,7,phi3:14b,liberal,5.0,harm
agreement,7,phi3:14b,liberal,5.0,harm
agreement,7,phi3:14b,liberal,5.0,harm
agreement,7,phi3:14b,liberal,5.0,harm
agreement,7,phi3:14b,liberal,5.0,harm
agreement,7,phi3:14b,liberal,5.0,harm
agreement,7,phi3:14b,liberal,5.0,harm
agreement,7,phi3:14b,liberal,5.0,harm
agreement,7,phi3:14b,liberal,5.0,harm
agreement,7,phi3:14b,liberal,5.0,harm
agreement,7,phi3:14b,liberal,5.0,harm
agreement,7,phi3:14b,liberal,5.0,harm
agreement,7,phi3:14b,liberal,5.0,harm
agreement,7,phi3:14b,liberal,5.0,harm
agreement,7,phi3:14b,liberal,5.0,harm
agreement,7,phi3:14b,liberal,5.0,harm
agreement,7,phi3:14b,liberal,5.0,harm
agreement,7,phi3:14b,liberal,5.0,harm
agreement,7,phi3:14b,liberal,5.0,harm
agreement,7,phi3:14b,liberal,5.0,harm
agreement,7,phi3:14b,liberal,5.0,harm
agreement,7,phi3:14b,liberal,5.0,harm
agreement,7,phi3:14b,liberal,5.0,harm
agreement,7,phi3:14b,liberal,5.0,harm
agreement,7,phi3:14b,liberal,5.0,harm
agreement,7,phi3:14b,liberal,5.0,harm
agreement,7,phi3:14b,liberal,5.0,harm
agreement,7,phi3:14b,liberal,5.0,harm
agreement,7,phi3:14b,liberal,5.0,harm
agreement,7,phi3:14b,liberal,5.0,harm
agreement,7,phi3:14b,liberal,5.0,harm
agreement,7,phi3:14b,liberal,5.0,harm
agreement,7,gemma:7b,conservative,5.0,harm
agreement,7,gemma:7b,conservative,5.0,harm
agreement,7,gemma:7b,conservative,5.0,harm
agreement,7,gemma:7b,conservative,5.0,harm
agreement,7,gemma:7b,conservative,5.0,harm
agreement,7,gemma:7b,conservative,5.0,harm
agreement,7,gemma:7b,conservative,5.0,harm
agreement,7,gemma:7b,conservative,5.0,harm
agreement,7,gemma:7b,conservative,5.0,harm
agreement,7,gemma:7b,conservative,5.0,harm
agreement,7,gemma:7b,conservative,5.0,harm
agreement,7,gemma:7b,conservative,5.0,harm
agreement,7,gemma:7b,conservative,5.0,harm
agreement,7,gemma:7b,conservative,5.0,harm
agreement,7,gemma:7b,conservative,5.0,harm
agreement,7,gemma:7b,conservative,5.0,harm
agreement,7,gemma:7b,conservative,5.0,harm
agreement,7,gemma:7b,conservative,5.0,harm
agreement,7,gemma:7b,conservative,5.0,harm
agreement,7,gemma:7b,conservative,5.0,harm
agreement,7,gemma:7b,conservative,5.0,harm
agreement,7,gemma:7b,conservative,5.0,harm
agreement,7,gemma:7b,conservative,5.0,harm
agreement,7,gemma:7b,conservative,5.0,harm
agreement,7,gemma:7b,conservative,5.0,harm
agreement,7,gemma:7b,conservative,5.0,harm
agreement,7,gemma:7b,conservative,5.0,harm
agreement,7,gemma:7b,conservative,5.0,harm
agreement,7,gemma:7b,conservative,5.0,harm
agreement,7,gemma:7b,conservative,5.0,harm
agreement,7,gemma:7b,conservative,5.0,harm
agreement,7,gemma:7b,conservative,5.0,harm
agreement,7,gemma:7b,conservative,5.0,harm
agreement,7,gemma:7b,conservative,5.0,harm
agreement,7,gemma:7b,conservative,5.0,harm
agreement,7,gemma:7b,conservative,5.0,harm
agreement,7,gemma:7b,conservative,5.0,harm
agreement,7,gemma:7b,conservative,5.0,harm
agreement,7,gemma:7b,conservative,5.0,harm
agreement,7,gemma:7b,conservative,5.0,harm
agreement,7,gemma:7b,conservative,5.0,harm
agreement,7,gemma:7b,conservative,5.0,harm
agreement,7,gemma:7b,conservative,5.0,harm
agreement,7,gemma:7b,conservative,5.0,harm
agreement,7,gemma:7b,conservative,5.0,harm
agreement,7,gemma:7b,conservative,5.0,harm
agreement,7,gemma:7b,conservative,5.0,harm
agreement,7,gemma:7b,conservative,5.0,harm
agreement,7,gemma:7b,conservative,5.0,harm
agreement,7,gemma:7b,conservative,5.0,harm
agreement,7,gemma:7b,moderate,5.0,harm
agreement,7,gemma:7b,moderate,5.0,harm
agreement,7,gemma:7b,moderate,5.0,harm
agreement,7,gemma:7b,moderate,5.0,harm
agreement,7,gemma:7b,moderate,5.0,harm
agreement,7,gemma:7b,moderate,5.0,harm
agreement,7,gemma:7b,moderate,5.0,harm
agreement,7,gemma:7b,moderate,5.0,harm
agreement,7,gemma:7b,moderate,5.0,harm
agreement,7,gemma:7b,moderate,5.0,harm
agreement,7,gemma:7b,moderate,5.0,harm
agreement,7,gemma:7b,moderate,5.0,harm
agreement,7,gemma:7b,moderate,5.0,harm
agreement,7,gemma:7b,moderate,5.0,harm
agreement,7,gemma:7b,moderate,5.0,harm
agreement,7,gemma:7b,moderate,5.0,harm
agreement,7,gemma:7b,moderate,5.0,harm
agreement,7,gemma:7b,moderate,5.0,harm
agreement,7,gemma:7b,moderate,5.0,harm
agreement,7,gemma:7b,moderate,5.0,harm
agreement,7,gemma:7b,moderate,5.0,harm
agreement,7,gemma:7b,moderate,5.0,harm
agreement,7,gemma:7b,moderate,5.0,harm
agreement,7,gemma:7b,moderate,5.0,harm
agreement,7,gemma:7b,moderate,5.0,harm
agreement,7,gemma:7b,moderate,5.0,harm
agreement,7,gemma:7b,moderate,5.0,harm
agreement,7,gemma:7b,moderate,5.0,harm
agreement,7,gemma:7b,moderate,5.0,harm
agreement,7,gemma:7b,moderate,5.0,harm
agreement,7,gemma:7b,moderate,5.0,harm
agreement,7,gemma:7b,moderate,5.0,harm
agreement,7,gemma:7b,moderate,5.0,harm
agreement,7,gemma:7b,moderate,5.0,harm
agreement,7,gemma:7b,moderate,5.0,harm
agreement,7,gemma:7b,moderate,5.0,harm
agreement,7,gemma:7b,moderate,5.0,harm
agreement,7,gemma:7b,moderate,5.0,harm
agreement,7,gemma:7b,moderate,5.0,harm
agreement,7,gemma:7b,moderate,5.0,harm
agreement,7,gemma:7b,moderate,5.0,harm
agreement,7,gemma:7b,moderate,5.0,harm
agreement,7,gemma:7b,moderate,5.0,harm
agreement,7,gemma:7b,moderate,5.0,harm
agreement,7,gemma:7b,moderate,5.0,harm
agreement,7,gemma:7b,moderate,5.0,harm
agreement,7,gemma:7b,moderate,5.0,harm
agreement,7,gemma:7b,moderate,5.0,harm
agreement,7,gemma:7b,moderate,5.0,harm
agreement,7,gemma:7b,moderate,5.0,harm
agreement,7,gemma:7b,liberal,5.0,harm
agreement,7,gemma:7b,liberal,5.0,harm
agreement,7,gemma:7b,liberal,5.0,harm
agreement,7,gemma:7b,liberal,5.0,harm
agreement,7,gemma:7b,liberal,5.0,harm
agreement,7,gemma:7b,liberal,5.0,harm
agreement,7,gemma:7b,liberal,5.0,harm
agreement,7,gemma:7b,liberal,5.0,harm
agreement,7,gemma:7b,liberal,5.0,harm
agreement,7,gemma:7b,liberal,5.0,harm
agreement,7,gemma:7b,liberal,5.0,harm
agreement,7,gemma:7b,liberal,5.0,harm
agreement,7,gemma:7b,liberal,5.0,harm
agreement,7,gemma:7b,liberal,5.0,harm
agreement,7,gemma:7b,liberal,5.0,harm
agreement,7,gemma:7b,liberal,5.0,harm
agreement,7,gemma:7b,liberal,5.0,harm
agreement,7,gemma:7b,liberal,5.0,harm
agreement,7,gemma:7b,liberal,5.0,harm
agreement,7,gemma:7b,liberal,5.0,harm
agreement,7,gemma:7b,liberal,5.0,harm
agreement,7,gemma:7b,liberal,5.0,harm
agreement,7,gemma:7b,liberal,5.0,harm
agreement,7,gemma:7b,liberal,5.0,harm
agreement,7,gemma:7b,liberal,5.0,harm
agreement,7,gemma:7b,liberal,5.0,harm
agreement,7,gemma:7b,liberal,5.0,harm
agreement,7,gemma:7b,liberal,5.0,harm
agreement,7,gemma:7b,liberal,5.0,harm
agreement,7,gemma:7b,liberal,5.0,harm
agreement,7,gemma:7b,liberal,5.0,harm
agreement,7,gemma:7b,liberal,5.0,harm
agreement,7,gemma:7b,liberal,5.0,harm
agreement,7,gemma:7b,liberal,5.0,harm
agreement,7,gemma:7b,liberal,5.0,harm
agreement,7,gemma:7b,liberal,5.0,harm
agreement,7,gemma:7b,liberal,5.0,harm
agreement,7,gemma:7b,liberal,5.0,harm
agreement,7,gemma:7b,liberal,5.0,harm
agreement,7,gemma:7b,liberal,5.0,harm
agreement,7,gemma:7b,liberal,5.0,harm
agreement,7,gemma:7b,liberal,5.0,harm
agreement,7,gemma:7b,liberal,5.0,harm
agreement,7,gemma:7b,liberal,5.0,harm
agreement,7,gemma:7b,liberal,5.0,harm
agreement,7,gemma:7b,liberal,5.0,harm
agreement,7,gemma:7b,liberal,5.0,harm
agreement,7,gemma:7b,liberal,5.0,harm
agreement,7,gemma:7b,liberal,5.0,harm
agreement,7,gemma:7b,liberal,5.0,harm
agreement,7,gemma2:27b,conservative,5.0,harm
agreement,7,gemma2:27b,conservative,5.0,harm
agreement,7,gemma2:27b,conservative,5.0,harm
agreement,7,gemma2:27b,conservative,5.0,harm
agreement,7,gemma2:27b,conservative,5.0,harm
agreement,7,gemma2:27b,conservative,5.0,harm
agreement,7,gemma2:27b,conservative,5.0,harm
agreement,7,gemma2:27b,conservative,5.0,harm
agreement,7,gemma2:27b,conservative,5.0,harm
agreement,7,gemma2:27b,conservative,5.0,harm
agreement,7,gemma2:27b,conservative,5.0,harm
agreement,7,gemma2:27b,conservative,5.0,harm
agreement,7,gemma2:27b,conservative,5.0,harm
agreement,7,gemma2:27b,conservative,5.0,harm
agreement,7,gemma2:27b,conservative,5.0,harm
agreement,7,gemma2:27b,conservative,5.0,harm
agreement,7,gemma2:27b,conservative,5.0,harm
agreement,7,gemma2:27b,conservative,5.0,harm
agreement,7,gemma2:27b,conservative,5.0,harm
agreement,7,gemma2:27b,conservative,5.0,harm
agreement,7,gemma2:27b,conservative,5.0,harm
agreement,7,gemma2:27b,conservative,5.0,harm
agreement,7,gemma2:27b,conservative,5.0,harm
agreement,7,gemma2:27b,conservative,5.0,harm
agreement,7,gemma2:27b,conservative,5.0,harm
agreement,7,gemma2:27b,conservative,5.0,harm
agreement,7,gemma2:27b,conservative,5.0,harm
agreement,7,gemma2:27b,conservative,5.0,harm
agreement,7,gemma2:27b,conservative,5.0,harm
agreement,7,gemma2:27b,conservative,5.0,harm
agreement,7,gemma2:27b,conservative,5.0,harm
agreement,7,gemma2:27b,conservative,5.0,harm
agreement,7,gemma2:27b,conservative,5.0,harm
agreement,7,gemma2:27b,conservative,5.0,harm
agreement,7,gemma2:27b,conservative,5.0,harm
agreement,7,gemma2:27b,conservative,5.0,harm
agreement,7,gemma2:27b,conservative,5.0,harm
agreement,7,gemma2:27b,conservative,5.0,harm
agreement,7,gemma2:27b,conservative,5.0,harm
agreement,7,gemma2:27b,conservative,5.0,harm
agreement,7,gemma2:27b,conservative,5.0,harm
agreement,7,gemma2:27b,conservative,5.0,harm
agreement,7,gemma2:27b,conservative,5.0,harm
agreement,7,gemma2:27b,conservative,5.0,harm
agreement,7,gemma2:27b,conservative,5.0,harm
agreement,7,gemma2:27b,conservative,5.0,harm
agreement,7,gemma2:27b,conservative,5.0,harm
agreement,7,gemma2:27b,conservative,5.0,harm
agreement,7,gemma2:27b,conservative,5.0,harm
agreement,7,gemma2:27b,conservative,5.0,harm
agreement,7,gemma2:27b,moderate,5.0,harm
agreement,7,gemma2:27b,moderate,5.0,harm
agreement,7,gemma2:27b,moderate,5.0,harm
agreement,7,gemma2:27b,moderate,5.0,harm
agreement,7,gemma2:27b,moderate,5.0,harm
agreement,7,gemma2:27b,moderate,5.0,harm
agreement,7,gemma2:27b,moderate,5.0,harm
agreement,7,gemma2:27b,moderate,5.0,harm
agreement,7,gemma2:27b,moderate,5.0,harm
agreement,7,gemma2:27b,moderate,5.0,harm
agreement,7,gemma2:27b,moderate,5.0,harm
agreement,7,gemma2:27b,moderate,5.0,harm
agreement,7,gemma2:27b,moderate,5.0,harm
agreement,7,gemma2:27b,moderate,5.0,harm
agreement,7,gemma2:27b,moderate,5.0,harm
agreement,7,gemma2:27b,moderate,5.0,harm
agreement,7,gemma2:27b,moderate,5.0,harm
agreement,7,gemma2:27b,moderate,5.0,harm
agreement,7,gemma2:27b,moderate,5.0,harm
agreement,7,gemma2:27b,moderate,5.0,harm
agreement,7,gemma2:27b,moderate,5.0,harm
agreement,7,gemma2:27b,moderate,5.0,harm
agreement,7,gemma2:27b,moderate,5.0,harm
agreement,7,gemma2:27b,moderate,5.0,harm
agreement,7,gemma2:27b,moderate,5.0,harm
agreement,7,gemma2:27b,moderate,5.0,harm
agreement,7,gemma2:27b,moderate,5.0,harm
agreement,7,gemma2:27b,moderate,5.0,harm
agreement,7,gemma2:27b,moderate,5.0,harm
agreement,7,gemma2:27b,moderate,5.0,harm
agreement,7,gemma2:27b,moderate,5.0,harm
agreement,7,gemma2:27b,moderate,5.0,harm
agreement,7,gemma2:27b,moderate,5.0,harm
agreement,7,gemma2:27b,moderate,5.0,harm
agreement,7,gemma2:27b,moderate,5.0,harm
agreement,7,gemma2:27b,moderate,5.0,harm
agreement,7,gemma2:27b,moderate,5.0,harm
agreement,7,gemma2:27b,moderate,5.0,harm
agreement,7,gemma2:27b,moderate,5.0,harm
agreement,7,gemma2:27b,moderate,5.0,harm
agreement,7,gemma2:27b,moderate,5.0,harm
agreement,7,gemma2:27b,moderate,5.0,harm
agreement,7,gemma2:27b,moderate,5.0,harm
agreement,7,gemma2:27b,moderate,5.0,harm
agreement,7,gemma2:27b,moderate,5.0,harm
agreement,7,gemma2:27b,moderate,5.0,harm
agreement,7,gemma2:27b,moderate,5.0,harm
agreement,7,gemma2:27b,moderate,5.0,harm
agreement,7,gemma2:27b,moderate,5.0,harm
agreement,7,gemma2:27b,moderate,5.0,harm
agreement,7,gemma2:27b,liberal,5.0,harm
agreement,7,gemma2:27b,liberal,5.0,harm
agreement,7,gemma2:27b,liberal,5.0,harm
agreement,7,gemma2:27b,liberal,5.0,harm
agreement,7,gemma2:27b,liberal,5.0,harm
agreement,7,gemma2:27b,liberal,5.0,harm
agreement,7,gemma2:27b,liberal,5.0,harm
agreement,7,gemma2:27b,liberal,5.0,harm
agreement,7,gemma2:27b,liberal,5.0,harm
agreement,7,gemma2:27b,liberal,5.0,harm
agreement,7,gemma2:27b,liberal,5.0,harm
agreement,7,gemma2:27b,liberal,5.0,harm
agreement,7,gemma2:27b,liberal,5.0,harm
agreement,7,gemma2:27b,liberal,5.0,harm
agreement,7,gemma2:27b,liberal,5.0,harm
agreement,7,gemma2:27b,liberal,5.0,harm
agreement,7,gemma2:27b,liberal,5.0,harm
agreement,7,gemma2:27b,liberal,5.0,harm
agreement,7,gemma2:27b,liberal,5.0,harm
agreement,7,gemma2:27b,liberal,5.0,harm
agreement,7,gemma2:27b,liberal,5.0,harm
agreement,7,gemma2:27b,liberal,5.0,harm
agreement,7,gemma2:27b,liberal,5.0,harm
agreement,7,gemma2:27b,liberal,5.0,harm
agreement,7,gemma2:27b,liberal,5.0,harm
agreement,7,gemma2:27b,liberal,5.0,harm
agreement,7,gemma2:27b,liberal,5.0,harm
agreement,7,gemma2:27b,liberal,5.0,harm
agreement,7,gemma2:27b,liberal,5.0,harm
agreement,7,gemma2:27b,liberal,5.0,harm
agreement,7,gemma2:27b,liberal,5.0,harm
agreement,7,gemma2:27b,liberal,5.0,harm
agreement,7,gemma2:27b,liberal,5.0,harm
agreement,7,gemma2:27b,liberal,5.0,harm
agreement,7,gemma2:27b,liberal,5.0,harm
agreement,7,gemma2:27b,liberal,5.0,harm
agreement,7,gemma2:27b,liberal,5.0,harm
agreement,7,gemma2:27b,liberal,5.0,harm
agreement,7,gemma2:27b,liberal,5.0,harm
agreement,7,gemma2:27b,liberal,5.0,harm
agreement,7,gemma2:27b,liberal,5.0,harm
agreement,7,gemma2:27b,liberal,5.0,harm
agreement,7,gemma2:27b,liberal,5.0,harm
agreement,7,gemma2:27b,liberal,5.0,harm
agreement,7,gemma2:27b,liberal,5.0,harm
agreement,7,gemma2:27b,liberal,5.0,harm
agreement,7,gemma2:27b,liberal,5.0,harm
agreement,7,gemma2:27b,liberal,5.0,harm
agreement,7,gemma2:27b,liberal,5.0,harm
agreement,7,gemma2:27b,liberal,5.0,harm
agreement,7,qwen:72b,conservative,5.0,harm
agreement,7,qwen:72b,conservative,5.0,harm
agreement,7,qwen:72b,conservative,5.0,harm
agreement,7,qwen:72b,conservative,5.0,harm
agreement,7,qwen:72b,conservative,5.0,harm
agreement,7,qwen:72b,conservative,5.0,harm
agreement,7,qwen:72b,conservative,5.0,harm
agreement,7,qwen:72b,conservative,5.0,harm
agreement,7,qwen:72b,conservative,5.0,harm
agreement,7,qwen:72b,conservative,5.0,harm
agreement,7,qwen:72b,conservative,5.0,harm
agreement,7,qwen:72b,conservative,5.0,harm
agreement,7,qwen:72b,conservative,5.0,harm
agreement,7,qwen:72b,conservative,5.0,harm
agreement,7,qwen:72b,conservative,5.0,harm
agreement,7,qwen:72b,conservative,5.0,harm
agreement,7,qwen:72b,conservative,5.0,harm
agreement,7,qwen:72b,conservative,5.0,harm
agreement,7,qwen:72b,conservative,5.0,harm
agreement,7,qwen:72b,conservative,5.0,harm
agreement,7,qwen:72b,conservative,5.0,harm
agreement,7,qwen:72b,conservative,5.0,harm
agreement,7,qwen:72b,conservative,5.0,harm
agreement,7,qwen:72b,conservative,5.0,harm
agreement,7,qwen:72b,conservative,5.0,harm
agreement,7,qwen:72b,conservative,5.0,harm
agreement,7,qwen:72b,conservative,5.0,harm
agreement,7,qwen:72b,conservative,5.0,harm
agreement,7,qwen:72b,conservative,5.0,harm
agreement,7,qwen:72b,conservative,5.0,harm
agreement,7,qwen:72b,conservative,5.0,harm
agreement,7,qwen:72b,conservative,5.0,harm
agreement,7,qwen:72b,conservative,5.0,harm
agreement,7,qwen:72b,conservative,5.0,harm
agreement,7,qwen:72b,conservative,5.0,harm
agreement,7,qwen:72b,conservative,5.0,harm
agreement,7,qwen:72b,conservative,5.0,harm
agreement,7,qwen:72b,conservative,5.0,harm
agreement,7,qwen:72b,conservative,5.0,harm
agreement,7,qwen:72b,conservative,5.0,harm
agreement,7,qwen:72b,conservative,5.0,harm
agreement,7,qwen:72b,conservative,5.0,harm
agreement,7,qwen:72b,conservative,5.0,harm
agreement,7,qwen:72b,conservative,5.0,harm
agreement,7,qwen:72b,conservative,5.0,harm
agreement,7,qwen:72b,conservative,5.0,harm
agreement,7,qwen:72b,conservative,5.0,harm
agreement,7,qwen:72b,conservative,5.0,harm
agreement,7,qwen:72b,conservative,5.0,harm
agreement,7,qwen:72b,conservative,5.0,harm
agreement,7,qwen:72b,moderate,5.0,harm
agreement,7,qwen:72b,moderate,5.0,harm
agreement,7,qwen:72b,moderate,5.0,harm
agreement,7,qwen:72b,moderate,5.0,harm
agreement,7,qwen:72b,moderate,5.0,harm
agreement,7,qwen:72b,moderate,5.0,harm
agreement,7,qwen:72b,moderate,5.0,harm
agreement,7,qwen:72b,moderate,5.0,harm
agreement,7,qwen:72b,moderate,5.0,harm
agreement,7,qwen:72b,moderate,5.0,harm
agreement,7,qwen:72b,moderate,5.0,harm
agreement,7,qwen:72b,moderate,5.0,harm
agreement,7,qwen:72b,moderate,5.0,harm
agreement,7,qwen:72b,moderate,5.0,harm
agreement,7,qwen:72b,moderate,5.0,harm
agreement,7,qwen:72b,moderate,5.0,harm
agreement,7,qwen:72b,moderate,5.0,harm
agreement,7,qwen:72b,moderate,5.0,harm
agreement,7,qwen:72b,moderate,5.0,harm
agreement,7,qwen:72b,moderate,5.0,harm
agreement,7,qwen:72b,moderate,5.0,harm
agreement,7,qwen:72b,moderate,5.0,harm
agreement,7,qwen:72b,moderate,5.0,harm
agreement,7,qwen:72b,moderate,5.0,harm
agreement,7,qwen:72b,moderate,5.0,harm
agreement,7,qwen:72b,moderate,5.0,harm
agreement,7,qwen:72b,moderate,5.0,harm
agreement,7,qwen:72b,moderate,5.0,harm
agreement,7,qwen:72b,moderate,5.0,harm
agreement,7,qwen:72b,moderate,5.0,harm
agreement,7,qwen:72b,moderate,5.0,harm
agreement,7,qwen:72b,moderate,5.0,harm
agreement,7,qwen:72b,moderate,5.0,harm
agreement,7,qwen:72b,moderate,5.0,harm
agreement,7,qwen:72b,moderate,5.0,harm
agreement,7,qwen:72b,moderate,5.0,harm
agreement,7,qwen:72b,moderate,5.0,harm
agreement,7,qwen:72b,moderate,5.0,harm
agreement,7,qwen:72b,moderate,5.0,harm
agreement,7,qwen:72b,moderate,5.0,harm
agreement,7,qwen:72b,moderate,5.0,harm
agreement,7,qwen:72b,moderate,5.0,harm
agreement,7,qwen:72b,moderate,5.0,harm
agreement,7,qwen:72b,moderate,5.0,harm
agreement,7,qwen:72b,moderate,5.0,harm
agreement,7,qwen:72b,moderate,5.0,harm
agreement,7,qwen:72b,moderate,5.0,harm
agreement,7,qwen:72b,moderate,5.0,harm
agreement,7,qwen:72b,moderate,5.0,harm
agreement,7,qwen:72b,moderate,5.0,harm
agreement,7,qwen:72b,liberal,5.0,harm
agreement,7,qwen:72b,liberal,5.0,harm
agreement,7,qwen:72b,liberal,5.0,harm
agreement,7,qwen:72b,liberal,5.0,harm
agreement,7,qwen:72b,liberal,5.0,harm
agreement,7,qwen:72b,liberal,5.0,harm
agreement,7,qwen:72b,liberal,5.0,harm
agreement,7,qwen:72b,liberal,5.0,harm
agreement,7,qwen:72b,liberal,5.0,harm
agreement,7,qwen:72b,liberal,5.0,harm
agreement,7,qwen:72b,liberal,5.0,harm
agreement,7,qwen:72b,liberal,5.0,harm
agreement,7,qwen:72b,liberal,5.0,harm
agreement,7,qwen:72b,liberal,5.0,harm
agreement,7,qwen:72b,liberal,5.0,harm
agreement,7,qwen:72b,liberal,5.0,harm
agreement,7,qwen:72b,liberal,5.0,harm
agreement,7,qwen:72b,liberal,5.0,harm
agreement,7,qwen:72b,liberal,5.0,harm
agreement,7,qwen:72b,liberal,5.0,harm
agreement,7,qwen:72b,liberal,5.0,harm
agreement,7,qwen:72b,liberal,5.0,harm
agreement,7,qwen:72b,liberal,5.0,harm
agreement,7,qwen:72b,liberal,5.0,harm
agreement,7,qwen:72b,liberal,5.0,harm
agreement,7,qwen:72b,liberal,5.0,harm
agreement,7,qwen:72b,liberal,5.0,harm
agreement,7,qwen:72b,liberal,5.0,harm
agreement,7,qwen:72b,liberal,5.0,harm
agreement,7,qwen:72b,liberal,5.0,harm
agreement,7,qwen:72b,liberal,5.0,harm
agreement,7,qwen:72b,liberal,5.0,harm
agreement,7,qwen:72b,liberal,5.0,harm
agreement,7,qwen:72b,liberal,5.0,harm
agreement,7,qwen:72b,liberal,5.0,harm
agreement,7,qwen:72b,liberal,5.0,harm
agreement,7,qwen:72b,liberal,5.0,harm
agreement,7,qwen:72b,liberal,5.0,harm
agreement,7,qwen:72b,liberal,5.0,harm
agreement,7,qwen:72b,liberal,5.0,harm
agreement,7,qwen:72b,liberal,5.0,harm
agreement,7,qwen:72b,liberal,5.0,harm
agreement,7,qwen:72b,liberal,5.0,harm
agreement,7,qwen:72b,liberal,5.0,harm
agreement,7,qwen:72b,liberal,5.0,harm
agreement,7,qwen:72b,liberal,5.0,harm
agreement,7,qwen:72b,liberal,5.0,harm
agreement,7,qwen:72b,liberal,5.0,harm
agreement,7,qwen:72b,liberal,5.0,harm
agreement,7,qwen:72b,liberal,5.0,harm
agreement,7,qwen2:72b,conservative,5.0,harm
agreement,7,qwen2:72b,conservative,5.0,harm
agreement,7,qwen2:72b,conservative,5.0,harm
agreement,7,qwen2:72b,conservative,5.0,harm
agreement,7,qwen2:72b,conservative,5.0,harm
agreement,7,qwen2:72b,conservative,5.0,harm
agreement,7,qwen2:72b,conservative,5.0,harm
agreement,7,qwen2:72b,conservative,5.0,harm
agreement,7,qwen2:72b,conservative,5.0,harm
agreement,7,qwen2:72b,conservative,5.0,harm
agreement,7,qwen2:72b,conservative,5.0,harm
agreement,7,qwen2:72b,conservative,5.0,harm
agreement,7,qwen2:72b,conservative,5.0,harm
agreement,7,qwen2:72b,conservative,5.0,harm
agreement,7,qwen2:72b,conservative,5.0,harm
agreement,7,qwen2:72b,conservative,5.0,harm
agreement,7,qwen2:72b,conservative,5.0,harm
agreement,7,qwen2:72b,conservative,5.0,harm
agreement,7,qwen2:72b,conservative,5.0,harm
agreement,7,qwen2:72b,conservative,5.0,harm
agreement,7,qwen2:72b,conservative,5.0,harm
agreement,7,qwen2:72b,conservative,5.0,harm
agreement,7,qwen2:72b,conservative,5.0,harm
agreement,7,qwen2:72b,conservative,5.0,harm
agreement,7,qwen2:72b,conservative,5.0,harm
agreement,7,qwen2:72b,conservative,5.0,harm
agreement,7,qwen2:72b,conservative,5.0,harm
agreement,7,qwen2:72b,conservative,5.0,harm
agreement,7,qwen2:72b,conservative,5.0,harm
agreement,7,qwen2:72b,conservative,5.0,harm
agreement,7,qwen2:72b,conservative,5.0,harm
agreement,7,qwen2:72b,conservative,5.0,harm
agreement,7,qwen2:72b,conservative,5.0,harm
agreement,7,qwen2:72b,conservative,5.0,harm
agreement,7,qwen2:72b,conservative,5.0,harm
agreement,7,qwen2:72b,conservative,5.0,harm
agreement,7,qwen2:72b,conservative,5.0,harm
agreement,7,qwen2:72b,conservative,5.0,harm
agreement,7,qwen2:72b,conservative,5.0,harm
agreement,7,qwen2:72b,conservative,5.0,harm
agreement,7,qwen2:72b,conservative,5.0,harm
agreement,7,qwen2:72b,conservative,5.0,harm
agreement,7,qwen2:72b,conservative,5.0,harm
agreement,7,qwen2:72b,conservative,5.0,harm
agreement,7,qwen2:72b,conservative,5.0,harm
agreement,7,qwen2:72b,conservative,5.0,harm
agreement,7,qwen2:72b,conservative,5.0,harm
agreement,7,qwen2:72b,conservative,5.0,harm
agreement,7,qwen2:72b,conservative,5.0,harm
agreement,7,qwen2:72b,conservative,5.0,harm
agreement,7,qwen2:72b,moderate,5.0,harm
agreement,7,qwen2:72b,moderate,5.0,harm
agreement,7,qwen2:72b,moderate,5.0,harm
agreement,7,qwen2:72b,moderate,5.0,harm
agreement,7,qwen2:72b,moderate,5.0,harm
agreement,7,qwen2:72b,moderate,5.0,harm
agreement,7,qwen2:72b,moderate,5.0,harm
agreement,7,qwen2:72b,moderate,5.0,harm
agreement,7,qwen2:72b,moderate,5.0,harm
agreement,7,qwen2:72b,moderate,5.0,harm
agreement,7,qwen2:72b,moderate,5.0,harm
agreement,7,qwen2:72b,moderate,5.0,harm
agreement,7,qwen2:72b,moderate,5.0,harm
agreement,7,qwen2:72b,moderate,5.0,harm
agreement,7,qwen2:72b,moderate,5.0,harm
agreement,7,qwen2:72b,moderate,5.0,harm
agreement,7,qwen2:72b,moderate,5.0,harm
agreement,7,qwen2:72b,moderate,5.0,harm
agreement,7,qwen2:72b,moderate,5.0,harm
agreement,7,qwen2:72b,moderate,5.0,harm
agreement,7,qwen2:72b,moderate,5.0,harm
agreement,7,qwen2:72b,moderate,5.0,harm
agreement,7,qwen2:72b,moderate,5.0,harm
agreement,7,qwen2:72b,moderate,5.0,harm
agreement,7,qwen2:72b,moderate,5.0,harm
agreement,7,qwen2:72b,moderate,5.0,harm
agreement,7,qwen2:72b,moderate,5.0,harm
agreement,7,qwen2:72b,moderate,5.0,harm
agreement,7,qwen2:72b,moderate,5.0,harm
agreement,7,qwen2:72b,moderate,5.0,harm
agreement,7,qwen2:72b,moderate,5.0,harm
agreement,7,qwen2:72b,moderate,5.0,harm
agreement,7,qwen2:72b,moderate,5.0,harm
agreement,7,qwen2:72b,moderate,5.0,harm
agreement,7,qwen2:72b,moderate,5.0,harm
agreement,7,qwen2:72b,moderate,5.0,harm
agreement,7,qwen2:72b,moderate,5.0,harm
agreement,7,qwen2:72b,moderate,5.0,harm
agreement,7,qwen2:72b,moderate,5.0,harm
agreement,7,qwen2:72b,moderate,5.0,harm
agreement,7,qwen2:72b,moderate,5.0,harm
agreement,7,qwen2:72b,moderate,5.0,harm
agreement,7,qwen2:72b,moderate,5.0,harm
agreement,7,qwen2:72b,moderate,5.0,harm
agreement,7,qwen2:72b,moderate,5.0,harm
agreement,7,qwen2:72b,moderate,5.0,harm
agreement,7,qwen2:72b,moderate,5.0,harm
agreement,7,qwen2:72b,moderate,5.0,harm
agreement,7,qwen2:72b,moderate,5.0,harm
agreement,7,qwen2:72b,moderate,5.0,harm
agreement,7,qwen2:72b,liberal,5.0,harm
agreement,7,qwen2:72b,liberal,5.0,harm
agreement,7,qwen2:72b,liberal,5.0,harm
agreement,7,qwen2:72b,liberal,5.0,harm
agreement,7,qwen2:72b,liberal,5.0,harm
agreement,7,qwen2:72b,liberal,5.0,harm
agreement,7,qwen2:72b,liberal,5.0,harm
agreement,7,qwen2:72b,liberal,5.0,harm
agreement,7,qwen2:72b,liberal,5.0,harm
agreement,7,qwen2:72b,liberal,5.0,harm
agreement,7,qwen2:72b,liberal,5.0,harm
agreement,7,qwen2:72b,liberal,5.0,harm
agreement,7,qwen2:72b,liberal,5.0,harm
agreement,7,qwen2:72b,liberal,5.0,harm
agreement,7,qwen2:72b,liberal,5.0,harm
agreement,7,qwen2:72b,liberal,5.0,harm
agreement,7,qwen2:72b,liberal,5.0,harm
agreement,7,qwen2:72b,liberal,5.0,harm
agreement,7,qwen2:72b,liberal,5.0,harm
agreement,7,qwen2:72b,liberal,5.0,harm
agreement,7,qwen2:72b,liberal,5.0,harm
agreement,7,qwen2:72b,liberal,5.0,harm
agreement,7,qwen2:72b,liberal,5.0,harm
agreement,7,qwen2:72b,liberal,5.0,harm
agreement,7,qwen2:72b,liberal,5.0,harm
agreement,7,qwen2:72b,liberal,5.0,harm
agreement,7,qwen2:72b,liberal,5.0,harm
agreement,7,qwen2:72b,liberal,5.0,harm
agreement,7,qwen2:72b,liberal,5.0,harm
agreement,7,qwen2:72b,liberal,5.0,harm
agreement,7,qwen2:72b,liberal,5.0,harm
agreement,7,qwen2:72b,liberal,5.0,harm
agreement,7,qwen2:72b,liberal,5.0,harm
agreement,7,qwen2:72b,liberal,5.0,harm
agreement,7,qwen2:72b,liberal,5.0,harm
agreement,7,qwen2:72b,liberal,5.0,harm
agreement,7,qwen2:72b,liberal,5.0,harm
agreement,7,qwen2:72b,liberal,5.0,harm
agreement,7,qwen2:72b,liberal,5.0,harm
agreement,7,qwen2:72b,liberal,5.0,harm
agreement,7,qwen2:72b,liberal,5.0,harm
agreement,7,qwen2:72b,liberal,5.0,harm
agreement,7,qwen2:72b,liberal,5.0,harm
agreement,7,qwen2:72b,liberal,5.0,harm
agreement,7,qwen2:72b,liberal,5.0,harm
agreement,7,qwen2:72b,liberal,5.0,harm
agreement,7,qwen2:72b,liberal,5.0,harm
agreement,7,qwen2:72b,liberal,5.0,harm
agreement,7,qwen2:72b,liberal,5.0,harm
agreement,7,qwen2:72b,liberal,5.0,harm
agreement,8,llama3.1:8b,conservative,5.0,fairness
agreement,8,llama3.1:8b,conservative,5.0,fairness
agreement,8,llama3.1:8b,conservative,5.0,fairness
agreement,8,llama3.1:8b,conservative,5.0,fairness
agreement,8,llama3.1:8b,conservative,5.0,fairness
agreement,8,llama3.1:8b,conservative,5.0,fairness
agreement,8,llama3.1:8b,conservative,5.0,fairness
agreement,8,llama3.1:8b,conservative,5.0,fairness
agreement,8,llama3.1:8b,conservative,5.0,fairness
agreement,8,llama3.1:8b,conservative,5.0,fairness
agreement,8,llama3.1:8b,conservative,5.0,fairness
agreement,8,llama3.1:8b,conservative,5.0,fairness
agreement,8,llama3.1:8b,conservative,5.0,fairness
agreement,8,llama3.1:8b,conservative,5.0,fairness
agreement,8,llama3.1:8b,conservative,5.0,fairness
agreement,8,llama3.1:8b,conservative,5.0,fairness
agreement,8,llama3.1:8b,conservative,5.0,fairness
agreement,8,llama3.1:8b,conservative,5.0,fairness
agreement,8,llama3.1:8b,conservative,5.0,fairness
agreement,8,llama3.1:8b,conservative,5.0,fairness
agreement,8,llama3.1:8b,conservative,5.0,fairness
agreement,8,llama3.1:8b,conservative,5.0,fairness
agreement,8,llama3.1:8b,conservative,5.0,fairness
agreement,8,llama3.1:8b,conservative,5.0,fairness
agreement,8,llama3.1:8b,conservative,5.0,fairness
agreement,8,llama3.1:8b,conservative,5.0,fairness
agreement,8,llama3.1:8b,conservative,5.0,fairness
agreement,8,llama3.1:8b,conservative,5.0,fairness
agreement,8,llama3.1:8b,conservative,5.0,fairness
agreement,8,llama3.1:8b,conservative,5.0,fairness
agreement,8,llama3.1:8b,conservative,5.0,fairness
agreement,8,llama3.1:8b,conservative,5.0,fairness
agreement,8,llama3.1:8b,conservative,5.0,fairness
agreement,8,llama3.1:8b,conservative,5.0,fairness
agreement,8,llama3.1:8b,conservative,5.0,fairness
agreement,8,llama3.1:8b,conservative,5.0,fairness
agreement,8,llama3.1:8b,conservative,5.0,fairness
agreement,8,llama3.1:8b,conservative,5.0,fairness
agreement,8,llama3.1:8b,conservative,5.0,fairness
agreement,8,llama3.1:8b,conservative,5.0,fairness
agreement,8,llama3.1:8b,conservative,5.0,fairness
agreement,8,llama3.1:8b,conservative,5.0,fairness
agreement,8,llama3.1:8b,conservative,5.0,fairness
agreement,8,llama3.1:8b,conservative,5.0,fairness
agreement,8,llama3.1:8b,conservative,5.0,fairness
agreement,8,llama3.1:8b,conservative,5.0,fairness
agreement,8,llama3.1:8b,conservative,5.0,fairness
agreement,8,llama3.1:8b,conservative,5.0,fairness
agreement,8,llama3.1:8b,conservative,5.0,fairness
agreement,8,llama3.1:8b,conservative,5.0,fairness
agreement,8,llama3.1:8b,moderate,4.0,fairness
agreement,8,llama3.1:8b,moderate,4.0,fairness
agreement,8,llama3.1:8b,moderate,5.0,fairness
agreement,8,llama3.1:8b,moderate,5.0,fairness
agreement,8,llama3.1:8b,moderate,5.0,fairness
agreement,8,llama3.1:8b,moderate,4.0,fairness
agreement,8,llama3.1:8b,moderate,5.0,fairness
agreement,8,llama3.1:8b,moderate,5.0,fairness
agreement,8,llama3.1:8b,moderate,5.0,fairness
agreement,8,llama3.1:8b,moderate,5.0,fairness
agreement,8,llama3.1:8b,moderate,5.0,fairness
agreement,8,llama3.1:8b,moderate,4.0,fairness
agreement,8,llama3.1:8b,moderate,5.0,fairness
agreement,8,llama3.1:8b,moderate,5.0,fairness
agreement,8,llama3.1:8b,moderate,5.0,fairness
agreement,8,llama3.1:8b,moderate,5.0,fairness
agreement,8,llama3.1:8b,moderate,5.0,fairness
agreement,8,llama3.1:8b,moderate,4.0,fairness
agreement,8,llama3.1:8b,moderate,4.0,fairness
agreement,8,llama3.1:8b,moderate,5.0,fairness
agreement,8,llama3.1:8b,moderate,5.0,fairness
agreement,8,llama3.1:8b,moderate,5.0,fairness
agreement,8,llama3.1:8b,moderate,5.0,fairness
agreement,8,llama3.1:8b,moderate,5.0,fairness
agreement,8,llama3.1:8b,moderate,4.0,fairness
agreement,8,llama3.1:8b,moderate,5.0,fairness
agreement,8,llama3.1:8b,moderate,5.0,fairness
agreement,8,llama3.1:8b,moderate,5.0,fairness
agreement,8,llama3.1:8b,moderate,5.0,fairness
agreement,8,llama3.1:8b,moderate,5.0,fairness
agreement,8,llama3.1:8b,moderate,4.0,fairness
agreement,8,llama3.1:8b,moderate,5.0,fairness
agreement,8,llama3.1:8b,moderate,5.0,fairness
agreement,8,llama3.1:8b,moderate,5.0,fairness
agreement,8,llama3.1:8b,moderate,5.0,fairness
agreement,8,llama3.1:8b,moderate,5.0,fairness
agreement,8,llama3.1:8b,moderate,5.0,fairness
agreement,8,llama3.1:8b,moderate,5.0,fairness
agreement,8,llama3.1:8b,moderate,5.0,fairness
agreement,8,llama3.1:8b,moderate,5.0,fairness
agreement,8,llama3.1:8b,moderate,5.0,fairness
agreement,8,llama3.1:8b,moderate,4.0,fairness
agreement,8,llama3.1:8b,moderate,4.0,fairness
agreement,8,llama3.1:8b,moderate,4.0,fairness
agreement,8,llama3.1:8b,moderate,5.0,fairness
agreement,8,llama3.1:8b,moderate,4.0,fairness
agreement,8,llama3.1:8b,moderate,5.0,fairness
agreement,8,llama3.1:8b,moderate,4.0,fairness
agreement,8,llama3.1:8b,moderate,5.0,fairness
agreement,8,llama3.1:8b,moderate,4.0,fairness
agreement,8,llama3.1:8b,liberal,5.0,fairness
agreement,8,llama3.1:8b,liberal,5.0,fairness
agreement,8,llama3.1:8b,liberal,5.0,fairness
agreement,8,llama3.1:8b,liberal,5.0,fairness
agreement,8,llama3.1:8b,liberal,5.0,fairness
agreement,8,llama3.1:8b,liberal,5.0,fairness
agreement,8,llama3.1:8b,liberal,5.0,fairness
agreement,8,llama3.1:8b,liberal,5.0,fairness
agreement,8,llama3.1:8b,liberal,5.0,fairness
agreement,8,llama3.1:8b,liberal,5.0,fairness
agreement,8,llama3.1:8b,liberal,5.0,fairness
agreement,8,llama3.1:8b,liberal,5.0,fairness
agreement,8,llama3.1:8b,liberal,5.0,fairness
agreement,8,llama3.1:8b,liberal,5.0,fairness
agreement,8,llama3.1:8b,liberal,5.0,fairness
agreement,8,llama3.1:8b,liberal,5.0,fairness
agreement,8,llama3.1:8b,liberal,5.0,fairness
agreement,8,llama3.1:8b,liberal,5.0,fairness
agreement,8,llama3.1:8b,liberal,5.0,fairness
agreement,8,llama3.1:8b,liberal,5.0,fairness
agreement,8,llama3.1:8b,liberal,5.0,fairness
agreement,8,llama3.1:8b,liberal,5.0,fairness
agreement,8,llama3.1:8b,liberal,5.0,fairness
agreement,8,llama3.1:8b,liberal,5.0,fairness
agreement,8,llama3.1:8b,liberal,5.0,fairness
agreement,8,llama3.1:8b,liberal,5.0,fairness
agreement,8,llama3.1:8b,liberal,5.0,fairness
agreement,8,llama3.1:8b,liberal,5.0,fairness
agreement,8,llama3.1:8b,liberal,5.0,fairness
agreement,8,llama3.1:8b,liberal,5.0,fairness
agreement,8,llama3.1:8b,liberal,5.0,fairness
agreement,8,llama3.1:8b,liberal,5.0,fairness
agreement,8,llama3.1:8b,liberal,5.0,fairness
agreement,8,llama3.1:8b,liberal,5.0,fairness
agreement,8,llama3.1:8b,liberal,5.0,fairness
agreement,8,llama3.1:8b,liberal,5.0,fairness
agreement,8,llama3.1:8b,liberal,5.0,fairness
agreement,8,llama3.1:8b,liberal,5.0,fairness
agreement,8,llama3.1:8b,liberal,5.0,fairness
agreement,8,llama3.1:8b,liberal,5.0,fairness
agreement,8,llama3.1:8b,liberal,5.0,fairness
agreement,8,llama3.1:8b,liberal,5.0,fairness
agreement,8,llama3.1:8b,liberal,5.0,fairness
agreement,8,llama3.1:8b,liberal,5.0,fairness
agreement,8,llama3.1:8b,liberal,5.0,fairness
agreement,8,llama3.1:8b,liberal,5.0,fairness
agreement,8,llama3.1:8b,liberal,5.0,fairness
agreement,8,llama3.1:8b,liberal,5.0,fairness
agreement,8,llama3.1:8b,liberal,5.0,fairness
agreement,8,llama3.1:8b,liberal,5.0,fairness
agreement,8,llama2:70b,conservative,4.0,fairness
agreement,8,llama2:70b,conservative,4.0,fairness
agreement,8,llama2:70b,conservative,4.0,fairness
agreement,8,llama2:70b,conservative,4.0,fairness
agreement,8,llama2:70b,conservative,4.0,fairness
agreement,8,llama2:70b,conservative,4.0,fairness
agreement,8,llama2:70b,conservative,4.0,fairness
agreement,8,llama2:70b,conservative,4.0,fairness
agreement,8,llama2:70b,conservative,3.0,fairness
agreement,8,llama2:70b,conservative,4.0,fairness
agreement,8,llama2:70b,conservative,4.0,fairness
agreement,8,llama2:70b,conservative,4.0,fairness
agreement,8,llama2:70b,conservative,4.0,fairness
agreement,8,llama2:70b,conservative,4.0,fairness
agreement,8,llama2:70b,conservative,1.0,fairness
agreement,8,llama2:70b,conservative,4.0,fairness
agreement,8,llama2:70b,conservative,4.0,fairness
agreement,8,llama2:70b,conservative,4.0,fairness
agreement,8,llama2:70b,conservative,4.0,fairness
agreement,8,llama2:70b,conservative,4.0,fairness
agreement,8,llama2:70b,conservative,4.0,fairness
agreement,8,llama2:70b,conservative,4.0,fairness
agreement,8,llama2:70b,conservative,4.0,fairness
agreement,8,llama2:70b,conservative,4.0,fairness
agreement,8,llama2:70b,conservative,4.0,fairness
agreement,8,llama2:70b,conservative,4.0,fairness
agreement,8,llama2:70b,conservative,4.0,fairness
agreement,8,llama2:70b,conservative,4.0,fairness
agreement,8,llama2:70b,conservative,4.0,fairness
agreement,8,llama2:70b,conservative,1.0,fairness
agreement,8,llama2:70b,conservative,4.0,fairness
agreement,8,llama2:70b,conservative,4.0,fairness
agreement,8,llama2:70b,conservative,4.0,fairness
agreement,8,llama2:70b,conservative,4.0,fairness
agreement,8,llama2:70b,conservative,4.0,fairness
agreement,8,llama2:70b,conservative,4.0,fairness
agreement,8,llama2:70b,conservative,4.0,fairness
agreement,8,llama2:70b,conservative,1.0,fairness
agreement,8,llama2:70b,conservative,1.0,fairness
agreement,8,llama2:70b,conservative,4.0,fairness
agreement,8,llama2:70b,conservative,3.0,fairness
agreement,8,llama2:70b,conservative,4.0,fairness
agreement,8,llama2:70b,conservative,1.0,fairness
agreement,8,llama2:70b,conservative,4.0,fairness
agreement,8,llama2:70b,conservative,4.0,fairness
agreement,8,llama2:70b,conservative,4.0,fairness
agreement,8,llama2:70b,conservative,1.0,fairness
agreement,8,llama2:70b,conservative,4.0,fairness
agreement,8,llama2:70b,conservative,1.0,fairness
agreement,8,llama2:70b,moderate,4.0,fairness
agreement,8,llama2:70b,moderate,4.0,fairness
agreement,8,llama2:70b,moderate,4.0,fairness
agreement,8,llama2:70b,moderate,4.0,fairness
agreement,8,llama2:70b,moderate,4.0,fairness
agreement,8,llama2:70b,moderate,4.0,fairness
agreement,8,llama2:70b,moderate,4.0,fairness
agreement,8,llama2:70b,moderate,4.0,fairness
agreement,8,llama2:70b,moderate,4.0,fairness
agreement,8,llama2:70b,moderate,4.0,fairness
agreement,8,llama2:70b,moderate,4.0,fairness
agreement,8,llama2:70b,moderate,4.0,fairness
agreement,8,llama2:70b,moderate,4.0,fairness
agreement,8,llama2:70b,moderate,4.0,fairness
agreement,8,llama2:70b,moderate,4.0,fairness
agreement,8,llama2:70b,moderate,4.0,fairness
agreement,8,llama2:70b,moderate,4.0,fairness
agreement,8,llama2:70b,moderate,4.0,fairness
agreement,8,llama2:70b,moderate,4.0,fairness
agreement,8,llama2:70b,moderate,4.0,fairness
agreement,8,llama2:70b,moderate,4.0,fairness
agreement,8,llama2:70b,moderate,4.0,fairness
agreement,8,llama2:70b,moderate,4.0,fairness
agreement,8,llama2:70b,moderate,4.0,fairness
agreement,8,llama2:70b,moderate,4.0,fairness
agreement,8,llama2:70b,moderate,4.0,fairness
agreement,8,llama2:70b,moderate,4.0,fairness
agreement,8,llama2:70b,moderate,4.0,fairness
agreement,8,llama2:70b,moderate,4.0,fairness
agreement,8,llama2:70b,moderate,4.0,fairness
agreement,8,llama2:70b,moderate,4.0,fairness
agreement,8,llama2:70b,moderate,4.0,fairness
agreement,8,llama2:70b,moderate,4.0,fairness
agreement,8,llama2:70b,moderate,4.0,fairness
agreement,8,llama2:70b,moderate,4.0,fairness
agreement,8,llama2:70b,moderate,4.0,fairness
agreement,8,llama2:70b,moderate,4.0,fairness
agreement,8,llama2:70b,moderate,4.0,fairness
agreement,8,llama2:70b,moderate,4.0,fairness
agreement,8,llama2:70b,moderate,4.0,fairness
agreement,8,llama2:70b,moderate,4.0,fairness
agreement,8,llama2:70b,moderate,4.0,fairness
agreement,8,llama2:70b,moderate,4.0,fairness
agreement,8,llama2:70b,moderate,4.0,fairness
agreement,8,llama2:70b,moderate,4.0,fairness
agreement,8,llama2:70b,moderate,4.0,fairness
agreement,8,llama2:70b,moderate,4.0,fairness
agreement,8,llama2:70b,moderate,4.0,fairness
agreement,8,llama2:70b,moderate,4.0,fairness
agreement,8,llama2:70b,moderate,4.0,fairness
agreement,8,llama2:70b,liberal,4.0,fairness
agreement,8,llama2:70b,liberal,4.0,fairness
agreement,8,llama2:70b,liberal,4.0,fairness
agreement,8,llama2:70b,liberal,4.0,fairness
agreement,8,llama2:70b,liberal,4.0,fairness
agreement,8,llama2:70b,liberal,4.0,fairness
agreement,8,llama2:70b,liberal,4.0,fairness
agreement,8,llama2:70b,liberal,4.0,fairness
agreement,8,llama2:70b,liberal,4.0,fairness
agreement,8,llama2:70b,liberal,4.0,fairness
agreement,8,llama2:70b,liberal,4.0,fairness
agreement,8,llama2:70b,liberal,4.0,fairness
agreement,8,llama2:70b,liberal,4.0,fairness
agreement,8,llama2:70b,liberal,4.0,fairness
agreement,8,llama2:70b,liberal,4.0,fairness
agreement,8,llama2:70b,liberal,4.0,fairness
agreement,8,llama2:70b,liberal,4.0,fairness
agreement,8,llama2:70b,liberal,4.0,fairness
agreement,8,llama2:70b,liberal,4.0,fairness
agreement,8,llama2:70b,liberal,4.0,fairness
agreement,8,llama2:70b,liberal,4.0,fairness
agreement,8,llama2:70b,liberal,4.0,fairness
agreement,8,llama2:70b,liberal,5.0,fairness
agreement,8,llama2:70b,liberal,5.0,fairness
agreement,8,llama2:70b,liberal,4.0,fairness
agreement,8,llama2:70b,liberal,5.0,fairness
agreement,8,llama2:70b,liberal,4.0,fairness
agreement,8,llama2:70b,liberal,4.0,fairness
agreement,8,llama2:70b,liberal,5.0,fairness
agreement,8,llama2:70b,liberal,4.0,fairness
agreement,8,llama2:70b,liberal,4.0,fairness
agreement,8,llama2:70b,liberal,4.0,fairness
agreement,8,llama2:70b,liberal,4.0,fairness
agreement,8,llama2:70b,liberal,4.0,fairness
agreement,8,llama2:70b,liberal,4.0,fairness
agreement,8,llama2:70b,liberal,4.0,fairness
agreement,8,llama2:70b,liberal,4.0,fairness
agreement,8,llama2:70b,liberal,4.0,fairness
agreement,8,llama2:70b,liberal,4.0,fairness
agreement,8,llama2:70b,liberal,4.0,fairness
agreement,8,llama2:70b,liberal,5.0,fairness
agreement,8,llama2:70b,liberal,4.0,fairness
agreement,8,llama2:70b,liberal,4.0,fairness
agreement,8,llama2:70b,liberal,4.0,fairness
agreement,8,llama2:70b,liberal,4.0,fairness
agreement,8,llama2:70b,liberal,4.0,fairness
agreement,8,llama2:70b,liberal,4.0,fairness
agreement,8,llama2:70b,liberal,4.0,fairness
agreement,8,llama2:70b,liberal,4.0,fairness
agreement,8,llama2:70b,liberal,5.0,fairness
agreement,8,llama3:70b,conservative,5.0,fairness
agreement,8,llama3:70b,conservative,5.0,fairness
agreement,8,llama3:70b,conservative,5.0,fairness
agreement,8,llama3:70b,conservative,5.0,fairness
agreement,8,llama3:70b,conservative,5.0,fairness
agreement,8,llama3:70b,conservative,5.0,fairness
agreement,8,llama3:70b,conservative,5.0,fairness
agreement,8,llama3:70b,conservative,5.0,fairness
agreement,8,llama3:70b,conservative,5.0,fairness
agreement,8,llama3:70b,conservative,5.0,fairness
agreement,8,llama3:70b,conservative,5.0,fairness
agreement,8,llama3:70b,conservative,5.0,fairness
agreement,8,llama3:70b,conservative,5.0,fairness
agreement,8,llama3:70b,conservative,5.0,fairness
agreement,8,llama3:70b,conservative,5.0,fairness
agreement,8,llama3:70b,conservative,5.0,fairness
agreement,8,llama3:70b,conservative,5.0,fairness
agreement,8,llama3:70b,conservative,5.0,fairness
agreement,8,llama3:70b,conservative,5.0,fairness
agreement,8,llama3:70b,conservative,5.0,fairness
agreement,8,llama3:70b,conservative,5.0,fairness
agreement,8,llama3:70b,conservative,5.0,fairness
agreement,8,llama3:70b,conservative,5.0,fairness
agreement,8,llama3:70b,conservative,5.0,fairness
agreement,8,llama3:70b,conservative,5.0,fairness
agreement,8,llama3:70b,conservative,5.0,fairness
agreement,8,llama3:70b,conservative,5.0,fairness
agreement,8,llama3:70b,conservative,5.0,fairness
agreement,8,llama3:70b,conservative,5.0,fairness
agreement,8,llama3:70b,conservative,5.0,fairness
agreement,8,llama3:70b,conservative,5.0,fairness
agreement,8,llama3:70b,conservative,5.0,fairness
agreement,8,llama3:70b,conservative,5.0,fairness
agreement,8,llama3:70b,conservative,5.0,fairness
agreement,8,llama3:70b,conservative,5.0,fairness
agreement,8,llama3:70b,conservative,5.0,fairness
agreement,8,llama3:70b,conservative,5.0,fairness
agreement,8,llama3:70b,conservative,5.0,fairness
agreement,8,llama3:70b,conservative,5.0,fairness
agreement,8,llama3:70b,conservative,5.0,fairness
agreement,8,llama3:70b,conservative,5.0,fairness
agreement,8,llama3:70b,conservative,5.0,fairness
agreement,8,llama3:70b,conservative,5.0,fairness
agreement,8,llama3:70b,conservative,5.0,fairness
agreement,8,llama3:70b,conservative,5.0,fairness
agreement,8,llama3:70b,conservative,5.0,fairness
agreement,8,llama3:70b,conservative,5.0,fairness
agreement,8,llama3:70b,conservative,5.0,fairness
agreement,8,llama3:70b,conservative,5.0,fairness
agreement,8,llama3:70b,conservative,5.0,fairness
agreement,8,llama3:70b,moderate,5.0,fairness
agreement,8,llama3:70b,moderate,5.0,fairness
agreement,8,llama3:70b,moderate,5.0,fairness
agreement,8,llama3:70b,moderate,5.0,fairness
agreement,8,llama3:70b,moderate,5.0,fairness
agreement,8,llama3:70b,moderate,5.0,fairness
agreement,8,llama3:70b,moderate,5.0,fairness
agreement,8,llama3:70b,moderate,5.0,fairness
agreement,8,llama3:70b,moderate,5.0,fairness
agreement,8,llama3:70b,moderate,5.0,fairness
agreement,8,llama3:70b,moderate,5.0,fairness
agreement,8,llama3:70b,moderate,5.0,fairness
agreement,8,llama3:70b,moderate,5.0,fairness
agreement,8,llama3:70b,moderate,5.0,fairness
agreement,8,llama3:70b,moderate,5.0,fairness
agreement,8,llama3:70b,moderate,5.0,fairness
agreement,8,llama3:70b,moderate,5.0,fairness
agreement,8,llama3:70b,moderate,5.0,fairness
agreement,8,llama3:70b,moderate,5.0,fairness
agreement,8,llama3:70b,moderate,5.0,fairness
agreement,8,llama3:70b,moderate,5.0,fairness
agreement,8,llama3:70b,moderate,5.0,fairness
agreement,8,llama3:70b,moderate,5.0,fairness
agreement,8,llama3:70b,moderate,5.0,fairness
agreement,8,llama3:70b,moderate,5.0,fairness
agreement,8,llama3:70b,moderate,5.0,fairness
agreement,8,llama3:70b,moderate,5.0,fairness
agreement,8,llama3:70b,moderate,5.0,fairness
agreement,8,llama3:70b,moderate,5.0,fairness
agreement,8,llama3:70b,moderate,5.0,fairness
agreement,8,llama3:70b,moderate,5.0,fairness
agreement,8,llama3:70b,moderate,5.0,fairness
agreement,8,llama3:70b,moderate,5.0,fairness
agreement,8,llama3:70b,moderate,5.0,fairness
agreement,8,llama3:70b,moderate,5.0,fairness
agreement,8,llama3:70b,moderate,5.0,fairness
agreement,8,llama3:70b,moderate,5.0,fairness
agreement,8,llama3:70b,moderate,5.0,fairness
agreement,8,llama3:70b,moderate,5.0,fairness
agreement,8,llama3:70b,moderate,5.0,fairness
agreement,8,llama3:70b,moderate,5.0,fairness
agreement,8,llama3:70b,moderate,5.0,fairness
agreement,8,llama3:70b,moderate,5.0,fairness
agreement,8,llama3:70b,moderate,5.0,fairness
agreement,8,llama3:70b,moderate,5.0,fairness
agreement,8,llama3:70b,moderate,5.0,fairness
agreement,8,llama3:70b,moderate,5.0,fairness
agreement,8,llama3:70b,moderate,5.0,fairness
agreement,8,llama3:70b,moderate,5.0,fairness
agreement,8,llama3:70b,moderate,5.0,fairness
agreement,8,llama3:70b,liberal,5.0,fairness
agreement,8,llama3:70b,liberal,5.0,fairness
agreement,8,llama3:70b,liberal,5.0,fairness
agreement,8,llama3:70b,liberal,5.0,fairness
agreement,8,llama3:70b,liberal,5.0,fairness
agreement,8,llama3:70b,liberal,5.0,fairness
agreement,8,llama3:70b,liberal,5.0,fairness
agreement,8,llama3:70b,liberal,5.0,fairness
agreement,8,llama3:70b,liberal,5.0,fairness
agreement,8,llama3:70b,liberal,5.0,fairness
agreement,8,llama3:70b,liberal,5.0,fairness
agreement,8,llama3:70b,liberal,5.0,fairness
agreement,8,llama3:70b,liberal,5.0,fairness
agreement,8,llama3:70b,liberal,5.0,fairness
agreement,8,llama3:70b,liberal,5.0,fairness
agreement,8,llama3:70b,liberal,5.0,fairness
agreement,8,llama3:70b,liberal,5.0,fairness
agreement,8,llama3:70b,liberal,5.0,fairness
agreement,8,llama3:70b,liberal,5.0,fairness
agreement,8,llama3:70b,liberal,5.0,fairness
agreement,8,llama3:70b,liberal,5.0,fairness
agreement,8,llama3:70b,liberal,5.0,fairness
agreement,8,llama3:70b,liberal,5.0,fairness
agreement,8,llama3:70b,liberal,5.0,fairness
agreement,8,llama3:70b,liberal,5.0,fairness
agreement,8,llama3:70b,liberal,5.0,fairness
agreement,8,llama3:70b,liberal,5.0,fairness
agreement,8,llama3:70b,liberal,5.0,fairness
agreement,8,llama3:70b,liberal,5.0,fairness
agreement,8,llama3:70b,liberal,5.0,fairness
agreement,8,llama3:70b,liberal,5.0,fairness
agreement,8,llama3:70b,liberal,5.0,fairness
agreement,8,llama3:70b,liberal,5.0,fairness
agreement,8,llama3:70b,liberal,5.0,fairness
agreement,8,llama3:70b,liberal,5.0,fairness
agreement,8,llama3:70b,liberal,5.0,fairness
agreement,8,llama3:70b,liberal,5.0,fairness
agreement,8,llama3:70b,liberal,5.0,fairness
agreement,8,llama3:70b,liberal,5.0,fairness
agreement,8,llama3:70b,liberal,5.0,fairness
agreement,8,llama3:70b,liberal,5.0,fairness
agreement,8,llama3:70b,liberal,5.0,fairness
agreement,8,llama3:70b,liberal,5.0,fairness
agreement,8,llama3:70b,liberal,5.0,fairness
agreement,8,llama3:70b,liberal,5.0,fairness
agreement,8,llama3:70b,liberal,5.0,fairness
agreement,8,llama3:70b,liberal,5.0,fairness
agreement,8,llama3:70b,liberal,5.0,fairness
agreement,8,llama3:70b,liberal,5.0,fairness
agreement,8,llama3:70b,liberal,5.0,fairness
agreement,8,llama3.1:70b,conservative,5.0,fairness
agreement,8,llama3.1:70b,conservative,5.0,fairness
agreement,8,llama3.1:70b,conservative,5.0,fairness
agreement,8,llama3.1:70b,conservative,5.0,fairness
agreement,8,llama3.1:70b,conservative,5.0,fairness
agreement,8,llama3.1:70b,conservative,5.0,fairness
agreement,8,llama3.1:70b,conservative,5.0,fairness
agreement,8,llama3.1:70b,conservative,5.0,fairness
agreement,8,llama3.1:70b,conservative,5.0,fairness
agreement,8,llama3.1:70b,conservative,5.0,fairness
agreement,8,llama3.1:70b,conservative,5.0,fairness
agreement,8,llama3.1:70b,conservative,5.0,fairness
agreement,8,llama3.1:70b,conservative,5.0,fairness
agreement,8,llama3.1:70b,conservative,5.0,fairness
agreement,8,llama3.1:70b,conservative,5.0,fairness
agreement,8,llama3.1:70b,conservative,5.0,fairness
agreement,8,llama3.1:70b,conservative,5.0,fairness
agreement,8,llama3.1:70b,conservative,5.0,fairness
agreement,8,llama3.1:70b,conservative,5.0,fairness
agreement,8,llama3.1:70b,conservative,5.0,fairness
agreement,8,llama3.1:70b,conservative,5.0,fairness
agreement,8,llama3.1:70b,conservative,5.0,fairness
agreement,8,llama3.1:70b,conservative,5.0,fairness
agreement,8,llama3.1:70b,conservative,5.0,fairness
agreement,8,llama3.1:70b,conservative,5.0,fairness
agreement,8,llama3.1:70b,conservative,5.0,fairness
agreement,8,llama3.1:70b,conservative,5.0,fairness
agreement,8,llama3.1:70b,conservative,5.0,fairness
agreement,8,llama3.1:70b,conservative,5.0,fairness
agreement,8,llama3.1:70b,conservative,5.0,fairness
agreement,8,llama3.1:70b,conservative,5.0,fairness
agreement,8,llama3.1:70b,conservative,5.0,fairness
agreement,8,llama3.1:70b,conservative,5.0,fairness
agreement,8,llama3.1:70b,conservative,5.0,fairness
agreement,8,llama3.1:70b,conservative,5.0,fairness
agreement,8,llama3.1:70b,conservative,5.0,fairness
agreement,8,llama3.1:70b,conservative,5.0,fairness
agreement,8,llama3.1:70b,conservative,5.0,fairness
agreement,8,llama3.1:70b,conservative,5.0,fairness
agreement,8,llama3.1:70b,conservative,5.0,fairness
agreement,8,llama3.1:70b,conservative,5.0,fairness
agreement,8,llama3.1:70b,conservative,5.0,fairness
agreement,8,llama3.1:70b,conservative,5.0,fairness
agreement,8,llama3.1:70b,conservative,5.0,fairness
agreement,8,llama3.1:70b,conservative,5.0,fairness
agreement,8,llama3.1:70b,conservative,5.0,fairness
agreement,8,llama3.1:70b,conservative,5.0,fairness
agreement,8,llama3.1:70b,conservative,5.0,fairness
agreement,8,llama3.1:70b,conservative,5.0,fairness
agreement,8,llama3.1:70b,conservative,5.0,fairness
agreement,8,llama3.1:70b,moderate,5.0,fairness
agreement,8,llama3.1:70b,moderate,5.0,fairness
agreement,8,llama3.1:70b,moderate,5.0,fairness
agreement,8,llama3.1:70b,moderate,5.0,fairness
agreement,8,llama3.1:70b,moderate,5.0,fairness
agreement,8,llama3.1:70b,moderate,5.0,fairness
agreement,8,llama3.1:70b,moderate,5.0,fairness
agreement,8,llama3.1:70b,moderate,5.0,fairness
agreement,8,llama3.1:70b,moderate,5.0,fairness
agreement,8,llama3.1:70b,moderate,5.0,fairness
agreement,8,llama3.1:70b,moderate,5.0,fairness
agreement,8,llama3.1:70b,moderate,5.0,fairness
agreement,8,llama3.1:70b,moderate,5.0,fairness
agreement,8,llama3.1:70b,moderate,5.0,fairness
agreement,8,llama3.1:70b,moderate,5.0,fairness
agreement,8,llama3.1:70b,moderate,5.0,fairness
agreement,8,llama3.1:70b,moderate,5.0,fairness
agreement,8,llama3.1:70b,moderate,5.0,fairness
agreement,8,llama3.1:70b,moderate,5.0,fairness
agreement,8,llama3.1:70b,moderate,5.0,fairness
agreement,8,llama3.1:70b,moderate,5.0,fairness
agreement,8,llama3.1:70b,moderate,5.0,fairness
agreement,8,llama3.1:70b,moderate,5.0,fairness
agreement,8,llama3.1:70b,moderate,5.0,fairness
agreement,8,llama3.1:70b,moderate,5.0,fairness
agreement,8,llama3.1:70b,moderate,5.0,fairness
agreement,8,llama3.1:70b,moderate,5.0,fairness
agreement,8,llama3.1:70b,moderate,5.0,fairness
agreement,8,llama3.1:70b,moderate,5.0,fairness
agreement,8,llama3.1:70b,moderate,5.0,fairness
agreement,8,llama3.1:70b,moderate,5.0,fairness
agreement,8,llama3.1:70b,moderate,5.0,fairness
agreement,8,llama3.1:70b,moderate,5.0,fairness
agreement,8,llama3.1:70b,moderate,5.0,fairness
agreement,8,llama3.1:70b,moderate,5.0,fairness
agreement,8,llama3.1:70b,moderate,5.0,fairness
agreement,8,llama3.1:70b,moderate,5.0,fairness
agreement,8,llama3.1:70b,moderate,5.0,fairness
agreement,8,llama3.1:70b,moderate,5.0,fairness
agreement,8,llama3.1:70b,moderate,5.0,fairness
agreement,8,llama3.1:70b,moderate,5.0,fairness
agreement,8,llama3.1:70b,moderate,5.0,fairness
agreement,8,llama3.1:70b,moderate,5.0,fairness
agreement,8,llama3.1:70b,moderate,5.0,fairness
agreement,8,llama3.1:70b,moderate,5.0,fairness
agreement,8,llama3.1:70b,moderate,5.0,fairness
agreement,8,llama3.1:70b,moderate,5.0,fairness
agreement,8,llama3.1:70b,moderate,5.0,fairness
agreement,8,llama3.1:70b,moderate,5.0,fairness
agreement,8,llama3.1:70b,moderate,5.0,fairness
agreement,8,llama3.1:70b,liberal,5.0,fairness
agreement,8,llama3.1:70b,liberal,5.0,fairness
agreement,8,llama3.1:70b,liberal,5.0,fairness
agreement,8,llama3.1:70b,liberal,5.0,fairness
agreement,8,llama3.1:70b,liberal,5.0,fairness
agreement,8,llama3.1:70b,liberal,5.0,fairness
agreement,8,llama3.1:70b,liberal,5.0,fairness
agreement,8,llama3.1:70b,liberal,5.0,fairness
agreement,8,llama3.1:70b,liberal,5.0,fairness
agreement,8,llama3.1:70b,liberal,5.0,fairness
agreement,8,llama3.1:70b,liberal,5.0,fairness
agreement,8,llama3.1:70b,liberal,5.0,fairness
agreement,8,llama3.1:70b,liberal,5.0,fairness
agreement,8,llama3.1:70b,liberal,5.0,fairness
agreement,8,llama3.1:70b,liberal,5.0,fairness
agreement,8,llama3.1:70b,liberal,5.0,fairness
agreement,8,llama3.1:70b,liberal,5.0,fairness
agreement,8,llama3.1:70b,liberal,5.0,fairness
agreement,8,llama3.1:70b,liberal,5.0,fairness
agreement,8,llama3.1:70b,liberal,5.0,fairness
agreement,8,llama3.1:70b,liberal,5.0,fairness
agreement,8,llama3.1:70b,liberal,5.0,fairness
agreement,8,llama3.1:70b,liberal,5.0,fairness
agreement,8,llama3.1:70b,liberal,5.0,fairness
agreement,8,llama3.1:70b,liberal,5.0,fairness
agreement,8,llama3.1:70b,liberal,5.0,fairness
agreement,8,llama3.1:70b,liberal,5.0,fairness
agreement,8,llama3.1:70b,liberal,5.0,fairness
agreement,8,llama3.1:70b,liberal,5.0,fairness
agreement,8,llama3.1:70b,liberal,5.0,fairness
agreement,8,llama3.1:70b,liberal,5.0,fairness
agreement,8,llama3.1:70b,liberal,5.0,fairness
agreement,8,llama3.1:70b,liberal,5.0,fairness
agreement,8,llama3.1:70b,liberal,5.0,fairness
agreement,8,llama3.1:70b,liberal,5.0,fairness
agreement,8,llama3.1:70b,liberal,5.0,fairness
agreement,8,llama3.1:70b,liberal,5.0,fairness
agreement,8,llama3.1:70b,liberal,5.0,fairness
agreement,8,llama3.1:70b,liberal,5.0,fairness
agreement,8,llama3.1:70b,liberal,5.0,fairness
agreement,8,llama3.1:70b,liberal,5.0,fairness
agreement,8,llama3.1:70b,liberal,5.0,fairness
agreement,8,llama3.1:70b,liberal,5.0,fairness
agreement,8,llama3.1:70b,liberal,5.0,fairness
agreement,8,llama3.1:70b,liberal,5.0,fairness
agreement,8,llama3.1:70b,liberal,5.0,fairness
agreement,8,llama3.1:70b,liberal,5.0,fairness
agreement,8,llama3.1:70b,liberal,5.0,fairness
agreement,8,llama3.1:70b,liberal,5.0,fairness
agreement,8,llama3.1:70b,liberal,5.0,fairness
agreement,8,mistral:7b,conservative,3.0,fairness
agreement,8,mistral:7b,conservative,5.0,fairness
agreement,8,mistral:7b,conservative,3.0,fairness
agreement,8,mistral:7b,conservative,3.0,fairness
agreement,8,mistral:7b,conservative,3.0,fairness
agreement,8,mistral:7b,conservative,4.0,fairness
agreement,8,mistral:7b,conservative,3.0,fairness
agreement,8,mistral:7b,conservative,2.0,fairness
agreement,8,mistral:7b,conservative,3.0,fairness
agreement,8,mistral:7b,conservative,3.0,fairness
agreement,8,mistral:7b,conservative,5.0,fairness
agreement,8,mistral:7b,conservative,0.0,fairness
agreement,8,mistral:7b,conservative,3.0,fairness
agreement,8,mistral:7b,conservative,3.0,fairness
agreement,8,mistral:7b,conservative,3.0,fairness
agreement,8,mistral:7b,conservative,3.0,fairness
agreement,8,mistral:7b,conservative,3.0,fairness
agreement,8,mistral:7b,conservative,3.0,fairness
agreement,8,mistral:7b,conservative,3.0,fairness
agreement,8,mistral:7b,conservative,3.0,fairness
agreement,8,mistral:7b,conservative,3.0,fairness
agreement,8,mistral:7b,conservative,0.0,fairness
agreement,8,mistral:7b,conservative,3.0,fairness
agreement,8,mistral:7b,conservative,4.0,fairness
agreement,8,mistral:7b,conservative,4.0,fairness
agreement,8,mistral:7b,conservative,0.0,fairness
agreement,8,mistral:7b,conservative,3.0,fairness
agreement,8,mistral:7b,conservative,1.0,fairness
agreement,8,mistral:7b,conservative,3.0,fairness
agreement,8,mistral:7b,conservative,3.0,fairness
agreement,8,mistral:7b,conservative,3.0,fairness
agreement,8,mistral:7b,conservative,4.0,fairness
agreement,8,mistral:7b,conservative,3.0,fairness
agreement,8,mistral:7b,conservative,3.0,fairness
agreement,8,mistral:7b,conservative,0.0,fairness
agreement,8,mistral:7b,conservative,3.0,fairness
agreement,8,mistral:7b,conservative,3.0,fairness
agreement,8,mistral:7b,conservative,3.0,fairness
agreement,8,mistral:7b,conservative,3.0,fairness
agreement,8,mistral:7b,conservative,3.0,fairness
agreement,8,mistral:7b,conservative,3.0,fairness
agreement,8,mistral:7b,conservative,4.0,fairness
agreement,8,mistral:7b,conservative,3.0,fairness
agreement,8,mistral:7b,conservative,3.0,fairness
agreement,8,mistral:7b,conservative,2.0,fairness
agreement,8,mistral:7b,conservative,3.0,fairness
agreement,8,mistral:7b,conservative,3.0,fairness
agreement,8,mistral:7b,conservative,2.0,fairness
agreement,8,mistral:7b,conservative,3.0,fairness
agreement,8,mistral:7b,moderate,5.0,fairness
agreement,8,mistral:7b,moderate,5.0,fairness
agreement,8,mistral:7b,moderate,3.0,fairness
agreement,8,mistral:7b,moderate,4.0,fairness
agreement,8,mistral:7b,moderate,3.0,fairness
agreement,8,mistral:7b,moderate,4.0,fairness
agreement,8,mistral:7b,moderate,5.0,fairness
agreement,8,mistral:7b,moderate,4.0,fairness
agreement,8,mistral:7b,moderate,4.0,fairness
agreement,8,mistral:7b,moderate,5.0,fairness
agreement,8,mistral:7b,moderate,4.0,fairness
agreement,8,mistral:7b,moderate,0.0,fairness
agreement,8,mistral:7b,moderate,4.0,fairness
agreement,8,mistral:7b,moderate,4.0,fairness
agreement,8,mistral:7b,moderate,3.0,fairness
agreement,8,mistral:7b,moderate,0.0,fairness
agreement,8,mistral:7b,moderate,1.0,fairness
agreement,8,mistral:7b,moderate,3.0,fairness
agreement,8,mistral:7b,moderate,0.0,fairness
agreement,8,mistral:7b,moderate,3.0,fairness
agreement,8,mistral:7b,moderate,5.0,fairness
agreement,8,mistral:7b,moderate,3.0,fairness
agreement,8,mistral:7b,moderate,3.0,fairness
agreement,8,mistral:7b,moderate,4.0,fairness
agreement,8,mistral:7b,moderate,1.0,fairness
agreement,8,mistral:7b,moderate,4.0,fairness
agreement,8,mistral:7b,moderate,4.0,fairness
agreement,8,mistral:7b,moderate,3.0,fairness
agreement,8,mistral:7b,moderate,5.0,fairness
agreement,8,mistral:7b,moderate,5.0,fairness
agreement,8,mistral:7b,moderate,5.0,fairness
agreement,8,mistral:7b,moderate,4.0,fairness
agreement,8,mistral:7b,moderate,4.0,fairness
agreement,8,mistral:7b,moderate,4.0,fairness
agreement,8,mistral:7b,moderate,4.0,fairness
agreement,8,mistral:7b,moderate,5.0,fairness
agreement,8,mistral:7b,moderate,4.0,fairness
agreement,8,mistral:7b,moderate,0.0,fairness
agreement,8,mistral:7b,moderate,0.0,fairness
agreement,8,mistral:7b,moderate,3.0,fairness
agreement,8,mistral:7b,moderate,4.0,fairness
agreement,8,mistral:7b,moderate,5.0,fairness
agreement,8,mistral:7b,moderate,4.0,fairness
agreement,8,mistral:7b,moderate,3.0,fairness
agreement,8,mistral:7b,moderate,5.0,fairness
agreement,8,mistral:7b,moderate,4.0,fairness
agreement,8,mistral:7b,liberal,5.0,fairness
agreement,8,mistral:7b,liberal,5.0,fairness
agreement,8,mistral:7b,liberal,5.0,fairness
agreement,8,mistral:7b,liberal,5.0,fairness
agreement,8,mistral:7b,liberal,5.0,fairness
agreement,8,mistral:7b,liberal,5.0,fairness
agreement,8,mistral:7b,liberal,5.0,fairness
agreement,8,mistral:7b,liberal,5.0,fairness
agreement,8,mistral:7b,liberal,5.0,fairness
agreement,8,mistral:7b,liberal,5.0,fairness
agreement,8,mistral:7b,liberal,5.0,fairness
agreement,8,mistral:7b,liberal,5.0,fairness
agreement,8,mistral:7b,liberal,5.0,fairness
agreement,8,mistral:7b,liberal,5.0,fairness
agreement,8,mistral:7b,liberal,5.0,fairness
agreement,8,mistral:7b,liberal,5.0,fairness
agreement,8,mistral:7b,liberal,5.0,fairness
agreement,8,mistral:7b,liberal,5.0,fairness
agreement,8,mistral:7b,liberal,5.0,fairness
agreement,8,mistral:7b,liberal,5.0,fairness
agreement,8,mistral:7b,liberal,5.0,fairness
agreement,8,mistral:7b,liberal,5.0,fairness
agreement,8,mistral:7b,liberal,4.0,fairness
agreement,8,mistral:7b,liberal,5.0,fairness
agreement,8,mistral:7b,liberal,5.0,fairness
agreement,8,mistral:7b,liberal,5.0,fairness
agreement,8,mistral:7b,liberal,5.0,fairness
agreement,8,mistral:7b,liberal,5.0,fairness
agreement,8,mistral:7b,liberal,5.0,fairness
agreement,8,mistral:7b,liberal,5.0,fairness
agreement,8,mistral:7b,liberal,5.0,fairness
agreement,8,mistral:7b,liberal,5.0,fairness
agreement,8,mistral:7b,liberal,5.0,fairness
agreement,8,mistral:7b,liberal,5.0,fairness
agreement,8,mistral:7b,liberal,5.0,fairness
agreement,8,mistral:7b,liberal,5.0,fairness
agreement,8,mistral:7b,liberal,5.0,fairness
agreement,8,mistral:7b,liberal,5.0,fairness
agreement,8,mistral:7b,liberal,5.0,fairness
agreement,8,mistral:7b,liberal,4.0,fairness
agreement,8,mistral:7b,liberal,5.0,fairness
agreement,8,mistral:7b,liberal,5.0,fairness
agreement,8,mistral:7b,liberal,5.0,fairness
agreement,8,mistral:7b,liberal,5.0,fairness
agreement,8,mistral:7b,liberal,5.0,fairness
agreement,8,mistral:7b,liberal,4.0,fairness
agreement,8,mistral:7b,liberal,5.0,fairness
agreement,8,mistral:7b,liberal,5.0,fairness
agreement,8,mistral:7b,liberal,5.0,fairness
agreement,8,mistral:7b,liberal,5.0,fairness
agreement,8,mixtral:8x22b,conservative,4.0,fairness
agreement,8,mixtral:8x22b,conservative,3.0,fairness
agreement,8,mixtral:8x22b,conservative,4.0,fairness
agreement,8,mixtral:8x22b,conservative,4.0,fairness
agreement,8,mixtral:8x22b,conservative,3.0,fairness
agreement,8,mixtral:8x22b,conservative,3.0,fairness
agreement,8,mixtral:8x22b,conservative,4.0,fairness
agreement,8,mixtral:8x22b,conservative,4.0,fairness
agreement,8,mixtral:8x22b,conservative,3.0,fairness
agreement,8,mixtral:8x22b,conservative,4.0,fairness
agreement,8,mixtral:8x22b,conservative,3.0,fairness
agreement,8,mixtral:8x22b,conservative,4.0,fairness
agreement,8,mixtral:8x22b,conservative,4.0,fairness
agreement,8,mixtral:8x22b,conservative,3.0,fairness
agreement,8,mixtral:8x22b,conservative,4.0,fairness
agreement,8,mixtral:8x22b,conservative,3.0,fairness
agreement,8,mixtral:8x22b,conservative,4.0,fairness
agreement,8,mixtral:8x22b,conservative,3.0,fairness
agreement,8,mixtral:8x22b,conservative,4.0,fairness
agreement,8,mixtral:8x22b,conservative,3.0,fairness
agreement,8,mixtral:8x22b,conservative,4.0,fairness
agreement,8,mixtral:8x22b,conservative,3.0,fairness
agreement,8,mixtral:8x22b,conservative,4.0,fairness
agreement,8,mixtral:8x22b,conservative,4.0,fairness
agreement,8,mixtral:8x22b,conservative,3.0,fairness
agreement,8,mixtral:8x22b,conservative,3.0,fairness
agreement,8,mixtral:8x22b,conservative,3.0,fairness
agreement,8,mixtral:8x22b,conservative,3.0,fairness
agreement,8,mixtral:8x22b,conservative,4.0,fairness
agreement,8,mixtral:8x22b,conservative,3.0,fairness
agreement,8,mixtral:8x22b,conservative,4.0,fairness
agreement,8,mixtral:8x22b,conservative,3.0,fairness
agreement,8,mixtral:8x22b,conservative,3.0,fairness
agreement,8,mixtral:8x22b,conservative,4.0,fairness
agreement,8,mixtral:8x22b,conservative,3.0,fairness
agreement,8,mixtral:8x22b,conservative,4.0,fairness
agreement,8,mixtral:8x22b,conservative,3.0,fairness
agreement,8,mixtral:8x22b,conservative,3.0,fairness
agreement,8,mixtral:8x22b,conservative,3.0,fairness
agreement,8,mixtral:8x22b,conservative,4.0,fairness
agreement,8,mixtral:8x22b,conservative,3.0,fairness
agreement,8,mixtral:8x22b,conservative,3.0,fairness
agreement,8,mixtral:8x22b,conservative,4.0,fairness
agreement,8,mixtral:8x22b,conservative,4.0,fairness
agreement,8,mixtral:8x22b,conservative,4.0,fairness
agreement,8,mixtral:8x22b,conservative,3.0,fairness
agreement,8,mixtral:8x22b,conservative,4.0,fairness
agreement,8,mixtral:8x22b,conservative,4.0,fairness
agreement,8,mixtral:8x22b,conservative,4.0,fairness
agreement,8,mixtral:8x22b,conservative,4.0,fairness
agreement,8,mixtral:8x22b,moderate,4.0,fairness
agreement,8,mixtral:8x22b,moderate,5.0,fairness
agreement,8,mixtral:8x22b,moderate,4.0,fairness
agreement,8,mixtral:8x22b,moderate,4.0,fairness
agreement,8,mixtral:8x22b,moderate,5.0,fairness
agreement,8,mixtral:8x22b,moderate,4.0,fairness
agreement,8,mixtral:8x22b,moderate,5.0,fairness
agreement,8,mixtral:8x22b,moderate,5.0,fairness
agreement,8,mixtral:8x22b,moderate,4.0,fairness
agreement,8,mixtral:8x22b,moderate,4.0,fairness
agreement,8,mixtral:8x22b,moderate,5.0,fairness
agreement,8,mixtral:8x22b,moderate,4.0,fairness
agreement,8,mixtral:8x22b,moderate,5.0,fairness
agreement,8,mixtral:8x22b,moderate,4.0,fairness
agreement,8,mixtral:8x22b,moderate,4.0,fairness
agreement,8,mixtral:8x22b,moderate,5.0,fairness
agreement,8,mixtral:8x22b,moderate,5.0,fairness
agreement,8,mixtral:8x22b,moderate,4.0,fairness
agreement,8,mixtral:8x22b,moderate,4.0,fairness
agreement,8,mixtral:8x22b,moderate,5.0,fairness
agreement,8,mixtral:8x22b,moderate,4.0,fairness
agreement,8,mixtral:8x22b,moderate,5.0,fairness
agreement,8,mixtral:8x22b,moderate,4.0,fairness
agreement,8,mixtral:8x22b,moderate,5.0,fairness
agreement,8,mixtral:8x22b,moderate,4.0,fairness
agreement,8,mixtral:8x22b,moderate,4.0,fairness
agreement,8,mixtral:8x22b,moderate,5.0,fairness
agreement,8,mixtral:8x22b,moderate,4.0,fairness
agreement,8,mixtral:8x22b,moderate,4.0,fairness
agreement,8,mixtral:8x22b,moderate,4.0,fairness
agreement,8,mixtral:8x22b,moderate,4.0,fairness
agreement,8,mixtral:8x22b,moderate,4.0,fairness
agreement,8,mixtral:8x22b,moderate,5.0,fairness
agreement,8,mixtral:8x22b,moderate,4.0,fairness
agreement,8,mixtral:8x22b,moderate,4.0,fairness
agreement,8,mixtral:8x22b,moderate,4.0,fairness
agreement,8,mixtral:8x22b,moderate,4.0,fairness
agreement,8,mixtral:8x22b,moderate,4.0,fairness
agreement,8,mixtral:8x22b,moderate,5.0,fairness
agreement,8,mixtral:8x22b,moderate,5.0,fairness
agreement,8,mixtral:8x22b,moderate,5.0,fairness
agreement,8,mixtral:8x22b,moderate,5.0,fairness
agreement,8,mixtral:8x22b,moderate,4.0,fairness
agreement,8,mixtral:8x22b,moderate,4.0,fairness
agreement,8,mixtral:8x22b,moderate,4.0,fairness
agreement,8,mixtral:8x22b,moderate,4.0,fairness
agreement,8,mixtral:8x22b,moderate,5.0,fairness
agreement,8,mixtral:8x22b,moderate,5.0,fairness
agreement,8,mixtral:8x22b,moderate,4.0,fairness
agreement,8,mixtral:8x22b,moderate,4.0,fairness
agreement,8,mixtral:8x22b,liberal,5.0,fairness
agreement,8,mixtral:8x22b,liberal,5.0,fairness
agreement,8,mixtral:8x22b,liberal,4.0,fairness
agreement,8,mixtral:8x22b,liberal,5.0,fairness
agreement,8,mixtral:8x22b,liberal,4.0,fairness
agreement,8,mixtral:8x22b,liberal,5.0,fairness
agreement,8,mixtral:8x22b,liberal,5.0,fairness
agreement,8,mixtral:8x22b,liberal,5.0,fairness
agreement,8,mixtral:8x22b,liberal,5.0,fairness
agreement,8,mixtral:8x22b,liberal,5.0,fairness
agreement,8,mixtral:8x22b,liberal,5.0,fairness
agreement,8,mixtral:8x22b,liberal,4.0,fairness
agreement,8,mixtral:8x22b,liberal,4.0,fairness
agreement,8,mixtral:8x22b,liberal,5.0,fairness
agreement,8,mixtral:8x22b,liberal,5.0,fairness
agreement,8,mixtral:8x22b,liberal,4.0,fairness
agreement,8,mixtral:8x22b,liberal,5.0,fairness
agreement,8,mixtral:8x22b,liberal,5.0,fairness
agreement,8,mixtral:8x22b,liberal,5.0,fairness
agreement,8,mixtral:8x22b,liberal,5.0,fairness
agreement,8,mixtral:8x22b,liberal,5.0,fairness
agreement,8,mixtral:8x22b,liberal,4.0,fairness
agreement,8,mixtral:8x22b,liberal,5.0,fairness
agreement,8,mixtral:8x22b,liberal,5.0,fairness
agreement,8,mixtral:8x22b,liberal,5.0,fairness
agreement,8,mixtral:8x22b,liberal,4.0,fairness
agreement,8,mixtral:8x22b,liberal,5.0,fairness
agreement,8,mixtral:8x22b,liberal,5.0,fairness
agreement,8,mixtral:8x22b,liberal,5.0,fairness
agreement,8,mixtral:8x22b,liberal,4.0,fairness
agreement,8,mixtral:8x22b,liberal,5.0,fairness
agreement,8,mixtral:8x22b,liberal,5.0,fairness
agreement,8,mixtral:8x22b,liberal,5.0,fairness
agreement,8,mixtral:8x22b,liberal,5.0,fairness
agreement,8,mixtral:8x22b,liberal,4.0,fairness
agreement,8,mixtral:8x22b,liberal,5.0,fairness
agreement,8,mixtral:8x22b,liberal,5.0,fairness
agreement,8,mixtral:8x22b,liberal,5.0,fairness
agreement,8,mixtral:8x22b,liberal,5.0,fairness
agreement,8,mixtral:8x22b,liberal,5.0,fairness
agreement,8,mixtral:8x22b,liberal,5.0,fairness
agreement,8,mixtral:8x22b,liberal,5.0,fairness
agreement,8,mixtral:8x22b,liberal,5.0,fairness
agreement,8,mixtral:8x22b,liberal,5.0,fairness
agreement,8,mixtral:8x22b,liberal,5.0,fairness
agreement,8,mixtral:8x22b,liberal,5.0,fairness
agreement,8,mixtral:8x22b,liberal,5.0,fairness
agreement,8,mixtral:8x22b,liberal,5.0,fairness
agreement,8,mixtral:8x22b,liberal,5.0,fairness
agreement,8,mixtral:8x22b,liberal,5.0,fairness
agreement,8,mixtral:8x7b,conservative,4.0,fairness
agreement,8,mixtral:8x7b,conservative,4.0,fairness
agreement,8,mixtral:8x7b,conservative,4.0,fairness
agreement,8,mixtral:8x7b,conservative,3.0,fairness
agreement,8,mixtral:8x7b,conservative,4.0,fairness
agreement,8,mixtral:8x7b,conservative,4.0,fairness
agreement,8,mixtral:8x7b,conservative,4.0,fairness
agreement,8,mixtral:8x7b,conservative,4.0,fairness
agreement,8,mixtral:8x7b,conservative,4.0,fairness
agreement,8,mixtral:8x7b,conservative,3.0,fairness
agreement,8,mixtral:8x7b,conservative,4.0,fairness
agreement,8,mixtral:8x7b,conservative,4.0,fairness
agreement,8,mixtral:8x7b,conservative,4.0,fairness
agreement,8,mixtral:8x7b,conservative,4.0,fairness
agreement,8,mixtral:8x7b,conservative,4.0,fairness
agreement,8,mixtral:8x7b,conservative,4.0,fairness
agreement,8,mixtral:8x7b,conservative,4.0,fairness
agreement,8,mixtral:8x7b,conservative,4.0,fairness
agreement,8,mixtral:8x7b,conservative,4.0,fairness
agreement,8,mixtral:8x7b,conservative,4.0,fairness
agreement,8,mixtral:8x7b,conservative,4.0,fairness
agreement,8,mixtral:8x7b,conservative,4.0,fairness
agreement,8,mixtral:8x7b,conservative,4.0,fairness
agreement,8,mixtral:8x7b,conservative,4.0,fairness
agreement,8,mixtral:8x7b,conservative,4.0,fairness
agreement,8,mixtral:8x7b,conservative,4.0,fairness
agreement,8,mixtral:8x7b,conservative,4.0,fairness
agreement,8,mixtral:8x7b,conservative,4.0,fairness
agreement,8,mixtral:8x7b,conservative,3.0,fairness
agreement,8,mixtral:8x7b,conservative,4.0,fairness
agreement,8,mixtral:8x7b,conservative,4.0,fairness
agreement,8,mixtral:8x7b,conservative,4.0,fairness
agreement,8,mixtral:8x7b,conservative,4.0,fairness
agreement,8,mixtral:8x7b,conservative,3.0,fairness
agreement,8,mixtral:8x7b,conservative,4.0,fairness
agreement,8,mixtral:8x7b,conservative,4.0,fairness
agreement,8,mixtral:8x7b,conservative,4.0,fairness
agreement,8,mixtral:8x7b,conservative,3.0,fairness
agreement,8,mixtral:8x7b,conservative,3.0,fairness
agreement,8,mixtral:8x7b,conservative,3.0,fairness
agreement,8,mixtral:8x7b,conservative,3.0,fairness
agreement,8,mixtral:8x7b,conservative,4.0,fairness
agreement,8,mixtral:8x7b,conservative,4.0,fairness
agreement,8,mixtral:8x7b,conservative,4.0,fairness
agreement,8,mixtral:8x7b,conservative,4.0,fairness
agreement,8,mixtral:8x7b,conservative,4.0,fairness
agreement,8,mixtral:8x7b,moderate,4.0,fairness
agreement,8,mixtral:8x7b,moderate,4.0,fairness
agreement,8,mixtral:8x7b,moderate,4.0,fairness
agreement,8,mixtral:8x7b,moderate,4.0,fairness
agreement,8,mixtral:8x7b,moderate,4.0,fairness
agreement,8,mixtral:8x7b,moderate,4.0,fairness
agreement,8,mixtral:8x7b,moderate,4.0,fairness
agreement,8,mixtral:8x7b,moderate,4.0,fairness
agreement,8,mixtral:8x7b,moderate,4.0,fairness
agreement,8,mixtral:8x7b,moderate,4.0,fairness
agreement,8,mixtral:8x7b,moderate,4.0,fairness
agreement,8,mixtral:8x7b,moderate,4.0,fairness
agreement,8,mixtral:8x7b,moderate,4.0,fairness
agreement,8,mixtral:8x7b,moderate,4.0,fairness
agreement,8,mixtral:8x7b,moderate,4.0,fairness
agreement,8,mixtral:8x7b,moderate,4.0,fairness
agreement,8,mixtral:8x7b,moderate,4.0,fairness
agreement,8,mixtral:8x7b,moderate,4.0,fairness
agreement,8,mixtral:8x7b,moderate,4.0,fairness
agreement,8,mixtral:8x7b,moderate,4.0,fairness
agreement,8,mixtral:8x7b,moderate,4.0,fairness
agreement,8,mixtral:8x7b,moderate,4.0,fairness
agreement,8,mixtral:8x7b,moderate,4.0,fairness
agreement,8,mixtral:8x7b,moderate,4.0,fairness
agreement,8,mixtral:8x7b,moderate,4.0,fairness
agreement,8,mixtral:8x7b,moderate,4.0,fairness
agreement,8,mixtral:8x7b,moderate,4.0,fairness
agreement,8,mixtral:8x7b,moderate,4.0,fairness
agreement,8,mixtral:8x7b,moderate,4.0,fairness
agreement,8,mixtral:8x7b,moderate,4.0,fairness
agreement,8,mixtral:8x7b,moderate,4.0,fairness
agreement,8,mixtral:8x7b,moderate,4.0,fairness
agreement,8,mixtral:8x7b,moderate,4.0,fairness
agreement,8,mixtral:8x7b,moderate,4.0,fairness
agreement,8,mixtral:8x7b,moderate,4.0,fairness
agreement,8,mixtral:8x7b,moderate,4.0,fairness
agreement,8,mixtral:8x7b,moderate,4.0,fairness
agreement,8,mixtral:8x7b,moderate,4.0,fairness
agreement,8,mixtral:8x7b,moderate,4.0,fairness
agreement,8,mixtral:8x7b,moderate,4.0,fairness
agreement,8,mixtral:8x7b,moderate,4.0,fairness
agreement,8,mixtral:8x7b,moderate,4.0,fairness
agreement,8,mixtral:8x7b,moderate,4.0,fairness
agreement,8,mixtral:8x7b,moderate,4.0,fairness
agreement,8,mixtral:8x7b,moderate,4.0,fairness
agreement,8,mixtral:8x7b,moderate,4.0,fairness
agreement,8,mixtral:8x7b,moderate,4.0,fairness
agreement,8,mixtral:8x7b,moderate,4.0,fairness
agreement,8,mixtral:8x7b,moderate,4.0,fairness
agreement,8,mixtral:8x7b,moderate,4.0,fairness
agreement,8,mixtral:8x7b,liberal,5.0,fairness
agreement,8,mixtral:8x7b,liberal,4.0,fairness
agreement,8,mixtral:8x7b,liberal,5.0,fairness
agreement,8,mixtral:8x7b,liberal,5.0,fairness
agreement,8,mixtral:8x7b,liberal,5.0,fairness
agreement,8,mixtral:8x7b,liberal,5.0,fairness
agreement,8,mixtral:8x7b,liberal,5.0,fairness
agreement,8,mixtral:8x7b,liberal,5.0,fairness
agreement,8,mixtral:8x7b,liberal,5.0,fairness
agreement,8,mixtral:8x7b,liberal,5.0,fairness
agreement,8,mixtral:8x7b,liberal,4.0,fairness
agreement,8,mixtral:8x7b,liberal,4.0,fairness
agreement,8,mixtral:8x7b,liberal,4.0,fairness
agreement,8,mixtral:8x7b,liberal,4.0,fairness
agreement,8,mixtral:8x7b,liberal,5.0,fairness
agreement,8,mixtral:8x7b,liberal,5.0,fairness
agreement,8,mixtral:8x7b,liberal,5.0,fairness
agreement,8,mixtral:8x7b,liberal,5.0,fairness
agreement,8,mixtral:8x7b,liberal,5.0,fairness
agreement,8,mixtral:8x7b,liberal,5.0,fairness
agreement,8,mixtral:8x7b,liberal,5.0,fairness
agreement,8,mixtral:8x7b,liberal,4.0,fairness
agreement,8,mixtral:8x7b,liberal,5.0,fairness
agreement,8,mixtral:8x7b,liberal,5.0,fairness
agreement,8,mixtral:8x7b,liberal,5.0,fairness
agreement,8,mixtral:8x7b,liberal,5.0,fairness
agreement,8,mixtral:8x7b,liberal,4.0,fairness
agreement,8,mixtral:8x7b,liberal,5.0,fairness
agreement,8,mixtral:8x7b,liberal,4.0,fairness
agreement,8,mixtral:8x7b,liberal,4.0,fairness
agreement,8,mixtral:8x7b,liberal,5.0,fairness
agreement,8,mixtral:8x7b,liberal,5.0,fairness
agreement,8,mixtral:8x7b,liberal,5.0,fairness
agreement,8,mixtral:8x7b,liberal,5.0,fairness
agreement,8,mixtral:8x7b,liberal,5.0,fairness
agreement,8,mixtral:8x7b,liberal,5.0,fairness
agreement,8,mixtral:8x7b,liberal,5.0,fairness
agreement,8,mixtral:8x7b,liberal,4.0,fairness
agreement,8,mixtral:8x7b,liberal,5.0,fairness
agreement,8,mixtral:8x7b,liberal,5.0,fairness
agreement,8,mixtral:8x7b,liberal,4.0,fairness
agreement,8,mixtral:8x7b,liberal,5.0,fairness
agreement,8,mixtral:8x7b,liberal,4.0,fairness
agreement,8,mixtral:8x7b,liberal,5.0,fairness
agreement,8,mixtral:8x7b,liberal,5.0,fairness
agreement,8,mixtral:8x7b,liberal,5.0,fairness
agreement,8,mixtral:8x7b,liberal,4.0,fairness
agreement,8,mixtral:8x7b,liberal,4.0,fairness
agreement,8,mixtral:8x7b,liberal,5.0,fairness
agreement,8,mixtral:8x7b,liberal,5.0,fairness
agreement,8,phi3:14b,conservative,5.0,fairness
agreement,8,phi3:14b,conservative,5.0,fairness
agreement,8,phi3:14b,conservative,3.0,fairness
agreement,8,phi3:14b,conservative,5.0,fairness
agreement,8,phi3:14b,conservative,5.0,fairness
agreement,8,phi3:14b,conservative,5.0,fairness
agreement,8,phi3:14b,conservative,5.0,fairness
agreement,8,phi3:14b,conservative,5.0,fairness
agreement,8,phi3:14b,conservative,5.0,fairness
agreement,8,phi3:14b,conservative,5.0,fairness
agreement,8,phi3:14b,conservative,5.0,fairness
agreement,8,phi3:14b,conservative,5.0,fairness
agreement,8,phi3:14b,conservative,5.0,fairness
agreement,8,phi3:14b,conservative,5.0,fairness
agreement,8,phi3:14b,conservative,5.0,fairness
agreement,8,phi3:14b,conservative,5.0,fairness
agreement,8,phi3:14b,conservative,5.0,fairness
agreement,8,phi3:14b,conservative,5.0,fairness
agreement,8,phi3:14b,conservative,5.0,fairness
agreement,8,phi3:14b,conservative,5.0,fairness
agreement,8,phi3:14b,conservative,5.0,fairness
agreement,8,phi3:14b,conservative,5.0,fairness
agreement,8,phi3:14b,conservative,5.0,fairness
agreement,8,phi3:14b,conservative,5.0,fairness
agreement,8,phi3:14b,conservative,5.0,fairness
agreement,8,phi3:14b,conservative,5.0,fairness
agreement,8,phi3:14b,conservative,5.0,fairness
agreement,8,phi3:14b,conservative,5.0,fairness
agreement,8,phi3:14b,conservative,5.0,fairness
agreement,8,phi3:14b,conservative,5.0,fairness
agreement,8,phi3:14b,conservative,5.0,fairness
agreement,8,phi3:14b,conservative,5.0,fairness
agreement,8,phi3:14b,conservative,5.0,fairness
agreement,8,phi3:14b,conservative,5.0,fairness
agreement,8,phi3:14b,conservative,5.0,fairness
agreement,8,phi3:14b,conservative,5.0,fairness
agreement,8,phi3:14b,conservative,5.0,fairness
agreement,8,phi3:14b,conservative,5.0,fairness
agreement,8,phi3:14b,conservative,5.0,fairness
agreement,8,phi3:14b,conservative,5.0,fairness
agreement,8,phi3:14b,conservative,5.0,fairness
agreement,8,phi3:14b,conservative,5.0,fairness
agreement,8,phi3:14b,conservative,5.0,fairness
agreement,8,phi3:14b,conservative,5.0,fairness
agreement,8,phi3:14b,conservative,5.0,fairness
agreement,8,phi3:14b,conservative,5.0,fairness
agreement,8,phi3:14b,conservative,5.0,fairness
agreement,8,phi3:14b,conservative,5.0,fairness
agreement,8,phi3:14b,conservative,5.0,fairness
agreement,8,phi3:14b,conservative,5.0,fairness
agreement,8,phi3:14b,moderate,5.0,fairness
agreement,8,phi3:14b,moderate,5.0,fairness
agreement,8,phi3:14b,moderate,5.0,fairness
agreement,8,phi3:14b,moderate,5.0,fairness
agreement,8,phi3:14b,moderate,5.0,fairness
agreement,8,phi3:14b,moderate,5.0,fairness
agreement,8,phi3:14b,moderate,5.0,fairness
agreement,8,phi3:14b,moderate,5.0,fairness
agreement,8,phi3:14b,moderate,5.0,fairness
agreement,8,phi3:14b,moderate,5.0,fairness
agreement,8,phi3:14b,moderate,5.0,fairness
agreement,8,phi3:14b,moderate,5.0,fairness
agreement,8,phi3:14b,moderate,5.0,fairness
agreement,8,phi3:14b,moderate,5.0,fairness
agreement,8,phi3:14b,moderate,5.0,fairness
agreement,8,phi3:14b,moderate,5.0,fairness
agreement,8,phi3:14b,moderate,5.0,fairness
agreement,8,phi3:14b,moderate,5.0,fairness
agreement,8,phi3:14b,moderate,5.0,fairness
agreement,8,phi3:14b,moderate,5.0,fairness
agreement,8,phi3:14b,moderate,5.0,fairness
agreement,8,phi3:14b,moderate,5.0,fairness
agreement,8,phi3:14b,moderate,5.0,fairness
agreement,8,phi3:14b,moderate,5.0,fairness
agreement,8,phi3:14b,moderate,5.0,fairness
agreement,8,phi3:14b,moderate,4.0,fairness
agreement,8,phi3:14b,moderate,5.0,fairness
agreement,8,phi3:14b,moderate,5.0,fairness
agreement,8,phi3:14b,moderate,5.0,fairness
agreement,8,phi3:14b,moderate,5.0,fairness
agreement,8,phi3:14b,moderate,5.0,fairness
agreement,8,phi3:14b,moderate,5.0,fairness
agreement,8,phi3:14b,moderate,5.0,fairness
agreement,8,phi3:14b,moderate,5.0,fairness
agreement,8,phi3:14b,moderate,5.0,fairness
agreement,8,phi3:14b,moderate,5.0,fairness
agreement,8,phi3:14b,moderate,5.0,fairness
agreement,8,phi3:14b,moderate,5.0,fairness
agreement,8,phi3:14b,moderate,5.0,fairness
agreement,8,phi3:14b,moderate,5.0,fairness
agreement,8,phi3:14b,moderate,5.0,fairness
agreement,8,phi3:14b,moderate,5.0,fairness
agreement,8,phi3:14b,moderate,5.0,fairness
agreement,8,phi3:14b,moderate,5.0,fairness
agreement,8,phi3:14b,moderate,5.0,fairness
agreement,8,phi3:14b,moderate,5.0,fairness
agreement,8,phi3:14b,moderate,5.0,fairness
agreement,8,phi3:14b,moderate,5.0,fairness
agreement,8,phi3:14b,moderate,5.0,fairness
agreement,8,phi3:14b,moderate,5.0,fairness
agreement,8,phi3:14b,liberal,5.0,fairness
agreement,8,phi3:14b,liberal,5.0,fairness
agreement,8,phi3:14b,liberal,5.0,fairness
agreement,8,phi3:14b,liberal,5.0,fairness
agreement,8,phi3:14b,liberal,5.0,fairness
agreement,8,phi3:14b,liberal,5.0,fairness
agreement,8,phi3:14b,liberal,5.0,fairness
agreement,8,phi3:14b,liberal,5.0,fairness
agreement,8,phi3:14b,liberal,5.0,fairness
agreement,8,phi3:14b,liberal,5.0,fairness
agreement,8,phi3:14b,liberal,5.0,fairness
agreement,8,phi3:14b,liberal,5.0,fairness
agreement,8,phi3:14b,liberal,5.0,fairness
agreement,8,phi3:14b,liberal,5.0,fairness
agreement,8,phi3:14b,liberal,5.0,fairness
agreement,8,phi3:14b,liberal,5.0,fairness
agreement,8,phi3:14b,liberal,5.0,fairness
agreement,8,phi3:14b,liberal,5.0,fairness
agreement,8,phi3:14b,liberal,5.0,fairness
agreement,8,phi3:14b,liberal,5.0,fairness
agreement,8,phi3:14b,liberal,5.0,fairness
agreement,8,phi3:14b,liberal,5.0,fairness
agreement,8,phi3:14b,liberal,5.0,fairness
agreement,8,phi3:14b,liberal,5.0,fairness
agreement,8,phi3:14b,liberal,5.0,fairness
agreement,8,phi3:14b,liberal,5.0,fairness
agreement,8,phi3:14b,liberal,5.0,fairness
agreement,8,phi3:14b,liberal,5.0,fairness
agreement,8,phi3:14b,liberal,5.0,fairness
agreement,8,phi3:14b,liberal,5.0,fairness
agreement,8,phi3:14b,liberal,5.0,fairness
agreement,8,phi3:14b,liberal,5.0,fairness
agreement,8,phi3:14b,liberal,5.0,fairness
agreement,8,phi3:14b,liberal,5.0,fairness
agreement,8,phi3:14b,liberal,5.0,fairness
agreement,8,phi3:14b,liberal,5.0,fairness
agreement,8,phi3:14b,liberal,5.0,fairness
agreement,8,phi3:14b,liberal,5.0,fairness
agreement,8,phi3:14b,liberal,5.0,fairness
agreement,8,phi3:14b,liberal,5.0,fairness
agreement,8,phi3:14b,liberal,5.0,fairness
agreement,8,phi3:14b,liberal,5.0,fairness
agreement,8,phi3:14b,liberal,5.0,fairness
agreement,8,phi3:14b,liberal,5.0,fairness
agreement,8,phi3:14b,liberal,5.0,fairness
agreement,8,phi3:14b,liberal,5.0,fairness
agreement,8,phi3:14b,liberal,5.0,fairness
agreement,8,phi3:14b,liberal,5.0,fairness
agreement,8,phi3:14b,liberal,5.0,fairness
agreement,8,phi3:14b,liberal,5.0,fairness
agreement,8,gemma:7b,conservative,3.0,fairness
agreement,8,gemma:7b,conservative,3.0,fairness
agreement,8,gemma:7b,conservative,3.0,fairness
agreement,8,gemma:7b,conservative,3.0,fairness
agreement,8,gemma:7b,conservative,3.0,fairness
agreement,8,gemma:7b,conservative,3.0,fairness
agreement,8,gemma:7b,conservative,3.0,fairness
agreement,8,gemma:7b,conservative,3.0,fairness
agreement,8,gemma:7b,conservative,2.0,fairness
agreement,8,gemma:7b,conservative,3.0,fairness
agreement,8,gemma:7b,conservative,2.0,fairness
agreement,8,gemma:7b,conservative,3.0,fairness
agreement,8,gemma:7b,conservative,2.0,fairness
agreement,8,gemma:7b,conservative,3.0,fairness
agreement,8,gemma:7b,conservative,3.0,fairness
agreement,8,gemma:7b,conservative,3.0,fairness
agreement,8,gemma:7b,conservative,3.0,fairness
agreement,8,gemma:7b,conservative,3.0,fairness
agreement,8,gemma:7b,conservative,3.0,fairness
agreement,8,gemma:7b,conservative,3.0,fairness
agreement,8,gemma:7b,conservative,3.0,fairness
agreement,8,gemma:7b,conservative,3.0,fairness
agreement,8,gemma:7b,conservative,3.0,fairness
agreement,8,gemma:7b,conservative,3.0,fairness
agreement,8,gemma:7b,conservative,2.0,fairness
agreement,8,gemma:7b,conservative,3.0,fairness
agreement,8,gemma:7b,conservative,2.0,fairness
agreement,8,gemma:7b,conservative,2.0,fairness
agreement,8,gemma:7b,conservative,3.0,fairness
agreement,8,gemma:7b,conservative,3.0,fairness
agreement,8,gemma:7b,conservative,2.0,fairness
agreement,8,gemma:7b,conservative,2.0,fairness
agreement,8,gemma:7b,conservative,2.0,fairness
agreement,8,gemma:7b,conservative,3.0,fairness
agreement,8,gemma:7b,conservative,3.0,fairness
agreement,8,gemma:7b,conservative,2.0,fairness
agreement,8,gemma:7b,conservative,3.0,fairness
agreement,8,gemma:7b,conservative,3.0,fairness
agreement,8,gemma:7b,conservative,2.0,fairness
agreement,8,gemma:7b,conservative,3.0,fairness
agreement,8,gemma:7b,conservative,3.0,fairness
agreement,8,gemma:7b,conservative,3.0,fairness
agreement,8,gemma:7b,conservative,3.0,fairness
agreement,8,gemma:7b,conservative,2.0,fairness
agreement,8,gemma:7b,conservative,3.0,fairness
agreement,8,gemma:7b,conservative,3.0,fairness
agreement,8,gemma:7b,conservative,3.0,fairness
agreement,8,gemma:7b,conservative,3.0,fairness
agreement,8,gemma:7b,conservative,2.0,fairness
agreement,8,gemma:7b,conservative,3.0,fairness
agreement,8,gemma:7b,moderate,3.0,fairness
agreement,8,gemma:7b,moderate,3.0,fairness
agreement,8,gemma:7b,moderate,3.0,fairness
agreement,8,gemma:7b,moderate,3.0,fairness
agreement,8,gemma:7b,moderate,3.0,fairness
agreement,8,gemma:7b,moderate,4.0,fairness
agreement,8,gemma:7b,moderate,4.0,fairness
agreement,8,gemma:7b,moderate,3.0,fairness
agreement,8,gemma:7b,moderate,3.0,fairness
agreement,8,gemma:7b,moderate,3.0,fairness
agreement,8,gemma:7b,moderate,3.0,fairness
agreement,8,gemma:7b,moderate,3.0,fairness
agreement,8,gemma:7b,moderate,3.0,fairness
agreement,8,gemma:7b,moderate,3.0,fairness
agreement,8,gemma:7b,moderate,3.0,fairness
agreement,8,gemma:7b,moderate,3.0,fairness
agreement,8,gemma:7b,moderate,3.0,fairness
agreement,8,gemma:7b,moderate,3.0,fairness
agreement,8,gemma:7b,moderate,3.0,fairness
agreement,8,gemma:7b,moderate,3.0,fairness
agreement,8,gemma:7b,moderate,4.0,fairness
agreement,8,gemma:7b,moderate,4.0,fairness
agreement,8,gemma:7b,moderate,3.0,fairness
agreement,8,gemma:7b,moderate,3.0,fairness
agreement,8,gemma:7b,moderate,3.0,fairness
agreement,8,gemma:7b,moderate,3.0,fairness
agreement,8,gemma:7b,moderate,3.0,fairness
agreement,8,gemma:7b,moderate,3.0,fairness
agreement,8,gemma:7b,moderate,3.0,fairness
agreement,8,gemma:7b,moderate,3.0,fairness
agreement,8,gemma:7b,moderate,3.0,fairness
agreement,8,gemma:7b,moderate,3.0,fairness
agreement,8,gemma:7b,moderate,3.0,fairness
agreement,8,gemma:7b,moderate,3.0,fairness
agreement,8,gemma:7b,moderate,3.0,fairness
agreement,8,gemma:7b,moderate,3.0,fairness
agreement,8,gemma:7b,moderate,3.0,fairness
agreement,8,gemma:7b,moderate,3.0,fairness
agreement,8,gemma:7b,moderate,3.0,fairness
agreement,8,gemma:7b,moderate,3.0,fairness
agreement,8,gemma:7b,moderate,4.0,fairness
agreement,8,gemma:7b,moderate,3.0,fairness
agreement,8,gemma:7b,moderate,4.0,fairness
agreement,8,gemma:7b,moderate,4.0,fairness
agreement,8,gemma:7b,moderate,3.0,fairness
agreement,8,gemma:7b,moderate,3.0,fairness
agreement,8,gemma:7b,moderate,4.0,fairness
agreement,8,gemma:7b,moderate,3.0,fairness
agreement,8,gemma:7b,moderate,3.0,fairness
agreement,8,gemma:7b,moderate,3.0,fairness
agreement,8,gemma:7b,liberal,5.0,fairness
agreement,8,gemma:7b,liberal,5.0,fairness
agreement,8,gemma:7b,liberal,5.0,fairness
agreement,8,gemma:7b,liberal,5.0,fairness
agreement,8,gemma:7b,liberal,5.0,fairness
agreement,8,gemma:7b,liberal,5.0,fairness
agreement,8,gemma:7b,liberal,5.0,fairness
agreement,8,gemma:7b,liberal,5.0,fairness
agreement,8,gemma:7b,liberal,5.0,fairness
agreement,8,gemma:7b,liberal,5.0,fairness
agreement,8,gemma:7b,liberal,5.0,fairness
agreement,8,gemma:7b,liberal,4.0,fairness
agreement,8,gemma:7b,liberal,4.0,fairness
agreement,8,gemma:7b,liberal,5.0,fairness
agreement,8,gemma:7b,liberal,5.0,fairness
agreement,8,gemma:7b,liberal,5.0,fairness
agreement,8,gemma:7b,liberal,5.0,fairness
agreement,8,gemma:7b,liberal,5.0,fairness
agreement,8,gemma:7b,liberal,5.0,fairness
agreement,8,gemma:7b,liberal,5.0,fairness
agreement,8,gemma:7b,liberal,5.0,fairness
agreement,8,gemma:7b,liberal,5.0,fairness
agreement,8,gemma:7b,liberal,5.0,fairness
agreement,8,gemma:7b,liberal,5.0,fairness
agreement,8,gemma:7b,liberal,5.0,fairness
agreement,8,gemma:7b,liberal,5.0,fairness
agreement,8,gemma:7b,liberal,5.0,fairness
agreement,8,gemma:7b,liberal,5.0,fairness
agreement,8,gemma:7b,liberal,5.0,fairness
agreement,8,gemma:7b,liberal,5.0,fairness
agreement,8,gemma:7b,liberal,5.0,fairness
agreement,8,gemma:7b,liberal,5.0,fairness
agreement,8,gemma:7b,liberal,5.0,fairness
agreement,8,gemma:7b,liberal,5.0,fairness
agreement,8,gemma:7b,liberal,5.0,fairness
agreement,8,gemma:7b,liberal,5.0,fairness
agreement,8,gemma:7b,liberal,5.0,fairness
agreement,8,gemma:7b,liberal,4.0,fairness
agreement,8,gemma:7b,liberal,5.0,fairness
agreement,8,gemma:7b,liberal,5.0,fairness
agreement,8,gemma:7b,liberal,5.0,fairness
agreement,8,gemma:7b,liberal,5.0,fairness
agreement,8,gemma:7b,liberal,5.0,fairness
agreement,8,gemma:7b,liberal,4.0,fairness
agreement,8,gemma:7b,liberal,5.0,fairness
agreement,8,gemma:7b,liberal,5.0,fairness
agreement,8,gemma:7b,liberal,5.0,fairness
agreement,8,gemma:7b,liberal,5.0,fairness
agreement,8,gemma:7b,liberal,5.0,fairness
agreement,8,gemma:7b,liberal,5.0,fairness
agreement,8,gemma2:27b,conservative,4.0,fairness
agreement,8,gemma2:27b,conservative,4.0,fairness
agreement,8,gemma2:27b,conservative,4.0,fairness
agreement,8,gemma2:27b,conservative,4.0,fairness
agreement,8,gemma2:27b,conservative,4.0,fairness
agreement,8,gemma2:27b,conservative,4.0,fairness
agreement,8,gemma2:27b,conservative,4.0,fairness
agreement,8,gemma2:27b,conservative,4.0,fairness
agreement,8,gemma2:27b,conservative,4.0,fairness
agreement,8,gemma2:27b,conservative,4.0,fairness
agreement,8,gemma2:27b,conservative,4.0,fairness
agreement,8,gemma2:27b,conservative,4.0,fairness
agreement,8,gemma2:27b,conservative,4.0,fairness
agreement,8,gemma2:27b,conservative,4.0,fairness
agreement,8,gemma2:27b,conservative,4.0,fairness
agreement,8,gemma2:27b,conservative,4.0,fairness
agreement,8,gemma2:27b,conservative,4.0,fairness
agreement,8,gemma2:27b,conservative,4.0,fairness
agreement,8,gemma2:27b,conservative,4.0,fairness
agreement,8,gemma2:27b,conservative,4.0,fairness
agreement,8,gemma2:27b,conservative,4.0,fairness
agreement,8,gemma2:27b,conservative,4.0,fairness
agreement,8,gemma2:27b,conservative,4.0,fairness
agreement,8,gemma2:27b,conservative,4.0,fairness
agreement,8,gemma2:27b,conservative,4.0,fairness
agreement,8,gemma2:27b,conservative,4.0,fairness
agreement,8,gemma2:27b,conservative,4.0,fairness
agreement,8,gemma2:27b,conservative,4.0,fairness
agreement,8,gemma2:27b,conservative,4.0,fairness
agreement,8,gemma2:27b,conservative,4.0,fairness
agreement,8,gemma2:27b,conservative,4.0,fairness
agreement,8,gemma2:27b,conservative,4.0,fairness
agreement,8,gemma2:27b,conservative,4.0,fairness
agreement,8,gemma2:27b,conservative,4.0,fairness
agreement,8,gemma2:27b,conservative,4.0,fairness
agreement,8,gemma2:27b,conservative,4.0,fairness
agreement,8,gemma2:27b,conservative,4.0,fairness
agreement,8,gemma2:27b,conservative,4.0,fairness
agreement,8,gemma2:27b,conservative,4.0,fairness
agreement,8,gemma2:27b,conservative,4.0,fairness
agreement,8,gemma2:27b,conservative,4.0,fairness
agreement,8,gemma2:27b,conservative,4.0,fairness
agreement,8,gemma2:27b,conservative,4.0,fairness
agreement,8,gemma2:27b,conservative,4.0,fairness
agreement,8,gemma2:27b,conservative,4.0,fairness
agreement,8,gemma2:27b,conservative,4.0,fairness
agreement,8,gemma2:27b,conservative,4.0,fairness
agreement,8,gemma2:27b,conservative,4.0,fairness
agreement,8,gemma2:27b,conservative,4.0,fairness
agreement,8,gemma2:27b,conservative,4.0,fairness
agreement,8,gemma2:27b,moderate,4.0,fairness
agreement,8,gemma2:27b,moderate,4.0,fairness
agreement,8,gemma2:27b,moderate,4.0,fairness
agreement,8,gemma2:27b,moderate,4.0,fairness
agreement,8,gemma2:27b,moderate,4.0,fairness
agreement,8,gemma2:27b,moderate,4.0,fairness
agreement,8,gemma2:27b,moderate,4.0,fairness
agreement,8,gemma2:27b,moderate,4.0,fairness
agreement,8,gemma2:27b,moderate,4.0,fairness
agreement,8,gemma2:27b,moderate,4.0,fairness
agreement,8,gemma2:27b,moderate,4.0,fairness
agreement,8,gemma2:27b,moderate,4.0,fairness
agreement,8,gemma2:27b,moderate,4.0,fairness
agreement,8,gemma2:27b,moderate,4.0,fairness
agreement,8,gemma2:27b,moderate,4.0,fairness
agreement,8,gemma2:27b,moderate,4.0,fairness
agreement,8,gemma2:27b,moderate,4.0,fairness
agreement,8,gemma2:27b,moderate,4.0,fairness
agreement,8,gemma2:27b,moderate,4.0,fairness
agreement,8,gemma2:27b,moderate,4.0,fairness
agreement,8,gemma2:27b,moderate,4.0,fairness
agreement,8,gemma2:27b,moderate,4.0,fairness
agreement,8,gemma2:27b,moderate,4.0,fairness
agreement,8,gemma2:27b,moderate,4.0,fairness
agreement,8,gemma2:27b,moderate,4.0,fairness
agreement,8,gemma2:27b,moderate,4.0,fairness
agreement,8,gemma2:27b,moderate,4.0,fairness
agreement,8,gemma2:27b,moderate,4.0,fairness
agreement,8,gemma2:27b,moderate,4.0,fairness
agreement,8,gemma2:27b,moderate,4.0,fairness
agreement,8,gemma2:27b,moderate,4.0,fairness
agreement,8,gemma2:27b,moderate,4.0,fairness
agreement,8,gemma2:27b,moderate,4.0,fairness
agreement,8,gemma2:27b,moderate,4.0,fairness
agreement,8,gemma2:27b,moderate,4.0,fairness
agreement,8,gemma2:27b,moderate,4.0,fairness
agreement,8,gemma2:27b,moderate,4.0,fairness
agreement,8,gemma2:27b,moderate,4.0,fairness
agreement,8,gemma2:27b,moderate,4.0,fairness
agreement,8,gemma2:27b,moderate,4.0,fairness
agreement,8,gemma2:27b,moderate,4.0,fairness
agreement,8,gemma2:27b,moderate,4.0,fairness
agreement,8,gemma2:27b,moderate,4.0,fairness
agreement,8,gemma2:27b,moderate,4.0,fairness
agreement,8,gemma2:27b,moderate,4.0,fairness
agreement,8,gemma2:27b,moderate,4.0,fairness
agreement,8,gemma2:27b,moderate,4.0,fairness
agreement,8,gemma2:27b,moderate,4.0,fairness
agreement,8,gemma2:27b,moderate,4.0,fairness
agreement,8,gemma2:27b,moderate,4.0,fairness
agreement,8,gemma2:27b,liberal,5.0,fairness
agreement,8,gemma2:27b,liberal,5.0,fairness
agreement,8,gemma2:27b,liberal,5.0,fairness
agreement,8,gemma2:27b,liberal,5.0,fairness
agreement,8,gemma2:27b,liberal,5.0,fairness
agreement,8,gemma2:27b,liberal,5.0,fairness
agreement,8,gemma2:27b,liberal,5.0,fairness
agreement,8,gemma2:27b,liberal,5.0,fairness
agreement,8,gemma2:27b,liberal,5.0,fairness
agreement,8,gemma2:27b,liberal,5.0,fairness
agreement,8,gemma2:27b,liberal,5.0,fairness
agreement,8,gemma2:27b,liberal,5.0,fairness
agreement,8,gemma2:27b,liberal,5.0,fairness
agreement,8,gemma2:27b,liberal,5.0,fairness
agreement,8,gemma2:27b,liberal,5.0,fairness
agreement,8,gemma2:27b,liberal,5.0,fairness
agreement,8,gemma2:27b,liberal,5.0,fairness
agreement,8,gemma2:27b,liberal,5.0,fairness
agreement,8,gemma2:27b,liberal,5.0,fairness
agreement,8,gemma2:27b,liberal,5.0,fairness
agreement,8,gemma2:27b,liberal,5.0,fairness
agreement,8,gemma2:27b,liberal,5.0,fairness
agreement,8,gemma2:27b,liberal,5.0,fairness
agreement,8,gemma2:27b,liberal,5.0,fairness
agreement,8,gemma2:27b,liberal,5.0,fairness
agreement,8,gemma2:27b,liberal,5.0,fairness
agreement,8,gemma2:27b,liberal,5.0,fairness
agreement,8,gemma2:27b,liberal,5.0,fairness
agreement,8,gemma2:27b,liberal,5.0,fairness
agreement,8,gemma2:27b,liberal,5.0,fairness
agreement,8,gemma2:27b,liberal,5.0,fairness
agreement,8,gemma2:27b,liberal,5.0,fairness
agreement,8,gemma2:27b,liberal,5.0,fairness
agreement,8,gemma2:27b,liberal,5.0,fairness
agreement,8,gemma2:27b,liberal,5.0,fairness
agreement,8,gemma2:27b,liberal,5.0,fairness
agreement,8,gemma2:27b,liberal,5.0,fairness
agreement,8,gemma2:27b,liberal,5.0,fairness
agreement,8,gemma2:27b,liberal,5.0,fairness
agreement,8,gemma2:27b,liberal,5.0,fairness
agreement,8,gemma2:27b,liberal,5.0,fairness
agreement,8,gemma2:27b,liberal,5.0,fairness
agreement,8,gemma2:27b,liberal,5.0,fairness
agreement,8,gemma2:27b,liberal,5.0,fairness
agreement,8,gemma2:27b,liberal,5.0,fairness
agreement,8,gemma2:27b,liberal,5.0,fairness
agreement,8,gemma2:27b,liberal,5.0,fairness
agreement,8,gemma2:27b,liberal,5.0,fairness
agreement,8,gemma2:27b,liberal,5.0,fairness
agreement,8,gemma2:27b,liberal,5.0,fairness
agreement,8,qwen:72b,conservative,5.0,fairness
agreement,8,qwen:72b,conservative,5.0,fairness
agreement,8,qwen:72b,conservative,5.0,fairness
agreement,8,qwen:72b,conservative,5.0,fairness
agreement,8,qwen:72b,conservative,5.0,fairness
agreement,8,qwen:72b,conservative,5.0,fairness
agreement,8,qwen:72b,conservative,5.0,fairness
agreement,8,qwen:72b,conservative,5.0,fairness
agreement,8,qwen:72b,conservative,5.0,fairness
agreement,8,qwen:72b,conservative,5.0,fairness
agreement,8,qwen:72b,conservative,5.0,fairness
agreement,8,qwen:72b,conservative,5.0,fairness
agreement,8,qwen:72b,conservative,5.0,fairness
agreement,8,qwen:72b,conservative,5.0,fairness
agreement,8,qwen:72b,conservative,5.0,fairness
agreement,8,qwen:72b,conservative,5.0,fairness
agreement,8,qwen:72b,conservative,5.0,fairness
agreement,8,qwen:72b,conservative,5.0,fairness
agreement,8,qwen:72b,conservative,5.0,fairness
agreement,8,qwen:72b,conservative,5.0,fairness
agreement,8,qwen:72b,conservative,5.0,fairness
agreement,8,qwen:72b,conservative,5.0,fairness
agreement,8,qwen:72b,conservative,5.0,fairness
agreement,8,qwen:72b,conservative,5.0,fairness
agreement,8,qwen:72b,conservative,5.0,fairness
agreement,8,qwen:72b,conservative,5.0,fairness
agreement,8,qwen:72b,conservative,5.0,fairness
agreement,8,qwen:72b,conservative,5.0,fairness
agreement,8,qwen:72b,conservative,5.0,fairness
agreement,8,qwen:72b,conservative,5.0,fairness
agreement,8,qwen:72b,conservative,5.0,fairness
agreement,8,qwen:72b,conservative,5.0,fairness
agreement,8,qwen:72b,conservative,5.0,fairness
agreement,8,qwen:72b,conservative,5.0,fairness
agreement,8,qwen:72b,conservative,5.0,fairness
agreement,8,qwen:72b,conservative,5.0,fairness
agreement,8,qwen:72b,conservative,5.0,fairness
agreement,8,qwen:72b,conservative,5.0,fairness
agreement,8,qwen:72b,conservative,5.0,fairness
agreement,8,qwen:72b,conservative,5.0,fairness
agreement,8,qwen:72b,conservative,5.0,fairness
agreement,8,qwen:72b,conservative,5.0,fairness
agreement,8,qwen:72b,conservative,5.0,fairness
agreement,8,qwen:72b,conservative,5.0,fairness
agreement,8,qwen:72b,conservative,5.0,fairness
agreement,8,qwen:72b,conservative,5.0,fairness
agreement,8,qwen:72b,conservative,5.0,fairness
agreement,8,qwen:72b,conservative,5.0,fairness
agreement,8,qwen:72b,conservative,5.0,fairness
agreement,8,qwen:72b,conservative,5.0,fairness
agreement,8,qwen:72b,moderate,5.0,fairness
agreement,8,qwen:72b,moderate,4.0,fairness
agreement,8,qwen:72b,moderate,0.0,fairness
agreement,8,qwen:72b,moderate,4.0,fairness
agreement,8,qwen:72b,moderate,4.0,fairness
agreement,8,qwen:72b,moderate,5.0,fairness
agreement,8,qwen:72b,moderate,5.0,fairness
agreement,8,qwen:72b,moderate,4.0,fairness
agreement,8,qwen:72b,moderate,4.0,fairness
agreement,8,qwen:72b,moderate,4.0,fairness
agreement,8,qwen:72b,moderate,5.0,fairness
agreement,8,qwen:72b,moderate,5.0,fairness
agreement,8,qwen:72b,moderate,5.0,fairness
agreement,8,qwen:72b,moderate,0.0,fairness
agreement,8,qwen:72b,moderate,4.0,fairness
agreement,8,qwen:72b,moderate,3.0,fairness
agreement,8,qwen:72b,moderate,5.0,fairness
agreement,8,qwen:72b,moderate,5.0,fairness
agreement,8,qwen:72b,moderate,5.0,fairness
agreement,8,qwen:72b,moderate,5.0,fairness
agreement,8,qwen:72b,moderate,4.0,fairness
agreement,8,qwen:72b,moderate,3.0,fairness
agreement,8,qwen:72b,moderate,4.0,fairness
agreement,8,qwen:72b,moderate,5.0,fairness
agreement,8,qwen:72b,moderate,5.0,fairness
agreement,8,qwen:72b,moderate,4.0,fairness
agreement,8,qwen:72b,moderate,4.0,fairness
agreement,8,qwen:72b,moderate,0.0,fairness
agreement,8,qwen:72b,moderate,5.0,fairness
agreement,8,qwen:72b,moderate,5.0,fairness
agreement,8,qwen:72b,moderate,4.0,fairness
agreement,8,qwen:72b,moderate,0.0,fairness
agreement,8,qwen:72b,moderate,4.0,fairness
agreement,8,qwen:72b,moderate,5.0,fairness
agreement,8,qwen:72b,moderate,5.0,fairness
agreement,8,qwen:72b,moderate,5.0,fairness
agreement,8,qwen:72b,moderate,0.0,fairness
agreement,8,qwen:72b,moderate,4.0,fairness
agreement,8,qwen:72b,moderate,4.0,fairness
agreement,8,qwen:72b,moderate,5.0,fairness
agreement,8,qwen:72b,moderate,5.0,fairness
agreement,8,qwen:72b,moderate,0.0,fairness
agreement,8,qwen:72b,moderate,0.0,fairness
agreement,8,qwen:72b,moderate,3.0,fairness
agreement,8,qwen:72b,moderate,5.0,fairness
agreement,8,qwen:72b,moderate,0.0,fairness
agreement,8,qwen:72b,moderate,5.0,fairness
agreement,8,qwen:72b,moderate,5.0,fairness
agreement,8,qwen:72b,moderate,5.0,fairness
agreement,8,qwen:72b,moderate,0.0,fairness
agreement,8,qwen:72b,liberal,5.0,fairness
agreement,8,qwen:72b,liberal,5.0,fairness
agreement,8,qwen:72b,liberal,5.0,fairness
agreement,8,qwen:72b,liberal,5.0,fairness
agreement,8,qwen:72b,liberal,5.0,fairness
agreement,8,qwen:72b,liberal,5.0,fairness
agreement,8,qwen:72b,liberal,5.0,fairness
agreement,8,qwen:72b,liberal,5.0,fairness
agreement,8,qwen:72b,liberal,5.0,fairness
agreement,8,qwen:72b,liberal,5.0,fairness
agreement,8,qwen:72b,liberal,5.0,fairness
agreement,8,qwen:72b,liberal,5.0,fairness
agreement,8,qwen:72b,liberal,5.0,fairness
agreement,8,qwen:72b,liberal,5.0,fairness
agreement,8,qwen:72b,liberal,5.0,fairness
agreement,8,qwen:72b,liberal,5.0,fairness
agreement,8,qwen:72b,liberal,5.0,fairness
agreement,8,qwen:72b,liberal,5.0,fairness
agreement,8,qwen:72b,liberal,5.0,fairness
agreement,8,qwen:72b,liberal,5.0,fairness
agreement,8,qwen:72b,liberal,5.0,fairness
agreement,8,qwen:72b,liberal,5.0,fairness
agreement,8,qwen:72b,liberal,5.0,fairness
agreement,8,qwen:72b,liberal,5.0,fairness
agreement,8,qwen:72b,liberal,5.0,fairness
agreement,8,qwen:72b,liberal,5.0,fairness
agreement,8,qwen:72b,liberal,5.0,fairness
agreement,8,qwen:72b,liberal,5.0,fairness
agreement,8,qwen:72b,liberal,5.0,fairness
agreement,8,qwen:72b,liberal,5.0,fairness
agreement,8,qwen:72b,liberal,5.0,fairness
agreement,8,qwen:72b,liberal,5.0,fairness
agreement,8,qwen:72b,liberal,5.0,fairness
agreement,8,qwen:72b,liberal,5.0,fairness
agreement,8,qwen:72b,liberal,5.0,fairness
agreement,8,qwen:72b,liberal,5.0,fairness
agreement,8,qwen:72b,liberal,5.0,fairness
agreement,8,qwen:72b,liberal,5.0,fairness
agreement,8,qwen:72b,liberal,5.0,fairness
agreement,8,qwen:72b,liberal,5.0,fairness
agreement,8,qwen:72b,liberal,5.0,fairness
agreement,8,qwen:72b,liberal,5.0,fairness
agreement,8,qwen:72b,liberal,5.0,fairness
agreement,8,qwen:72b,liberal,5.0,fairness
agreement,8,qwen:72b,liberal,5.0,fairness
agreement,8,qwen:72b,liberal,5.0,fairness
agreement,8,qwen:72b,liberal,5.0,fairness
agreement,8,qwen:72b,liberal,5.0,fairness
agreement,8,qwen:72b,liberal,5.0,fairness
agreement,8,qwen:72b,liberal,5.0,fairness
agreement,8,qwen2:72b,conservative,5.0,fairness
agreement,8,qwen2:72b,conservative,5.0,fairness
agreement,8,qwen2:72b,conservative,5.0,fairness
agreement,8,qwen2:72b,conservative,4.0,fairness
agreement,8,qwen2:72b,conservative,5.0,fairness
agreement,8,qwen2:72b,conservative,5.0,fairness
agreement,8,qwen2:72b,conservative,4.0,fairness
agreement,8,qwen2:72b,conservative,4.0,fairness
agreement,8,qwen2:72b,conservative,5.0,fairness
agreement,8,qwen2:72b,conservative,5.0,fairness
agreement,8,qwen2:72b,conservative,4.0,fairness
agreement,8,qwen2:72b,conservative,5.0,fairness
agreement,8,qwen2:72b,conservative,5.0,fairness
agreement,8,qwen2:72b,conservative,4.0,fairness
agreement,8,qwen2:72b,conservative,4.0,fairness
agreement,8,qwen2:72b,conservative,5.0,fairness
agreement,8,qwen2:72b,conservative,5.0,fairness
agreement,8,qwen2:72b,conservative,5.0,fairness
agreement,8,qwen2:72b,conservative,5.0,fairness
agreement,8,qwen2:72b,conservative,5.0,fairness
agreement,8,qwen2:72b,conservative,5.0,fairness
agreement,8,qwen2:72b,conservative,5.0,fairness
agreement,8,qwen2:72b,conservative,5.0,fairness
agreement,8,qwen2:72b,conservative,5.0,fairness
agreement,8,qwen2:72b,conservative,4.0,fairness
agreement,8,qwen2:72b,conservative,5.0,fairness
agreement,8,qwen2:72b,conservative,5.0,fairness
agreement,8,qwen2:72b,conservative,5.0,fairness
agreement,8,qwen2:72b,conservative,5.0,fairness
agreement,8,qwen2:72b,conservative,5.0,fairness
agreement,8,qwen2:72b,conservative,5.0,fairness
agreement,8,qwen2:72b,conservative,4.0,fairness
agreement,8,qwen2:72b,conservative,5.0,fairness
agreement,8,qwen2:72b,conservative,5.0,fairness
agreement,8,qwen2:72b,conservative,5.0,fairness
agreement,8,qwen2:72b,conservative,5.0,fairness
agreement,8,qwen2:72b,conservative,5.0,fairness
agreement,8,qwen2:72b,conservative,4.0,fairness
agreement,8,qwen2:72b,conservative,5.0,fairness
agreement,8,qwen2:72b,conservative,5.0,fairness
agreement,8,qwen2:72b,conservative,5.0,fairness
agreement,8,qwen2:72b,conservative,5.0,fairness
agreement,8,qwen2:72b,conservative,5.0,fairness
agreement,8,qwen2:72b,conservative,5.0,fairness
agreement,8,qwen2:72b,conservative,5.0,fairness
agreement,8,qwen2:72b,conservative,5.0,fairness
agreement,8,qwen2:72b,conservative,4.0,fairness
agreement,8,qwen2:72b,conservative,5.0,fairness
agreement,8,qwen2:72b,conservative,5.0,fairness
agreement,8,qwen2:72b,conservative,5.0,fairness
agreement,8,qwen2:72b,moderate,4.0,fairness
agreement,8,qwen2:72b,moderate,4.0,fairness
agreement,8,qwen2:72b,moderate,4.0,fairness
agreement,8,qwen2:72b,moderate,4.0,fairness
agreement,8,qwen2:72b,moderate,4.0,fairness
agreement,8,qwen2:72b,moderate,4.0,fairness
agreement,8,qwen2:72b,moderate,4.0,fairness
agreement,8,qwen2:72b,moderate,4.0,fairness
agreement,8,qwen2:72b,moderate,4.0,fairness
agreement,8,qwen2:72b,moderate,4.0,fairness
agreement,8,qwen2:72b,moderate,4.0,fairness
agreement,8,qwen2:72b,moderate,4.0,fairness
agreement,8,qwen2:72b,moderate,4.0,fairness
agreement,8,qwen2:72b,moderate,4.0,fairness
agreement,8,qwen2:72b,moderate,4.0,fairness
agreement,8,qwen2:72b,moderate,4.0,fairness
agreement,8,qwen2:72b,moderate,4.0,fairness
agreement,8,qwen2:72b,moderate,4.0,fairness
agreement,8,qwen2:72b,moderate,4.0,fairness
agreement,8,qwen2:72b,moderate,4.0,fairness
agreement,8,qwen2:72b,moderate,4.0,fairness
agreement,8,qwen2:72b,moderate,4.0,fairness
agreement,8,qwen2:72b,moderate,4.0,fairness
agreement,8,qwen2:72b,moderate,4.0,fairness
agreement,8,qwen2:72b,moderate,4.0,fairness
agreement,8,qwen2:72b,moderate,4.0,fairness
agreement,8,qwen2:72b,moderate,4.0,fairness
agreement,8,qwen2:72b,moderate,4.0,fairness
agreement,8,qwen2:72b,moderate,4.0,fairness
agreement,8,qwen2:72b,moderate,4.0,fairness
agreement,8,qwen2:72b,moderate,4.0,fairness
agreement,8,qwen2:72b,moderate,4.0,fairness
agreement,8,qwen2:72b,moderate,4.0,fairness
agreement,8,qwen2:72b,moderate,4.0,fairness
agreement,8,qwen2:72b,moderate,4.0,fairness
agreement,8,qwen2:72b,moderate,4.0,fairness
agreement,8,qwen2:72b,moderate,4.0,fairness
agreement,8,qwen2:72b,moderate,4.0,fairness
agreement,8,qwen2:72b,moderate,4.0,fairness
agreement,8,qwen2:72b,moderate,4.0,fairness
agreement,8,qwen2:72b,moderate,4.0,fairness
agreement,8,qwen2:72b,moderate,4.0,fairness
agreement,8,qwen2:72b,moderate,4.0,fairness
agreement,8,qwen2:72b,moderate,4.0,fairness
agreement,8,qwen2:72b,moderate,4.0,fairness
agreement,8,qwen2:72b,moderate,4.0,fairness
agreement,8,qwen2:72b,moderate,4.0,fairness
agreement,8,qwen2:72b,moderate,4.0,fairness
agreement,8,qwen2:72b,moderate,4.0,fairness
agreement,8,qwen2:72b,moderate,4.0,fairness
agreement,8,qwen2:72b,liberal,5.0,fairness
agreement,8,qwen2:72b,liberal,5.0,fairness
agreement,8,qwen2:72b,liberal,5.0,fairness
agreement,8,qwen2:72b,liberal,5.0,fairness
agreement,8,qwen2:72b,liberal,5.0,fairness
agreement,8,qwen2:72b,liberal,5.0,fairness
agreement,8,qwen2:72b,liberal,5.0,fairness
agreement,8,qwen2:72b,liberal,5.0,fairness
agreement,8,qwen2:72b,liberal,5.0,fairness
agreement,8,qwen2:72b,liberal,5.0,fairness
agreement,8,qwen2:72b,liberal,5.0,fairness
agreement,8,qwen2:72b,liberal,5.0,fairness
agreement,8,qwen2:72b,liberal,5.0,fairness
agreement,8,qwen2:72b,liberal,5.0,fairness
agreement,8,qwen2:72b,liberal,5.0,fairness
agreement,8,qwen2:72b,liberal,5.0,fairness
agreement,8,qwen2:72b,liberal,5.0,fairness
agreement,8,qwen2:72b,liberal,5.0,fairness
agreement,8,qwen2:72b,liberal,5.0,fairness
agreement,8,qwen2:72b,liberal,5.0,fairness
agreement,8,qwen2:72b,liberal,5.0,fairness
agreement,8,qwen2:72b,liberal,5.0,fairness
agreement,8,qwen2:72b,liberal,5.0,fairness
agreement,8,qwen2:72b,liberal,5.0,fairness
agreement,8,qwen2:72b,liberal,5.0,fairness
agreement,8,qwen2:72b,liberal,5.0,fairness
agreement,8,qwen2:72b,liberal,5.0,fairness
agreement,8,qwen2:72b,liberal,5.0,fairness
agreement,8,qwen2:72b,liberal,5.0,fairness
agreement,8,qwen2:72b,liberal,5.0,fairness
agreement,8,qwen2:72b,liberal,5.0,fairness
agreement,8,qwen2:72b,liberal,5.0,fairness
agreement,8,qwen2:72b,liberal,5.0,fairness
agreement,8,qwen2:72b,liberal,5.0,fairness
agreement,8,qwen2:72b,liberal,5.0,fairness
agreement,8,qwen2:72b,liberal,5.0,fairness
agreement,8,qwen2:72b,liberal,5.0,fairness
agreement,8,qwen2:72b,liberal,5.0,fairness
agreement,8,qwen2:72b,liberal,5.0,fairness
agreement,8,qwen2:72b,liberal,5.0,fairness
agreement,8,qwen2:72b,liberal,5.0,fairness
agreement,8,qwen2:72b,liberal,5.0,fairness
agreement,8,qwen2:72b,liberal,5.0,fairness
agreement,8,qwen2:72b,liberal,5.0,fairness
agreement,8,qwen2:72b,liberal,5.0,fairness
agreement,8,qwen2:72b,liberal,5.0,fairness
agreement,8,qwen2:72b,liberal,5.0,fairness
agreement,8,qwen2:72b,liberal,5.0,fairness
agreement,8,qwen2:72b,liberal,5.0,fairness
agreement,8,qwen2:72b,liberal,5.0,fairness
agreement,9,llama3.1:8b,conservative,4.0,ingroup
agreement,9,llama3.1:8b,conservative,4.0,ingroup
agreement,9,llama3.1:8b,conservative,4.0,ingroup
agreement,9,llama3.1:8b,conservative,5.0,ingroup
agreement,9,llama3.1:8b,conservative,4.0,ingroup
agreement,9,llama3.1:8b,conservative,5.0,ingroup
agreement,9,llama3.1:8b,conservative,5.0,ingroup
agreement,9,llama3.1:8b,conservative,4.0,ingroup
agreement,9,llama3.1:8b,conservative,5.0,ingroup
agreement,9,llama3.1:8b,conservative,5.0,ingroup
agreement,9,llama3.1:8b,conservative,5.0,ingroup
agreement,9,llama3.1:8b,conservative,5.0,ingroup
agreement,9,llama3.1:8b,conservative,4.0,ingroup
agreement,9,llama3.1:8b,conservative,5.0,ingroup
agreement,9,llama3.1:8b,conservative,5.0,ingroup
agreement,9,llama3.1:8b,conservative,4.0,ingroup
agreement,9,llama3.1:8b,conservative,5.0,ingroup
agreement,9,llama3.1:8b,conservative,5.0,ingroup
agreement,9,llama3.1:8b,conservative,5.0,ingroup
agreement,9,llama3.1:8b,conservative,5.0,ingroup
agreement,9,llama3.1:8b,conservative,5.0,ingroup
agreement,9,llama3.1:8b,conservative,4.0,ingroup
agreement,9,llama3.1:8b,conservative,4.0,ingroup
agreement,9,llama3.1:8b,conservative,5.0,ingroup
agreement,9,llama3.1:8b,conservative,5.0,ingroup
agreement,9,llama3.1:8b,conservative,5.0,ingroup
agreement,9,llama3.1:8b,conservative,5.0,ingroup
agreement,9,llama3.1:8b,conservative,4.0,ingroup
agreement,9,llama3.1:8b,conservative,4.0,ingroup
agreement,9,llama3.1:8b,conservative,5.0,ingroup
agreement,9,llama3.1:8b,conservative,5.0,ingroup
agreement,9,llama3.1:8b,conservative,4.0,ingroup
agreement,9,llama3.1:8b,conservative,5.0,ingroup
agreement,9,llama3.1:8b,conservative,5.0,ingroup
agreement,9,llama3.1:8b,conservative,5.0,ingroup
agreement,9,llama3.1:8b,conservative,4.0,ingroup
agreement,9,llama3.1:8b,conservative,5.0,ingroup
agreement,9,llama3.1:8b,conservative,4.0,ingroup
agreement,9,llama3.1:8b,conservative,5.0,ingroup
agreement,9,llama3.1:8b,conservative,5.0,ingroup
agreement,9,llama3.1:8b,conservative,4.0,ingroup
agreement,9,llama3.1:8b,conservative,4.0,ingroup
agreement,9,llama3.1:8b,conservative,5.0,ingroup
agreement,9,llama3.1:8b,conservative,5.0,ingroup
agreement,9,llama3.1:8b,conservative,4.0,ingroup
agreement,9,llama3.1:8b,conservative,5.0,ingroup
agreement,9,llama3.1:8b,conservative,4.0,ingroup
agreement,9,llama3.1:8b,conservative,5.0,ingroup
agreement,9,llama3.1:8b,conservative,5.0,ingroup
agreement,9,llama3.1:8b,conservative,5.0,ingroup
agreement,9,llama3.1:8b,moderate,3.0,ingroup
agreement,9,llama3.1:8b,moderate,4.0,ingroup
agreement,9,llama3.1:8b,moderate,4.0,ingroup
agreement,9,llama3.1:8b,moderate,5.0,ingroup
agreement,9,llama3.1:8b,moderate,2.0,ingroup
agreement,9,llama3.1:8b,moderate,4.0,ingroup
agreement,9,llama3.1:8b,moderate,2.0,ingroup
agreement,9,llama3.1:8b,moderate,4.0,ingroup
agreement,9,llama3.1:8b,moderate,2.0,ingroup
agreement,9,llama3.1:8b,moderate,2.0,ingroup
agreement,9,llama3.1:8b,moderate,2.0,ingroup
agreement,9,llama3.1:8b,moderate,3.0,ingroup
agreement,9,llama3.1:8b,moderate,2.0,ingroup
agreement,9,llama3.1:8b,moderate,4.0,ingroup
agreement,9,llama3.1:8b,moderate,2.0,ingroup
agreement,9,llama3.1:8b,moderate,4.0,ingroup
agreement,9,llama3.1:8b,moderate,1.0,ingroup
agreement,9,llama3.1:8b,moderate,4.0,ingroup
agreement,9,llama3.1:8b,moderate,2.0,ingroup
agreement,9,llama3.1:8b,moderate,2.0,ingroup
agreement,9,llama3.1:8b,moderate,2.0,ingroup
agreement,9,llama3.1:8b,moderate,2.0,ingroup
agreement,9,llama3.1:8b,moderate,2.0,ingroup
agreement,9,llama3.1:8b,moderate,4.0,ingroup
agreement,9,llama3.1:8b,moderate,2.0,ingroup
agreement,9,llama3.1:8b,moderate,4.0,ingroup
agreement,9,llama3.1:8b,moderate,2.0,ingroup
agreement,9,llama3.1:8b,moderate,4.0,ingroup
agreement,9,llama3.1:8b,moderate,2.0,ingroup
agreement,9,llama3.1:8b,moderate,2.0,ingroup
agreement,9,llama3.1:8b,moderate,5.0,ingroup
agreement,9,llama3.1:8b,moderate,4.0,ingroup
agreement,9,llama3.1:8b,moderate,2.0,ingroup
agreement,9,llama3.1:8b,moderate,4.0,ingroup
agreement,9,llama3.1:8b,moderate,1.0,ingroup
agreement,9,llama3.1:8b,moderate,2.0,ingroup
agreement,9,llama3.1:8b,moderate,5.0,ingroup
agreement,9,llama3.1:8b,moderate,2.0,ingroup
agreement,9,llama3.1:8b,moderate,1.0,ingroup
agreement,9,llama3.1:8b,moderate,4.0,ingroup
agreement,9,llama3.1:8b,moderate,2.0,ingroup
agreement,9,llama3.1:8b,moderate,4.0,ingroup
agreement,9,llama3.1:8b,moderate,2.0,ingroup
agreement,9,llama3.1:8b,moderate,4.0,ingroup
agreement,9,llama3.1:8b,moderate,2.0,ingroup
agreement,9,llama3.1:8b,moderate,2.0,ingroup
agreement,9,llama3.1:8b,moderate,3.0,ingroup
agreement,9,llama3.1:8b,moderate,4.0,ingroup
agreement,9,llama3.1:8b,moderate,2.0,ingroup
agreement,9,llama3.1:8b,moderate,4.0,ingroup
agreement,9,llama3.1:8b,liberal,0.0,ingroup
agreement,9,llama3.1:8b,liberal,0.0,ingroup
agreement,9,llama3.1:8b,liberal,4.0,ingroup
agreement,9,llama3.1:8b,liberal,4.0,ingroup
agreement,9,llama3.1:8b,liberal,1.0,ingroup
agreement,9,llama3.1:8b,liberal,2.0,ingroup
agreement,9,llama3.1:8b,liberal,4.0,ingroup
agreement,9,llama3.1:8b,liberal,2.0,ingroup
agreement,9,llama3.1:8b,liberal,2.0,ingroup
agreement,9,llama3.1:8b,liberal,3.0,ingroup
agreement,9,llama3.1:8b,liberal,1.0,ingroup
agreement,9,llama3.1:8b,liberal,0.0,ingroup
agreement,9,llama3.1:8b,liberal,2.0,ingroup
agreement,9,llama3.1:8b,liberal,1.0,ingroup
agreement,9,llama3.1:8b,liberal,0.0,ingroup
agreement,9,llama3.1:8b,liberal,4.0,ingroup
agreement,9,llama3.1:8b,liberal,2.0,ingroup
agreement,9,llama3.1:8b,liberal,1.0,ingroup
agreement,9,llama3.1:8b,liberal,1.0,ingroup
agreement,9,llama3.1:8b,liberal,2.0,ingroup
agreement,9,llama3.1:8b,liberal,0.0,ingroup
agreement,9,llama3.1:8b,liberal,2.0,ingroup
agreement,9,llama3.1:8b,liberal,2.0,ingroup
agreement,9,llama3.1:8b,liberal,1.0,ingroup
agreement,9,llama3.1:8b,liberal,2.0,ingroup
agreement,9,llama3.1:8b,liberal,0.0,ingroup
agreement,9,llama3.1:8b,liberal,2.0,ingroup
agreement,9,llama3.1:8b,liberal,4.0,ingroup
agreement,9,llama3.1:8b,liberal,2.0,ingroup
agreement,9,llama3.1:8b,liberal,2.0,ingroup
agreement,9,llama3.1:8b,liberal,2.0,ingroup
agreement,9,llama3.1:8b,liberal,0.0,ingroup
agreement,9,llama3.1:8b,liberal,2.0,ingroup
agreement,9,llama3.1:8b,liberal,0.0,ingroup
agreement,9,llama3.1:8b,liberal,2.0,ingroup
agreement,9,llama3.1:8b,liberal,2.0,ingroup
agreement,9,llama3.1:8b,liberal,2.0,ingroup
agreement,9,llama3.1:8b,liberal,1.0,ingroup
agreement,9,llama3.1:8b,liberal,2.0,ingroup
agreement,9,llama3.1:8b,liberal,1.0,ingroup
agreement,9,llama3.1:8b,liberal,1.0,ingroup
agreement,9,llama3.1:8b,liberal,3.0,ingroup
agreement,9,llama3.1:8b,liberal,2.0,ingroup
agreement,9,llama3.1:8b,liberal,1.0,ingroup
agreement,9,llama3.1:8b,liberal,0.0,ingroup
agreement,9,llama3.1:8b,liberal,1.0,ingroup
agreement,9,llama3.1:8b,liberal,3.0,ingroup
agreement,9,llama3.1:8b,liberal,4.0,ingroup
agreement,9,llama3.1:8b,liberal,1.0,ingroup
agreement,9,llama3.1:8b,liberal,1.0,ingroup
agreement,9,llama2:70b,conservative,4.0,ingroup
agreement,9,llama2:70b,conservative,4.0,ingroup
agreement,9,llama2:70b,conservative,4.0,ingroup
agreement,9,llama2:70b,conservative,4.0,ingroup
agreement,9,llama2:70b,conservative,4.0,ingroup
agreement,9,llama2:70b,conservative,4.0,ingroup
agreement,9,llama2:70b,conservative,4.0,ingroup
agreement,9,llama2:70b,conservative,4.0,ingroup
agreement,9,llama2:70b,conservative,4.0,ingroup
agreement,9,llama2:70b,conservative,4.0,ingroup
agreement,9,llama2:70b,conservative,4.0,ingroup
agreement,9,llama2:70b,conservative,4.0,ingroup
agreement,9,llama2:70b,conservative,4.0,ingroup
agreement,9,llama2:70b,conservative,4.0,ingroup
agreement,9,llama2:70b,conservative,4.0,ingroup
agreement,9,llama2:70b,conservative,4.0,ingroup
agreement,9,llama2:70b,conservative,4.0,ingroup
agreement,9,llama2:70b,conservative,4.0,ingroup
agreement,9,llama2:70b,conservative,4.0,ingroup
agreement,9,llama2:70b,conservative,4.0,ingroup
agreement,9,llama2:70b,conservative,4.0,ingroup
agreement,9,llama2:70b,conservative,4.0,ingroup
agreement,9,llama2:70b,conservative,4.0,ingroup
agreement,9,llama2:70b,conservative,4.0,ingroup
agreement,9,llama2:70b,conservative,4.0,ingroup
agreement,9,llama2:70b,conservative,4.0,ingroup
agreement,9,llama2:70b,conservative,4.0,ingroup
agreement,9,llama2:70b,conservative,4.0,ingroup
agreement,9,llama2:70b,conservative,4.0,ingroup
agreement,9,llama2:70b,conservative,4.0,ingroup
agreement,9,llama2:70b,conservative,4.0,ingroup
agreement,9,llama2:70b,conservative,4.0,ingroup
agreement,9,llama2:70b,conservative,4.0,ingroup
agreement,9,llama2:70b,conservative,4.0,ingroup
agreement,9,llama2:70b,conservative,4.0,ingroup
agreement,9,llama2:70b,conservative,4.0,ingroup
agreement,9,llama2:70b,conservative,4.0,ingroup
agreement,9,llama2:70b,conservative,4.0,ingroup
agreement,9,llama2:70b,conservative,4.0,ingroup
agreement,9,llama2:70b,conservative,4.0,ingroup
agreement,9,llama2:70b,conservative,4.0,ingroup
agreement,9,llama2:70b,conservative,4.0,ingroup
agreement,9,llama2:70b,conservative,4.0,ingroup
agreement,9,llama2:70b,conservative,4.0,ingroup
agreement,9,llama2:70b,conservative,4.0,ingroup
agreement,9,llama2:70b,conservative,4.0,ingroup
agreement,9,llama2:70b,conservative,4.0,ingroup
agreement,9,llama2:70b,moderate,2.0,ingroup
agreement,9,llama2:70b,moderate,3.0,ingroup
agreement,9,llama2:70b,moderate,2.0,ingroup
agreement,9,llama2:70b,moderate,3.0,ingroup
agreement,9,llama2:70b,moderate,4.0,ingroup
agreement,9,llama2:70b,moderate,4.0,ingroup
agreement,9,llama2:70b,moderate,4.0,ingroup
agreement,9,llama2:70b,moderate,3.0,ingroup
agreement,9,llama2:70b,moderate,4.0,ingroup
agreement,9,llama2:70b,moderate,3.0,ingroup
agreement,9,llama2:70b,moderate,4.0,ingroup
agreement,9,llama2:70b,moderate,4.0,ingroup
agreement,9,llama2:70b,moderate,4.0,ingroup
agreement,9,llama2:70b,moderate,4.0,ingroup
agreement,9,llama2:70b,moderate,4.0,ingroup
agreement,9,llama2:70b,moderate,4.0,ingroup
agreement,9,llama2:70b,moderate,3.0,ingroup
agreement,9,llama2:70b,moderate,4.0,ingroup
agreement,9,llama2:70b,moderate,4.0,ingroup
agreement,9,llama2:70b,moderate,3.0,ingroup
agreement,9,llama2:70b,moderate,4.0,ingroup
agreement,9,llama2:70b,moderate,4.0,ingroup
agreement,9,llama2:70b,moderate,4.0,ingroup
agreement,9,llama2:70b,moderate,4.0,ingroup
agreement,9,llama2:70b,moderate,2.0,ingroup
agreement,9,llama2:70b,moderate,3.0,ingroup
agreement,9,llama2:70b,moderate,2.0,ingroup
agreement,9,llama2:70b,moderate,3.0,ingroup
agreement,9,llama2:70b,moderate,3.0,ingroup
agreement,9,llama2:70b,moderate,2.0,ingroup
agreement,9,llama2:70b,moderate,2.0,ingroup
agreement,9,llama2:70b,moderate,3.0,ingroup
agreement,9,llama2:70b,moderate,2.0,ingroup
agreement,9,llama2:70b,moderate,3.0,ingroup
agreement,9,llama2:70b,moderate,4.0,ingroup
agreement,9,llama2:70b,moderate,4.0,ingroup
agreement,9,llama2:70b,moderate,2.0,ingroup
agreement,9,llama2:70b,moderate,4.0,ingroup
agreement,9,llama2:70b,moderate,4.0,ingroup
agreement,9,llama2:70b,moderate,4.0,ingroup
agreement,9,llama2:70b,moderate,3.0,ingroup
agreement,9,llama2:70b,moderate,4.0,ingroup
agreement,9,llama2:70b,moderate,3.0,ingroup
agreement,9,llama2:70b,moderate,4.0,ingroup
agreement,9,llama2:70b,moderate,3.0,ingroup
agreement,9,llama2:70b,moderate,3.0,ingroup
agreement,9,llama2:70b,moderate,4.0,ingroup
agreement,9,llama2:70b,moderate,4.0,ingroup
agreement,9,llama2:70b,moderate,2.0,ingroup
agreement,9,llama2:70b,moderate,2.0,ingroup
agreement,9,llama2:70b,liberal,3.0,ingroup
agreement,9,llama2:70b,liberal,2.0,ingroup
agreement,9,llama2:70b,liberal,3.0,ingroup
agreement,9,llama2:70b,liberal,4.0,ingroup
agreement,9,llama2:70b,liberal,2.0,ingroup
agreement,9,llama2:70b,liberal,3.0,ingroup
agreement,9,llama2:70b,liberal,3.0,ingroup
agreement,9,llama2:70b,liberal,3.0,ingroup
agreement,9,llama2:70b,liberal,3.0,ingroup
agreement,9,llama2:70b,liberal,4.0,ingroup
agreement,9,llama2:70b,liberal,3.0,ingroup
agreement,9,llama2:70b,liberal,3.0,ingroup
agreement,9,llama2:70b,liberal,3.0,ingroup
agreement,9,llama2:70b,liberal,3.0,ingroup
agreement,9,llama2:70b,liberal,1.0,ingroup
agreement,9,llama2:70b,liberal,3.0,ingroup
agreement,9,llama2:70b,liberal,3.0,ingroup
agreement,9,llama2:70b,liberal,4.0,ingroup
agreement,9,llama2:70b,liberal,3.0,ingroup
agreement,9,llama2:70b,liberal,2.0,ingroup
agreement,9,llama2:70b,liberal,4.0,ingroup
agreement,9,llama2:70b,liberal,4.0,ingroup
agreement,9,llama2:70b,liberal,4.0,ingroup
agreement,9,llama2:70b,liberal,1.0,ingroup
agreement,9,llama2:70b,liberal,4.0,ingroup
agreement,9,llama2:70b,liberal,3.0,ingroup
agreement,9,llama2:70b,liberal,3.0,ingroup
agreement,9,llama2:70b,liberal,3.0,ingroup
agreement,9,llama2:70b,liberal,3.0,ingroup
agreement,9,llama2:70b,liberal,4.0,ingroup
agreement,9,llama2:70b,liberal,2.0,ingroup
agreement,9,llama2:70b,liberal,3.0,ingroup
agreement,9,llama2:70b,liberal,1.0,ingroup
agreement,9,llama2:70b,liberal,4.0,ingroup
agreement,9,llama2:70b,liberal,3.0,ingroup
agreement,9,llama2:70b,liberal,3.0,ingroup
agreement,9,llama2:70b,liberal,2.0,ingroup
agreement,9,llama2:70b,liberal,4.0,ingroup
agreement,9,llama2:70b,liberal,1.0,ingroup
agreement,9,llama2:70b,liberal,4.0,ingroup
agreement,9,llama2:70b,liberal,2.0,ingroup
agreement,9,llama2:70b,liberal,2.0,ingroup
agreement,9,llama2:70b,liberal,4.0,ingroup
agreement,9,llama2:70b,liberal,1.0,ingroup
agreement,9,llama2:70b,liberal,3.0,ingroup
agreement,9,llama2:70b,liberal,3.0,ingroup
agreement,9,llama2:70b,liberal,3.0,ingroup
agreement,9,llama2:70b,liberal,4.0,ingroup
agreement,9,llama2:70b,liberal,4.0,ingroup
agreement,9,llama2:70b,liberal,3.0,ingroup
agreement,9,llama3:70b,conservative,5.0,ingroup
agreement,9,llama3:70b,conservative,5.0,ingroup
agreement,9,llama3:70b,conservative,5.0,ingroup
agreement,9,llama3:70b,conservative,5.0,ingroup
agreement,9,llama3:70b,conservative,5.0,ingroup
agreement,9,llama3:70b,conservative,5.0,ingroup
agreement,9,llama3:70b,conservative,5.0,ingroup
agreement,9,llama3:70b,conservative,5.0,ingroup
agreement,9,llama3:70b,conservative,5.0,ingroup
agreement,9,llama3:70b,conservative,5.0,ingroup
agreement,9,llama3:70b,conservative,5.0,ingroup
agreement,9,llama3:70b,conservative,5.0,ingroup
agreement,9,llama3:70b,conservative,5.0,ingroup
agreement,9,llama3:70b,conservative,5.0,ingroup
agreement,9,llama3:70b,conservative,5.0,ingroup
agreement,9,llama3:70b,conservative,5.0,ingroup
agreement,9,llama3:70b,conservative,5.0,ingroup
agreement,9,llama3:70b,conservative,5.0,ingroup
agreement,9,llama3:70b,conservative,5.0,ingroup
agreement,9,llama3:70b,conservative,5.0,ingroup
agreement,9,llama3:70b,conservative,5.0,ingroup
agreement,9,llama3:70b,conservative,5.0,ingroup
agreement,9,llama3:70b,conservative,5.0,ingroup
agreement,9,llama3:70b,conservative,5.0,ingroup
agreement,9,llama3:70b,conservative,5.0,ingroup
agreement,9,llama3:70b,conservative,5.0,ingroup
agreement,9,llama3:70b,conservative,5.0,ingroup
agreement,9,llama3:70b,conservative,5.0,ingroup
agreement,9,llama3:70b,conservative,5.0,ingroup
agreement,9,llama3:70b,conservative,5.0,ingroup
agreement,9,llama3:70b,conservative,5.0,ingroup
agreement,9,llama3:70b,conservative,5.0,ingroup
agreement,9,llama3:70b,conservative,5.0,ingroup
agreement,9,llama3:70b,conservative,5.0,ingroup
agreement,9,llama3:70b,conservative,5.0,ingroup
agreement,9,llama3:70b,conservative,5.0,ingroup
agreement,9,llama3:70b,conservative,5.0,ingroup
agreement,9,llama3:70b,conservative,5.0,ingroup
agreement,9,llama3:70b,conservative,5.0,ingroup
agreement,9,llama3:70b,conservative,5.0,ingroup
agreement,9,llama3:70b,conservative,5.0,ingroup
agreement,9,llama3:70b,conservative,5.0,ingroup
agreement,9,llama3:70b,conservative,5.0,ingroup
agreement,9,llama3:70b,conservative,5.0,ingroup
agreement,9,llama3:70b,conservative,5.0,ingroup
agreement,9,llama3:70b,conservative,5.0,ingroup
agreement,9,llama3:70b,conservative,5.0,ingroup
agreement,9,llama3:70b,conservative,5.0,ingroup
agreement,9,llama3:70b,conservative,5.0,ingroup
agreement,9,llama3:70b,conservative,5.0,ingroup
agreement,9,llama3:70b,moderate,2.0,ingroup
agreement,9,llama3:70b,moderate,3.0,ingroup
agreement,9,llama3:70b,moderate,2.0,ingroup
agreement,9,llama3:70b,moderate,3.0,ingroup
agreement,9,llama3:70b,moderate,2.0,ingroup
agreement,9,llama3:70b,moderate,3.0,ingroup
agreement,9,llama3:70b,moderate,3.0,ingroup
agreement,9,llama3:70b,moderate,3.0,ingroup
agreement,9,llama3:70b,moderate,3.0,ingroup
agreement,9,llama3:70b,moderate,3.0,ingroup
agreement,9,llama3:70b,moderate,3.0,ingroup
agreement,9,llama3:70b,moderate,3.0,ingroup
agreement,9,llama3:70b,moderate,3.0,ingroup
agreement,9,llama3:70b,moderate,3.0,ingroup
agreement,9,llama3:70b,moderate,3.0,ingroup
agreement,9,llama3:70b,moderate,3.0,ingroup
agreement,9,llama3:70b,moderate,3.0,ingroup
agreement,9,llama3:70b,moderate,3.0,ingroup
agreement,9,llama3:70b,moderate,3.0,ingroup
agreement,9,llama3:70b,moderate,3.0,ingroup
agreement,9,llama3:70b,moderate,3.0,ingroup
agreement,9,llama3:70b,moderate,3.0,ingroup
agreement,9,llama3:70b,moderate,3.0,ingroup
agreement,9,llama3:70b,moderate,2.0,ingroup
agreement,9,llama3:70b,moderate,2.0,ingroup
agreement,9,llama3:70b,moderate,2.0,ingroup
agreement,9,llama3:70b,moderate,3.0,ingroup
agreement,9,llama3:70b,moderate,3.0,ingroup
agreement,9,llama3:70b,moderate,3.0,ingroup
agreement,9,llama3:70b,moderate,3.0,ingroup
agreement,9,llama3:70b,moderate,3.0,ingroup
agreement,9,llama3:70b,moderate,2.0,ingroup
agreement,9,llama3:70b,moderate,3.0,ingroup
agreement,9,llama3:70b,moderate,3.0,ingroup
agreement,9,llama3:70b,moderate,3.0,ingroup
agreement,9,llama3:70b,moderate,3.0,ingroup
agreement,9,llama3:70b,moderate,3.0,ingroup
agreement,9,llama3:70b,moderate,3.0,ingroup
agreement,9,llama3:70b,moderate,3.0,ingroup
agreement,9,llama3:70b,moderate,3.0,ingroup
agreement,9,llama3:70b,moderate,3.0,ingroup
agreement,9,llama3:70b,moderate,3.0,ingroup
agreement,9,llama3:70b,moderate,3.0,ingroup
agreement,9,llama3:70b,moderate,2.0,ingroup
agreement,9,llama3:70b,moderate,3.0,ingroup
agreement,9,llama3:70b,moderate,3.0,ingroup
agreement,9,llama3:70b,moderate,3.0,ingroup
agreement,9,llama3:70b,moderate,3.0,ingroup
agreement,9,llama3:70b,moderate,2.0,ingroup
agreement,9,llama3:70b,moderate,3.0,ingroup
agreement,9,llama3:70b,liberal,2.0,ingroup
agreement,9,llama3:70b,liberal,2.0,ingroup
agreement,9,llama3:70b,liberal,2.0,ingroup
agreement,9,llama3:70b,liberal,2.0,ingroup
agreement,9,llama3:70b,liberal,2.0,ingroup
agreement,9,llama3:70b,liberal,2.0,ingroup
agreement,9,llama3:70b,liberal,2.0,ingroup
agreement,9,llama3:70b,liberal,2.0,ingroup
agreement,9,llama3:70b,liberal,2.0,ingroup
agreement,9,llama3:70b,liberal,2.0,ingroup
agreement,9,llama3:70b,liberal,2.0,ingroup
agreement,9,llama3:70b,liberal,2.0,ingroup
agreement,9,llama3:70b,liberal,2.0,ingroup
agreement,9,llama3:70b,liberal,2.0,ingroup
agreement,9,llama3:70b,liberal,2.0,ingroup
agreement,9,llama3:70b,liberal,2.0,ingroup
agreement,9,llama3:70b,liberal,2.0,ingroup
agreement,9,llama3:70b,liberal,2.0,ingroup
agreement,9,llama3:70b,liberal,2.0,ingroup
agreement,9,llama3:70b,liberal,2.0,ingroup
agreement,9,llama3:70b,liberal,2.0,ingroup
agreement,9,llama3:70b,liberal,2.0,ingroup
agreement,9,llama3:70b,liberal,2.0,ingroup
agreement,9,llama3:70b,liberal,2.0,ingroup
agreement,9,llama3:70b,liberal,2.0,ingroup
agreement,9,llama3:70b,liberal,2.0,ingroup
agreement,9,llama3:70b,liberal,2.0,ingroup
agreement,9,llama3:70b,liberal,2.0,ingroup
agreement,9,llama3:70b,liberal,2.0,ingroup
agreement,9,llama3:70b,liberal,2.0,ingroup
agreement,9,llama3:70b,liberal,2.0,ingroup
agreement,9,llama3:70b,liberal,2.0,ingroup
agreement,9,llama3:70b,liberal,2.0,ingroup
agreement,9,llama3:70b,liberal,2.0,ingroup
agreement,9,llama3:70b,liberal,2.0,ingroup
agreement,9,llama3:70b,liberal,2.0,ingroup
agreement,9,llama3:70b,liberal,2.0,ingroup
agreement,9,llama3:70b,liberal,2.0,ingroup
agreement,9,llama3:70b,liberal,2.0,ingroup
agreement,9,llama3:70b,liberal,2.0,ingroup
agreement,9,llama3:70b,liberal,2.0,ingroup
agreement,9,llama3:70b,liberal,2.0,ingroup
agreement,9,llama3:70b,liberal,2.0,ingroup
agreement,9,llama3:70b,liberal,2.0,ingroup
agreement,9,llama3:70b,liberal,2.0,ingroup
agreement,9,llama3:70b,liberal,2.0,ingroup
agreement,9,llama3:70b,liberal,2.0,ingroup
agreement,9,llama3:70b,liberal,2.0,ingroup
agreement,9,llama3:70b,liberal,2.0,ingroup
agreement,9,llama3:70b,liberal,2.0,ingroup
agreement,9,llama3.1:70b,conservative,4.0,ingroup
agreement,9,llama3.1:70b,conservative,5.0,ingroup
agreement,9,llama3.1:70b,conservative,4.0,ingroup
agreement,9,llama3.1:70b,conservative,5.0,ingroup
agreement,9,llama3.1:70b,conservative,5.0,ingroup
agreement,9,llama3.1:70b,conservative,5.0,ingroup
agreement,9,llama3.1:70b,conservative,5.0,ingroup
agreement,9,llama3.1:70b,conservative,5.0,ingroup
agreement,9,llama3.1:70b,conservative,5.0,ingroup
agreement,9,llama3.1:70b,conservative,5.0,ingroup
agreement,9,llama3.1:70b,conservative,5.0,ingroup
agreement,9,llama3.1:70b,conservative,5.0,ingroup
agreement,9,llama3.1:70b,conservative,5.0,ingroup
agreement,9,llama3.1:70b,conservative,5.0,ingroup
agreement,9,llama3.1:70b,conservative,5.0,ingroup
agreement,9,llama3.1:70b,conservative,5.0,ingroup
agreement,9,llama3.1:70b,conservative,5.0,ingroup
agreement,9,llama3.1:70b,conservative,5.0,ingroup
agreement,9,llama3.1:70b,conservative,5.0,ingroup
agreement,9,llama3.1:70b,conservative,5.0,ingroup
agreement,9,llama3.1:70b,conservative,5.0,ingroup
agreement,9,llama3.1:70b,conservative,5.0,ingroup
agreement,9,llama3.1:70b,conservative,5.0,ingroup
agreement,9,llama3.1:70b,conservative,5.0,ingroup
agreement,9,llama3.1:70b,conservative,5.0,ingroup
agreement,9,llama3.1:70b,conservative,4.0,ingroup
agreement,9,llama3.1:70b,conservative,5.0,ingroup
agreement,9,llama3.1:70b,conservative,5.0,ingroup
agreement,9,llama3.1:70b,conservative,4.0,ingroup
agreement,9,llama3.1:70b,conservative,5.0,ingroup
agreement,9,llama3.1:70b,conservative,5.0,ingroup
agreement,9,llama3.1:70b,conservative,5.0,ingroup
agreement,9,llama3.1:70b,conservative,5.0,ingroup
agreement,9,llama3.1:70b,conservative,5.0,ingroup
agreement,9,llama3.1:70b,conservative,4.0,ingroup
agreement,9,llama3.1:70b,conservative,5.0,ingroup
agreement,9,llama3.1:70b,conservative,5.0,ingroup
agreement,9,llama3.1:70b,conservative,5.0,ingroup
agreement,9,llama3.1:70b,conservative,5.0,ingroup
agreement,9,llama3.1:70b,conservative,4.0,ingroup
agreement,9,llama3.1:70b,conservative,5.0,ingroup
agreement,9,llama3.1:70b,conservative,5.0,ingroup
agreement,9,llama3.1:70b,conservative,5.0,ingroup
agreement,9,llama3.1:70b,conservative,5.0,ingroup
agreement,9,llama3.1:70b,conservative,5.0,ingroup
agreement,9,llama3.1:70b,conservative,5.0,ingroup
agreement,9,llama3.1:70b,conservative,5.0,ingroup
agreement,9,llama3.1:70b,conservative,5.0,ingroup
agreement,9,llama3.1:70b,conservative,5.0,ingroup
agreement,9,llama3.1:70b,conservative,5.0,ingroup
agreement,9,llama3.1:70b,moderate,4.0,ingroup
agreement,9,llama3.1:70b,moderate,3.0,ingroup
agreement,9,llama3.1:70b,moderate,4.0,ingroup
agreement,9,llama3.1:70b,moderate,3.0,ingroup
agreement,9,llama3.1:70b,moderate,2.0,ingroup
agreement,9,llama3.1:70b,moderate,4.0,ingroup
agreement,9,llama3.1:70b,moderate,4.0,ingroup
agreement,9,llama3.1:70b,moderate,3.0,ingroup
agreement,9,llama3.1:70b,moderate,3.0,ingroup
agreement,9,llama3.1:70b,moderate,3.0,ingroup
agreement,9,llama3.1:70b,moderate,4.0,ingroup
agreement,9,llama3.1:70b,moderate,3.0,ingroup
agreement,9,llama3.1:70b,moderate,4.0,ingroup
agreement,9,llama3.1:70b,moderate,3.0,ingroup
agreement,9,llama3.1:70b,moderate,3.0,ingroup
agreement,9,llama3.1:70b,moderate,4.0,ingroup
agreement,9,llama3.1:70b,moderate,3.0,ingroup
agreement,9,llama3.1:70b,moderate,3.0,ingroup
agreement,9,llama3.1:70b,moderate,3.0,ingroup
agreement,9,llama3.1:70b,moderate,3.0,ingroup
agreement,9,llama3.1:70b,moderate,3.0,ingroup
agreement,9,llama3.1:70b,moderate,2.0,ingroup
agreement,9,llama3.1:70b,moderate,3.0,ingroup
agreement,9,llama3.1:70b,moderate,4.0,ingroup
agreement,9,llama3.1:70b,moderate,4.0,ingroup
agreement,9,llama3.1:70b,moderate,3.0,ingroup
agreement,9,llama3.1:70b,moderate,3.0,ingroup
agreement,9,llama3.1:70b,moderate,3.0,ingroup
agreement,9,llama3.1:70b,moderate,3.0,ingroup
agreement,9,llama3.1:70b,moderate,3.0,ingroup
agreement,9,llama3.1:70b,moderate,3.0,ingroup
agreement,9,llama3.1:70b,moderate,3.0,ingroup
agreement,9,llama3.1:70b,moderate,3.0,ingroup
agreement,9,llama3.1:70b,moderate,3.0,ingroup
agreement,9,llama3.1:70b,moderate,3.0,ingroup
agreement,9,llama3.1:70b,moderate,2.0,ingroup
agreement,9,llama3.1:70b,moderate,3.0,ingroup
agreement,9,llama3.1:70b,moderate,2.0,ingroup
agreement,9,llama3.1:70b,moderate,3.0,ingroup
agreement,9,llama3.1:70b,moderate,3.0,ingroup
agreement,9,llama3.1:70b,moderate,4.0,ingroup
agreement,9,llama3.1:70b,moderate,4.0,ingroup
agreement,9,llama3.1:70b,moderate,4.0,ingroup
agreement,9,llama3.1:70b,moderate,3.0,ingroup
agreement,9,llama3.1:70b,moderate,3.0,ingroup
agreement,9,llama3.1:70b,moderate,2.0,ingroup
agreement,9,llama3.1:70b,moderate,3.0,ingroup
agreement,9,llama3.1:70b,moderate,4.0,ingroup
agreement,9,llama3.1:70b,moderate,2.0,ingroup
agreement,9,llama3.1:70b,moderate,3.0,ingroup
agreement,9,llama3.1:70b,liberal,2.0,ingroup
agreement,9,llama3.1:70b,liberal,2.0,ingroup
agreement,9,llama3.1:70b,liberal,2.0,ingroup
agreement,9,llama3.1:70b,liberal,3.0,ingroup
agreement,9,llama3.1:70b,liberal,3.0,ingroup
agreement,9,llama3.1:70b,liberal,1.0,ingroup
agreement,9,llama3.1:70b,liberal,2.0,ingroup
agreement,9,llama3.1:70b,liberal,2.0,ingroup
agreement,9,llama3.1:70b,liberal,3.0,ingroup
agreement,9,llama3.1:70b,liberal,2.0,ingroup
agreement,9,llama3.1:70b,liberal,2.0,ingroup
agreement,9,llama3.1:70b,liberal,2.0,ingroup
agreement,9,llama3.1:70b,liberal,2.0,ingroup
agreement,9,llama3.1:70b,liberal,2.0,ingroup
agreement,9,llama3.1:70b,liberal,3.0,ingroup
agreement,9,llama3.1:70b,liberal,2.0,ingroup
agreement,9,llama3.1:70b,liberal,3.0,ingroup
agreement,9,llama3.1:70b,liberal,2.0,ingroup
agreement,9,llama3.1:70b,liberal,3.0,ingroup
agreement,9,llama3.1:70b,liberal,2.0,ingroup
agreement,9,llama3.1:70b,liberal,2.0,ingroup
agreement,9,llama3.1:70b,liberal,3.0,ingroup
agreement,9,llama3.1:70b,liberal,3.0,ingroup
agreement,9,llama3.1:70b,liberal,2.0,ingroup
agreement,9,llama3.1:70b,liberal,2.0,ingroup
agreement,9,llama3.1:70b,liberal,3.0,ingroup
agreement,9,llama3.1:70b,liberal,2.0,ingroup
agreement,9,llama3.1:70b,liberal,2.0,ingroup
agreement,9,llama3.1:70b,liberal,2.0,ingroup
agreement,9,llama3.1:70b,liberal,2.0,ingroup
agreement,9,llama3.1:70b,liberal,2.0,ingroup
agreement,9,llama3.1:70b,liberal,1.0,ingroup
agreement,9,llama3.1:70b,liberal,2.0,ingroup
agreement,9,llama3.1:70b,liberal,2.0,ingroup
agreement,9,llama3.1:70b,liberal,2.0,ingroup
agreement,9,llama3.1:70b,liberal,3.0,ingroup
agreement,9,llama3.1:70b,liberal,3.0,ingroup
agreement,9,llama3.1:70b,liberal,2.0,ingroup
agreement,9,llama3.1:70b,liberal,2.0,ingroup
agreement,9,llama3.1:70b,liberal,2.0,ingroup
agreement,9,llama3.1:70b,liberal,2.0,ingroup
agreement,9,llama3.1:70b,liberal,1.0,ingroup
agreement,9,llama3.1:70b,liberal,1.0,ingroup
agreement,9,llama3.1:70b,liberal,2.0,ingroup
agreement,9,llama3.1:70b,liberal,2.0,ingroup
agreement,9,llama3.1:70b,liberal,2.0,ingroup
agreement,9,llama3.1:70b,liberal,2.0,ingroup
agreement,9,llama3.1:70b,liberal,2.0,ingroup
agreement,9,llama3.1:70b,liberal,2.0,ingroup
agreement,9,llama3.1:70b,liberal,2.0,ingroup
agreement,9,mistral:7b,conservative,5.0,ingroup
agreement,9,mistral:7b,conservative,5.0,ingroup
agreement,9,mistral:7b,conservative,3.0,ingroup
agreement,9,mistral:7b,conservative,5.0,ingroup
agreement,9,mistral:7b,conservative,3.0,ingroup
agreement,9,mistral:7b,conservative,3.0,ingroup
agreement,9,mistral:7b,conservative,3.0,ingroup
agreement,9,mistral:7b,conservative,4.0,ingroup
agreement,9,mistral:7b,conservative,3.0,ingroup
agreement,9,mistral:7b,conservative,3.0,ingroup
agreement,9,mistral:7b,conservative,3.0,ingroup
agreement,9,mistral:7b,conservative,3.0,ingroup
agreement,9,mistral:7b,conservative,5.0,ingroup
agreement,9,mistral:7b,conservative,5.0,ingroup
agreement,9,mistral:7b,conservative,3.0,ingroup
agreement,9,mistral:7b,conservative,3.0,ingroup
agreement,9,mistral:7b,conservative,3.0,ingroup
agreement,9,mistral:7b,conservative,5.0,ingroup
agreement,9,mistral:7b,conservative,3.0,ingroup
agreement,9,mistral:7b,conservative,3.0,ingroup
agreement,9,mistral:7b,conservative,3.0,ingroup
agreement,9,mistral:7b,conservative,3.0,ingroup
agreement,9,mistral:7b,conservative,3.0,ingroup
agreement,9,mistral:7b,conservative,5.0,ingroup
agreement,9,mistral:7b,conservative,3.0,ingroup
agreement,9,mistral:7b,conservative,3.0,ingroup
agreement,9,mistral:7b,conservative,3.0,ingroup
agreement,9,mistral:7b,conservative,3.0,ingroup
agreement,9,mistral:7b,conservative,3.0,ingroup
agreement,9,mistral:7b,conservative,5.0,ingroup
agreement,9,mistral:7b,conservative,4.0,ingroup
agreement,9,mistral:7b,conservative,3.0,ingroup
agreement,9,mistral:7b,conservative,3.0,ingroup
agreement,9,mistral:7b,conservative,3.0,ingroup
agreement,9,mistral:7b,conservative,3.0,ingroup
agreement,9,mistral:7b,conservative,5.0,ingroup
agreement,9,mistral:7b,conservative,3.0,ingroup
agreement,9,mistral:7b,conservative,3.0,ingroup
agreement,9,mistral:7b,conservative,3.0,ingroup
agreement,9,mistral:7b,conservative,3.0,ingroup
agreement,9,mistral:7b,conservative,3.0,ingroup
agreement,9,mistral:7b,conservative,3.0,ingroup
agreement,9,mistral:7b,conservative,3.0,ingroup
agreement,9,mistral:7b,conservative,4.0,ingroup
agreement,9,mistral:7b,conservative,3.0,ingroup
agreement,9,mistral:7b,conservative,3.0,ingroup
agreement,9,mistral:7b,conservative,5.0,ingroup
agreement,9,mistral:7b,conservative,5.0,ingroup
agreement,9,mistral:7b,conservative,3.0,ingroup
agreement,9,mistral:7b,conservative,3.0,ingroup
agreement,9,mistral:7b,moderate,3.0,ingroup
agreement,9,mistral:7b,moderate,3.0,ingroup
agreement,9,mistral:7b,moderate,3.0,ingroup
agreement,9,mistral:7b,moderate,3.0,ingroup
agreement,9,mistral:7b,moderate,3.0,ingroup
agreement,9,mistral:7b,moderate,3.0,ingroup
agreement,9,mistral:7b,moderate,3.0,ingroup
agreement,9,mistral:7b,moderate,3.0,ingroup
agreement,9,mistral:7b,moderate,3.0,ingroup
agreement,9,mistral:7b,moderate,3.0,ingroup
agreement,9,mistral:7b,moderate,3.0,ingroup
agreement,9,mistral:7b,moderate,3.0,ingroup
agreement,9,mistral:7b,moderate,3.0,ingroup
agreement,9,mistral:7b,moderate,3.0,ingroup
agreement,9,mistral:7b,moderate,3.0,ingroup
agreement,9,mistral:7b,moderate,3.0,ingroup
agreement,9,mistral:7b,moderate,3.0,ingroup
agreement,9,mistral:7b,moderate,3.0,ingroup
agreement,9,mistral:7b,moderate,3.0,ingroup
agreement,9,mistral:7b,moderate,3.0,ingroup
agreement,9,mistral:7b,moderate,3.0,ingroup
agreement,9,mistral:7b,moderate,0.0,ingroup
agreement,9,mistral:7b,moderate,3.0,ingroup
agreement,9,mistral:7b,moderate,3.0,ingroup
agreement,9,mistral:7b,moderate,3.0,ingroup
agreement,9,mistral:7b,moderate,3.0,ingroup
agreement,9,mistral:7b,moderate,3.0,ingroup
agreement,9,mistral:7b,moderate,3.0,ingroup
agreement,9,mistral:7b,moderate,3.0,ingroup
agreement,9,mistral:7b,moderate,3.0,ingroup
agreement,9,mistral:7b,moderate,3.0,ingroup
agreement,9,mistral:7b,moderate,3.0,ingroup
agreement,9,mistral:7b,moderate,3.0,ingroup
agreement,9,mistral:7b,moderate,3.0,ingroup
agreement,9,mistral:7b,moderate,3.0,ingroup
agreement,9,mistral:7b,moderate,3.0,ingroup
agreement,9,mistral:7b,moderate,3.0,ingroup
agreement,9,mistral:7b,moderate,3.0,ingroup
agreement,9,mistral:7b,moderate,3.0,ingroup
agreement,9,mistral:7b,moderate,3.0,ingroup
agreement,9,mistral:7b,moderate,3.0,ingroup
agreement,9,mistral:7b,moderate,3.0,ingroup
agreement,9,mistral:7b,moderate,3.0,ingroup
agreement,9,mistral:7b,moderate,3.0,ingroup
agreement,9,mistral:7b,moderate,3.0,ingroup
agreement,9,mistral:7b,moderate,3.0,ingroup
agreement,9,mistral:7b,moderate,3.0,ingroup
agreement,9,mistral:7b,moderate,3.0,ingroup
agreement,9,mistral:7b,moderate,3.0,ingroup
agreement,9,mistral:7b,moderate,3.0,ingroup
agreement,9,mistral:7b,liberal,3.0,ingroup
agreement,9,mistral:7b,liberal,3.0,ingroup
agreement,9,mistral:7b,liberal,3.0,ingroup
agreement,9,mistral:7b,liberal,3.0,ingroup
agreement,9,mistral:7b,liberal,3.0,ingroup
agreement,9,mistral:7b,liberal,3.0,ingroup
agreement,9,mistral:7b,liberal,3.0,ingroup
agreement,9,mistral:7b,liberal,3.0,ingroup
agreement,9,mistral:7b,liberal,3.0,ingroup
agreement,9,mistral:7b,liberal,3.0,ingroup
agreement,9,mistral:7b,liberal,2.0,ingroup
agreement,9,mistral:7b,liberal,3.0,ingroup
agreement,9,mistral:7b,liberal,3.0,ingroup
agreement,9,mistral:7b,liberal,3.0,ingroup
agreement,9,mistral:7b,liberal,3.0,ingroup
agreement,9,mistral:7b,liberal,3.0,ingroup
agreement,9,mistral:7b,liberal,3.0,ingroup
agreement,9,mistral:7b,liberal,3.0,ingroup
agreement,9,mistral:7b,liberal,0.0,ingroup
agreement,9,mistral:7b,liberal,1.0,ingroup
agreement,9,mistral:7b,liberal,3.0,ingroup
agreement,9,mistral:7b,liberal,3.0,ingroup
agreement,9,mistral:7b,liberal,3.0,ingroup
agreement,9,mistral:7b,liberal,3.0,ingroup
agreement,9,mistral:7b,liberal,3.0,ingroup
agreement,9,mistral:7b,liberal,3.0,ingroup
agreement,9,mistral:7b,liberal,3.0,ingroup
agreement,9,mistral:7b,liberal,3.0,ingroup
agreement,9,mistral:7b,liberal,3.0,ingroup
agreement,9,mistral:7b,liberal,2.0,ingroup
agreement,9,mistral:7b,liberal,3.0,ingroup
agreement,9,mistral:7b,liberal,3.0,ingroup
agreement,9,mistral:7b,liberal,3.0,ingroup
agreement,9,mistral:7b,liberal,3.0,ingroup
agreement,9,mistral:7b,liberal,3.0,ingroup
agreement,9,mistral:7b,liberal,3.0,ingroup
agreement,9,mistral:7b,liberal,2.0,ingroup
agreement,9,mistral:7b,liberal,3.0,ingroup
agreement,9,mistral:7b,liberal,3.0,ingroup
agreement,9,mistral:7b,liberal,3.0,ingroup
agreement,9,mistral:7b,liberal,3.0,ingroup
agreement,9,mistral:7b,liberal,3.0,ingroup
agreement,9,mistral:7b,liberal,3.0,ingroup
agreement,9,mistral:7b,liberal,3.0,ingroup
agreement,9,mistral:7b,liberal,3.0,ingroup
agreement,9,mistral:7b,liberal,3.0,ingroup
agreement,9,mistral:7b,liberal,3.0,ingroup
agreement,9,mistral:7b,liberal,3.0,ingroup
agreement,9,mistral:7b,liberal,3.0,ingroup
agreement,9,mistral:7b,liberal,3.0,ingroup
agreement,9,mixtral:8x22b,conservative,4.0,ingroup
agreement,9,mixtral:8x22b,conservative,4.0,ingroup
agreement,9,mixtral:8x22b,conservative,4.0,ingroup
agreement,9,mixtral:8x22b,conservative,4.0,ingroup
agreement,9,mixtral:8x22b,conservative,4.0,ingroup
agreement,9,mixtral:8x22b,conservative,4.0,ingroup
agreement,9,mixtral:8x22b,conservative,4.0,ingroup
agreement,9,mixtral:8x22b,conservative,4.0,ingroup
agreement,9,mixtral:8x22b,conservative,4.0,ingroup
agreement,9,mixtral:8x22b,conservative,4.0,ingroup
agreement,9,mixtral:8x22b,conservative,4.0,ingroup
agreement,9,mixtral:8x22b,conservative,4.0,ingroup
agreement,9,mixtral:8x22b,conservative,4.0,ingroup
agreement,9,mixtral:8x22b,conservative,4.0,ingroup
agreement,9,mixtral:8x22b,conservative,4.0,ingroup
agreement,9,mixtral:8x22b,conservative,4.0,ingroup
agreement,9,mixtral:8x22b,conservative,4.0,ingroup
agreement,9,mixtral:8x22b,conservative,4.0,ingroup
agreement,9,mixtral:8x22b,conservative,5.0,ingroup
agreement,9,mixtral:8x22b,conservative,4.0,ingroup
agreement,9,mixtral:8x22b,conservative,4.0,ingroup
agreement,9,mixtral:8x22b,conservative,4.0,ingroup
agreement,9,mixtral:8x22b,conservative,4.0,ingroup
agreement,9,mixtral:8x22b,conservative,4.0,ingroup
agreement,9,mixtral:8x22b,conservative,4.0,ingroup
agreement,9,mixtral:8x22b,conservative,5.0,ingroup
agreement,9,mixtral:8x22b,conservative,4.0,ingroup
agreement,9,mixtral:8x22b,conservative,4.0,ingroup
agreement,9,mixtral:8x22b,conservative,4.0,ingroup
agreement,9,mixtral:8x22b,conservative,4.0,ingroup
agreement,9,mixtral:8x22b,conservative,4.0,ingroup
agreement,9,mixtral:8x22b,conservative,4.0,ingroup
agreement,9,mixtral:8x22b,conservative,4.0,ingroup
agreement,9,mixtral:8x22b,conservative,4.0,ingroup
agreement,9,mixtral:8x22b,conservative,4.0,ingroup
agreement,9,mixtral:8x22b,conservative,4.0,ingroup
agreement,9,mixtral:8x22b,conservative,5.0,ingroup
agreement,9,mixtral:8x22b,conservative,4.0,ingroup
agreement,9,mixtral:8x22b,conservative,4.0,ingroup
agreement,9,mixtral:8x22b,conservative,4.0,ingroup
agreement,9,mixtral:8x22b,conservative,4.0,ingroup
agreement,9,mixtral:8x22b,conservative,4.0,ingroup
agreement,9,mixtral:8x22b,conservative,4.0,ingroup
agreement,9,mixtral:8x22b,conservative,4.0,ingroup
agreement,9,mixtral:8x22b,conservative,4.0,ingroup
agreement,9,mixtral:8x22b,conservative,4.0,ingroup
agreement,9,mixtral:8x22b,conservative,5.0,ingroup
agreement,9,mixtral:8x22b,conservative,4.0,ingroup
agreement,9,mixtral:8x22b,conservative,4.0,ingroup
agreement,9,mixtral:8x22b,conservative,4.0,ingroup
agreement,9,mixtral:8x22b,moderate,4.0,ingroup
agreement,9,mixtral:8x22b,moderate,4.0,ingroup
agreement,9,mixtral:8x22b,moderate,4.0,ingroup
agreement,9,mixtral:8x22b,moderate,4.0,ingroup
agreement,9,mixtral:8x22b,moderate,4.0,ingroup
agreement,9,mixtral:8x22b,moderate,4.0,ingroup
agreement,9,mixtral:8x22b,moderate,4.0,ingroup
agreement,9,mixtral:8x22b,moderate,4.0,ingroup
agreement,9,mixtral:8x22b,moderate,5.0,ingroup
agreement,9,mixtral:8x22b,moderate,4.0,ingroup
agreement,9,mixtral:8x22b,moderate,4.0,ingroup
agreement,9,mixtral:8x22b,moderate,4.0,ingroup
agreement,9,mixtral:8x22b,moderate,4.0,ingroup
agreement,9,mixtral:8x22b,moderate,4.0,ingroup
agreement,9,mixtral:8x22b,moderate,4.0,ingroup
agreement,9,mixtral:8x22b,moderate,4.0,ingroup
agreement,9,mixtral:8x22b,moderate,4.0,ingroup
agreement,9,mixtral:8x22b,moderate,4.0,ingroup
agreement,9,mixtral:8x22b,moderate,4.0,ingroup
agreement,9,mixtral:8x22b,moderate,4.0,ingroup
agreement,9,mixtral:8x22b,moderate,5.0,ingroup
agreement,9,mixtral:8x22b,moderate,4.0,ingroup
agreement,9,mixtral:8x22b,moderate,4.0,ingroup
agreement,9,mixtral:8x22b,moderate,4.0,ingroup
agreement,9,mixtral:8x22b,moderate,4.0,ingroup
agreement,9,mixtral:8x22b,moderate,4.0,ingroup
agreement,9,mixtral:8x22b,moderate,4.0,ingroup
agreement,9,mixtral:8x22b,moderate,4.0,ingroup
agreement,9,mixtral:8x22b,moderate,4.0,ingroup
agreement,9,mixtral:8x22b,moderate,4.0,ingroup
agreement,9,mixtral:8x22b,moderate,4.0,ingroup
agreement,9,mixtral:8x22b,moderate,5.0,ingroup
agreement,9,mixtral:8x22b,moderate,4.0,ingroup
agreement,9,mixtral:8x22b,moderate,5.0,ingroup
agreement,9,mixtral:8x22b,moderate,4.0,ingroup
agreement,9,mixtral:8x22b,moderate,4.0,ingroup
agreement,9,mixtral:8x22b,moderate,4.0,ingroup
agreement,9,mixtral:8x22b,moderate,4.0,ingroup
agreement,9,mixtral:8x22b,moderate,4.0,ingroup
agreement,9,mixtral:8x22b,moderate,4.0,ingroup
agreement,9,mixtral:8x22b,moderate,4.0,ingroup
agreement,9,mixtral:8x22b,moderate,4.0,ingroup
agreement,9,mixtral:8x22b,moderate,4.0,ingroup
agreement,9,mixtral:8x22b,moderate,4.0,ingroup
agreement,9,mixtral:8x22b,moderate,4.0,ingroup
agreement,9,mixtral:8x22b,moderate,4.0,ingroup
agreement,9,mixtral:8x22b,moderate,4.0,ingroup
agreement,9,mixtral:8x22b,moderate,4.0,ingroup
agreement,9,mixtral:8x22b,moderate,4.0,ingroup
agreement,9,mixtral:8x22b,moderate,4.0,ingroup
agreement,9,mixtral:8x22b,liberal,4.0,ingroup
agreement,9,mixtral:8x22b,liberal,4.0,ingroup
agreement,9,mixtral:8x22b,liberal,2.0,ingroup
agreement,9,mixtral:8x22b,liberal,3.0,ingroup
agreement,9,mixtral:8x22b,liberal,2.0,ingroup
agreement,9,mixtral:8x22b,liberal,3.0,ingroup
agreement,9,mixtral:8x22b,liberal,3.0,ingroup
agreement,9,mixtral:8x22b,liberal,4.0,ingroup
agreement,9,mixtral:8x22b,liberal,2.0,ingroup
agreement,9,mixtral:8x22b,liberal,3.0,ingroup
agreement,9,mixtral:8x22b,liberal,3.0,ingroup
agreement,9,mixtral:8x22b,liberal,4.0,ingroup
agreement,9,mixtral:8x22b,liberal,3.0,ingroup
agreement,9,mixtral:8x22b,liberal,3.0,ingroup
agreement,9,mixtral:8x22b,liberal,3.0,ingroup
agreement,9,mixtral:8x22b,liberal,3.0,ingroup
agreement,9,mixtral:8x22b,liberal,4.0,ingroup
agreement,9,mixtral:8x22b,liberal,3.0,ingroup
agreement,9,mixtral:8x22b,liberal,2.0,ingroup
agreement,9,mixtral:8x22b,liberal,3.0,ingroup
agreement,9,mixtral:8x22b,liberal,3.0,ingroup
agreement,9,mixtral:8x22b,liberal,3.0,ingroup
agreement,9,mixtral:8x22b,liberal,3.0,ingroup
agreement,9,mixtral:8x22b,liberal,3.0,ingroup
agreement,9,mixtral:8x22b,liberal,3.0,ingroup
agreement,9,mixtral:8x22b,liberal,3.0,ingroup
agreement,9,mixtral:8x22b,liberal,3.0,ingroup
agreement,9,mixtral:8x22b,liberal,2.0,ingroup
agreement,9,mixtral:8x22b,liberal,3.0,ingroup
agreement,9,mixtral:8x22b,liberal,3.0,ingroup
agreement,9,mixtral:8x22b,liberal,4.0,ingroup
agreement,9,mixtral:8x22b,liberal,4.0,ingroup
agreement,9,mixtral:8x22b,liberal,3.0,ingroup
agreement,9,mixtral:8x22b,liberal,3.0,ingroup
agreement,9,mixtral:8x22b,liberal,3.0,ingroup
agreement,9,mixtral:8x22b,liberal,2.0,ingroup
agreement,9,mixtral:8x22b,liberal,2.0,ingroup
agreement,9,mixtral:8x22b,liberal,3.0,ingroup
agreement,9,mixtral:8x22b,liberal,3.0,ingroup
agreement,9,mixtral:8x22b,liberal,3.0,ingroup
agreement,9,mixtral:8x22b,liberal,4.0,ingroup
agreement,9,mixtral:8x22b,liberal,4.0,ingroup
agreement,9,mixtral:8x22b,liberal,3.0,ingroup
agreement,9,mixtral:8x22b,liberal,4.0,ingroup
agreement,9,mixtral:8x22b,liberal,4.0,ingroup
agreement,9,mixtral:8x22b,liberal,3.0,ingroup
agreement,9,mixtral:8x22b,liberal,3.0,ingroup
agreement,9,mixtral:8x22b,liberal,3.0,ingroup
agreement,9,mixtral:8x22b,liberal,2.0,ingroup
agreement,9,mixtral:8x22b,liberal,4.0,ingroup
agreement,9,mixtral:8x7b,conservative,5.0,ingroup
agreement,9,mixtral:8x7b,conservative,5.0,ingroup
agreement,9,mixtral:8x7b,conservative,5.0,ingroup
agreement,9,mixtral:8x7b,conservative,5.0,ingroup
agreement,9,mixtral:8x7b,conservative,5.0,ingroup
agreement,9,mixtral:8x7b,conservative,5.0,ingroup
agreement,9,mixtral:8x7b,conservative,5.0,ingroup
agreement,9,mixtral:8x7b,conservative,5.0,ingroup
agreement,9,mixtral:8x7b,conservative,5.0,ingroup
agreement,9,mixtral:8x7b,conservative,5.0,ingroup
agreement,9,mixtral:8x7b,conservative,5.0,ingroup
agreement,9,mixtral:8x7b,conservative,5.0,ingroup
agreement,9,mixtral:8x7b,conservative,5.0,ingroup
agreement,9,mixtral:8x7b,conservative,5.0,ingroup
agreement,9,mixtral:8x7b,conservative,5.0,ingroup
agreement,9,mixtral:8x7b,conservative,5.0,ingroup
agreement,9,mixtral:8x7b,conservative,5.0,ingroup
agreement,9,mixtral:8x7b,conservative,5.0,ingroup
agreement,9,mixtral:8x7b,conservative,5.0,ingroup
agreement,9,mixtral:8x7b,conservative,5.0,ingroup
agreement,9,mixtral:8x7b,conservative,5.0,ingroup
agreement,9,mixtral:8x7b,conservative,5.0,ingroup
agreement,9,mixtral:8x7b,conservative,5.0,ingroup
agreement,9,mixtral:8x7b,conservative,5.0,ingroup
agreement,9,mixtral:8x7b,conservative,5.0,ingroup
agreement,9,mixtral:8x7b,conservative,5.0,ingroup
agreement,9,mixtral:8x7b,conservative,5.0,ingroup
agreement,9,mixtral:8x7b,conservative,5.0,ingroup
agreement,9,mixtral:8x7b,conservative,5.0,ingroup
agreement,9,mixtral:8x7b,conservative,5.0,ingroup
agreement,9,mixtral:8x7b,conservative,5.0,ingroup
agreement,9,mixtral:8x7b,conservative,5.0,ingroup
agreement,9,mixtral:8x7b,conservative,5.0,ingroup
agreement,9,mixtral:8x7b,conservative,5.0,ingroup
agreement,9,mixtral:8x7b,conservative,5.0,ingroup
agreement,9,mixtral:8x7b,conservative,5.0,ingroup
agreement,9,mixtral:8x7b,conservative,5.0,ingroup
agreement,9,mixtral:8x7b,conservative,5.0,ingroup
agreement,9,mixtral:8x7b,conservative,5.0,ingroup
agreement,9,mixtral:8x7b,conservative,5.0,ingroup
agreement,9,mixtral:8x7b,conservative,5.0,ingroup
agreement,9,mixtral:8x7b,conservative,5.0,ingroup
agreement,9,mixtral:8x7b,conservative,5.0,ingroup
agreement,9,mixtral:8x7b,conservative,5.0,ingroup
agreement,9,mixtral:8x7b,conservative,5.0,ingroup
agreement,9,mixtral:8x7b,conservative,5.0,ingroup
agreement,9,mixtral:8x7b,conservative,5.0,ingroup
agreement,9,mixtral:8x7b,conservative,5.0,ingroup
agreement,9,mixtral:8x7b,conservative,5.0,ingroup
agreement,9,mixtral:8x7b,conservative,5.0,ingroup
agreement,9,mixtral:8x7b,moderate,4.0,ingroup
agreement,9,mixtral:8x7b,moderate,4.0,ingroup
agreement,9,mixtral:8x7b,moderate,4.0,ingroup
agreement,9,mixtral:8x7b,moderate,4.0,ingroup
agreement,9,mixtral:8x7b,moderate,4.0,ingroup
agreement,9,mixtral:8x7b,moderate,4.0,ingroup
agreement,9,mixtral:8x7b,moderate,4.0,ingroup
agreement,9,mixtral:8x7b,moderate,4.0,ingroup
agreement,9,mixtral:8x7b,moderate,4.0,ingroup
agreement,9,mixtral:8x7b,moderate,4.0,ingroup
agreement,9,mixtral:8x7b,moderate,4.0,ingroup
agreement,9,mixtral:8x7b,moderate,4.0,ingroup
agreement,9,mixtral:8x7b,moderate,4.0,ingroup
agreement,9,mixtral:8x7b,moderate,4.0,ingroup
agreement,9,mixtral:8x7b,moderate,4.0,ingroup
agreement,9,mixtral:8x7b,moderate,4.0,ingroup
agreement,9,mixtral:8x7b,moderate,4.0,ingroup
agreement,9,mixtral:8x7b,moderate,4.0,ingroup
agreement,9,mixtral:8x7b,moderate,4.0,ingroup
agreement,9,mixtral:8x7b,moderate,4.0,ingroup
agreement,9,mixtral:8x7b,moderate,4.0,ingroup
agreement,9,mixtral:8x7b,moderate,4.0,ingroup
agreement,9,mixtral:8x7b,moderate,4.0,ingroup
agreement,9,mixtral:8x7b,moderate,4.0,ingroup
agreement,9,mixtral:8x7b,moderate,4.0,ingroup
agreement,9,mixtral:8x7b,moderate,4.0,ingroup
agreement,9,mixtral:8x7b,moderate,4.0,ingroup
agreement,9,mixtral:8x7b,moderate,4.0,ingroup
agreement,9,mixtral:8x7b,moderate,4.0,ingroup
agreement,9,mixtral:8x7b,moderate,4.0,ingroup
agreement,9,mixtral:8x7b,moderate,4.0,ingroup
agreement,9,mixtral:8x7b,moderate,4.0,ingroup
agreement,9,mixtral:8x7b,moderate,4.0,ingroup
agreement,9,mixtral:8x7b,moderate,4.0,ingroup
agreement,9,mixtral:8x7b,moderate,4.0,ingroup
agreement,9,mixtral:8x7b,moderate,4.0,ingroup
agreement,9,mixtral:8x7b,moderate,4.0,ingroup
agreement,9,mixtral:8x7b,moderate,4.0,ingroup
agreement,9,mixtral:8x7b,moderate,4.0,ingroup
agreement,9,mixtral:8x7b,moderate,4.0,ingroup
agreement,9,mixtral:8x7b,moderate,4.0,ingroup
agreement,9,mixtral:8x7b,moderate,4.0,ingroup
agreement,9,mixtral:8x7b,moderate,4.0,ingroup
agreement,9,mixtral:8x7b,moderate,4.0,ingroup
agreement,9,mixtral:8x7b,moderate,4.0,ingroup
agreement,9,mixtral:8x7b,moderate,4.0,ingroup
agreement,9,mixtral:8x7b,moderate,4.0,ingroup
agreement,9,mixtral:8x7b,moderate,4.0,ingroup
agreement,9,mixtral:8x7b,moderate,4.0,ingroup
agreement,9,mixtral:8x7b,moderate,4.0,ingroup
agreement,9,mixtral:8x7b,liberal,4.0,ingroup
agreement,9,mixtral:8x7b,liberal,4.0,ingroup
agreement,9,mixtral:8x7b,liberal,4.0,ingroup
agreement,9,mixtral:8x7b,liberal,4.0,ingroup
agreement,9,mixtral:8x7b,liberal,4.0,ingroup
agreement,9,mixtral:8x7b,liberal,4.0,ingroup
agreement,9,mixtral:8x7b,liberal,4.0,ingroup
agreement,9,mixtral:8x7b,liberal,4.0,ingroup
agreement,9,mixtral:8x7b,liberal,4.0,ingroup
agreement,9,mixtral:8x7b,liberal,4.0,ingroup
agreement,9,mixtral:8x7b,liberal,4.0,ingroup
agreement,9,mixtral:8x7b,liberal,4.0,ingroup
agreement,9,mixtral:8x7b,liberal,4.0,ingroup
agreement,9,mixtral:8x7b,liberal,4.0,ingroup
agreement,9,mixtral:8x7b,liberal,4.0,ingroup
agreement,9,mixtral:8x7b,liberal,4.0,ingroup
agreement,9,mixtral:8x7b,liberal,4.0,ingroup
agreement,9,mixtral:8x7b,liberal,4.0,ingroup
agreement,9,mixtral:8x7b,liberal,4.0,ingroup
agreement,9,mixtral:8x7b,liberal,4.0,ingroup
agreement,9,mixtral:8x7b,liberal,4.0,ingroup
agreement,9,mixtral:8x7b,liberal,4.0,ingroup
agreement,9,mixtral:8x7b,liberal,4.0,ingroup
agreement,9,mixtral:8x7b,liberal,4.0,ingroup
agreement,9,mixtral:8x7b,liberal,4.0,ingroup
agreement,9,mixtral:8x7b,liberal,4.0,ingroup
agreement,9,mixtral:8x7b,liberal,4.0,ingroup
agreement,9,mixtral:8x7b,liberal,4.0,ingroup
agreement,9,mixtral:8x7b,liberal,4.0,ingroup
agreement,9,mixtral:8x7b,liberal,4.0,ingroup
agreement,9,mixtral:8x7b,liberal,4.0,ingroup
agreement,9,mixtral:8x7b,liberal,4.0,ingroup
agreement,9,mixtral:8x7b,liberal,4.0,ingroup
agreement,9,mixtral:8x7b,liberal,4.0,ingroup
agreement,9,mixtral:8x7b,liberal,4.0,ingroup
agreement,9,mixtral:8x7b,liberal,4.0,ingroup
agreement,9,mixtral:8x7b,liberal,4.0,ingroup
agreement,9,mixtral:8x7b,liberal,4.0,ingroup
agreement,9,mixtral:8x7b,liberal,4.0,ingroup
agreement,9,mixtral:8x7b,liberal,4.0,ingroup
agreement,9,mixtral:8x7b,liberal,4.0,ingroup
agreement,9,mixtral:8x7b,liberal,4.0,ingroup
agreement,9,mixtral:8x7b,liberal,4.0,ingroup
agreement,9,mixtral:8x7b,liberal,4.0,ingroup
agreement,9,mixtral:8x7b,liberal,4.0,ingroup
agreement,9,mixtral:8x7b,liberal,4.0,ingroup
agreement,9,mixtral:8x7b,liberal,4.0,ingroup
agreement,9,mixtral:8x7b,liberal,4.0,ingroup
agreement,9,mixtral:8x7b,liberal,4.0,ingroup
agreement,9,mixtral:8x7b,liberal,4.0,ingroup
agreement,9,phi3:14b,conservative,4.0,ingroup
agreement,9,phi3:14b,conservative,4.0,ingroup
agreement,9,phi3:14b,conservative,3.0,ingroup
agreement,9,phi3:14b,conservative,5.0,ingroup
agreement,9,phi3:14b,conservative,5.0,ingroup
agreement,9,phi3:14b,conservative,4.0,ingroup
agreement,9,phi3:14b,conservative,5.0,ingroup
agreement,9,phi3:14b,conservative,3.0,ingroup
agreement,9,phi3:14b,conservative,4.0,ingroup
agreement,9,phi3:14b,conservative,5.0,ingroup
agreement,9,phi3:14b,conservative,3.0,ingroup
agreement,9,phi3:14b,conservative,3.0,ingroup
agreement,9,phi3:14b,conservative,4.0,ingroup
agreement,9,phi3:14b,conservative,4.0,ingroup
agreement,9,phi3:14b,conservative,4.0,ingroup
agreement,9,phi3:14b,conservative,3.0,ingroup
agreement,9,phi3:14b,conservative,3.0,ingroup
agreement,9,phi3:14b,conservative,3.0,ingroup
agreement,9,phi3:14b,conservative,3.0,ingroup
agreement,9,phi3:14b,conservative,5.0,ingroup
agreement,9,phi3:14b,conservative,5.0,ingroup
agreement,9,phi3:14b,conservative,5.0,ingroup
agreement,9,phi3:14b,conservative,4.0,ingroup
agreement,9,phi3:14b,conservative,5.0,ingroup
agreement,9,phi3:14b,conservative,5.0,ingroup
agreement,9,phi3:14b,conservative,5.0,ingroup
agreement,9,phi3:14b,conservative,4.0,ingroup
agreement,9,phi3:14b,conservative,5.0,ingroup
agreement,9,phi3:14b,conservative,4.0,ingroup
agreement,9,phi3:14b,conservative,4.0,ingroup
agreement,9,phi3:14b,conservative,5.0,ingroup
agreement,9,phi3:14b,conservative,5.0,ingroup
agreement,9,phi3:14b,conservative,4.0,ingroup
agreement,9,phi3:14b,conservative,5.0,ingroup
agreement,9,phi3:14b,conservative,5.0,ingroup
agreement,9,phi3:14b,conservative,4.0,ingroup
agreement,9,phi3:14b,conservative,4.0,ingroup
agreement,9,phi3:14b,conservative,5.0,ingroup
agreement,9,phi3:14b,conservative,4.0,ingroup
agreement,9,phi3:14b,conservative,4.0,ingroup
agreement,9,phi3:14b,conservative,3.0,ingroup
agreement,9,phi3:14b,conservative,5.0,ingroup
agreement,9,phi3:14b,conservative,5.0,ingroup
agreement,9,phi3:14b,conservative,4.0,ingroup
agreement,9,phi3:14b,conservative,4.0,ingroup
agreement,9,phi3:14b,conservative,4.0,ingroup
agreement,9,phi3:14b,conservative,5.0,ingroup
agreement,9,phi3:14b,conservative,3.0,ingroup
agreement,9,phi3:14b,conservative,4.0,ingroup
agreement,9,phi3:14b,conservative,4.0,ingroup
agreement,9,phi3:14b,moderate,4.0,ingroup
agreement,9,phi3:14b,moderate,4.0,ingroup
agreement,9,phi3:14b,moderate,3.0,ingroup
agreement,9,phi3:14b,moderate,3.0,ingroup
agreement,9,phi3:14b,moderate,4.0,ingroup
agreement,9,phi3:14b,moderate,4.0,ingroup
agreement,9,phi3:14b,moderate,3.0,ingroup
agreement,9,phi3:14b,moderate,3.0,ingroup
agreement,9,phi3:14b,moderate,4.0,ingroup
agreement,9,phi3:14b,moderate,4.0,ingroup
agreement,9,phi3:14b,moderate,3.0,ingroup
agreement,9,phi3:14b,moderate,3.0,ingroup
agreement,9,phi3:14b,moderate,3.0,ingroup
agreement,9,phi3:14b,moderate,3.0,ingroup
agreement,9,phi3:14b,moderate,4.0,ingroup
agreement,9,phi3:14b,moderate,4.0,ingroup
agreement,9,phi3:14b,moderate,3.0,ingroup
agreement,9,phi3:14b,moderate,4.0,ingroup
agreement,9,phi3:14b,moderate,3.0,ingroup
agreement,9,phi3:14b,moderate,5.0,ingroup
agreement,9,phi3:14b,moderate,3.0,ingroup
agreement,9,phi3:14b,moderate,3.0,ingroup
agreement,9,phi3:14b,moderate,3.0,ingroup
agreement,9,phi3:14b,moderate,3.0,ingroup
agreement,9,phi3:14b,moderate,4.0,ingroup
agreement,9,phi3:14b,moderate,3.0,ingroup
agreement,9,phi3:14b,moderate,3.0,ingroup
agreement,9,phi3:14b,moderate,4.0,ingroup
agreement,9,phi3:14b,moderate,4.0,ingroup
agreement,9,phi3:14b,moderate,4.0,ingroup
agreement,9,phi3:14b,moderate,4.0,ingroup
agreement,9,phi3:14b,moderate,4.0,ingroup
agreement,9,phi3:14b,moderate,3.0,ingroup
agreement,9,phi3:14b,moderate,3.0,ingroup
agreement,9,phi3:14b,moderate,3.0,ingroup
agreement,9,phi3:14b,moderate,3.0,ingroup
agreement,9,phi3:14b,moderate,5.0,ingroup
agreement,9,phi3:14b,moderate,4.0,ingroup
agreement,9,phi3:14b,moderate,4.0,ingroup
agreement,9,phi3:14b,moderate,4.0,ingroup
agreement,9,phi3:14b,moderate,4.0,ingroup
agreement,9,phi3:14b,moderate,5.0,ingroup
agreement,9,phi3:14b,moderate,3.0,ingroup
agreement,9,phi3:14b,moderate,3.0,ingroup
agreement,9,phi3:14b,moderate,3.0,ingroup
agreement,9,phi3:14b,moderate,4.0,ingroup
agreement,9,phi3:14b,moderate,3.0,ingroup
agreement,9,phi3:14b,moderate,3.0,ingroup
agreement,9,phi3:14b,moderate,4.0,ingroup
agreement,9,phi3:14b,moderate,3.0,ingroup
agreement,9,phi3:14b,liberal,2.0,ingroup
agreement,9,phi3:14b,liberal,4.0,ingroup
agreement,9,phi3:14b,liberal,2.0,ingroup
agreement,9,phi3:14b,liberal,3.0,ingroup
agreement,9,phi3:14b,liberal,5.0,ingroup
agreement,9,phi3:14b,liberal,3.0,ingroup
agreement,9,phi3:14b,liberal,2.0,ingroup
agreement,9,phi3:14b,liberal,3.0,ingroup
agreement,9,phi3:14b,liberal,3.0,ingroup
agreement,9,phi3:14b,liberal,3.0,ingroup
agreement,9,phi3:14b,liberal,3.0,ingroup
agreement,9,phi3:14b,liberal,2.0,ingroup
agreement,9,phi3:14b,liberal,3.0,ingroup
agreement,9,phi3:14b,liberal,4.0,ingroup
agreement,9,phi3:14b,liberal,1.0,ingroup
agreement,9,phi3:14b,liberal,1.0,ingroup
agreement,9,phi3:14b,liberal,2.0,ingroup
agreement,9,phi3:14b,liberal,3.0,ingroup
agreement,9,phi3:14b,liberal,4.0,ingroup
agreement,9,phi3:14b,liberal,4.0,ingroup
agreement,9,phi3:14b,liberal,2.0,ingroup
agreement,9,phi3:14b,liberal,2.0,ingroup
agreement,9,phi3:14b,liberal,2.0,ingroup
agreement,9,phi3:14b,liberal,3.0,ingroup
agreement,9,phi3:14b,liberal,2.0,ingroup
agreement,9,phi3:14b,liberal,4.0,ingroup
agreement,9,phi3:14b,liberal,2.0,ingroup
agreement,9,phi3:14b,liberal,4.0,ingroup
agreement,9,phi3:14b,liberal,4.0,ingroup
agreement,9,phi3:14b,liberal,4.0,ingroup
agreement,9,phi3:14b,liberal,2.0,ingroup
agreement,9,phi3:14b,liberal,3.0,ingroup
agreement,9,phi3:14b,liberal,2.0,ingroup
agreement,9,phi3:14b,liberal,3.0,ingroup
agreement,9,phi3:14b,liberal,2.0,ingroup
agreement,9,phi3:14b,liberal,3.0,ingroup
agreement,9,phi3:14b,liberal,3.0,ingroup
agreement,9,phi3:14b,liberal,3.0,ingroup
agreement,9,phi3:14b,liberal,2.0,ingroup
agreement,9,phi3:14b,liberal,4.0,ingroup
agreement,9,phi3:14b,liberal,3.0,ingroup
agreement,9,phi3:14b,liberal,2.0,ingroup
agreement,9,phi3:14b,liberal,3.0,ingroup
agreement,9,phi3:14b,liberal,3.0,ingroup
agreement,9,phi3:14b,liberal,2.0,ingroup
agreement,9,phi3:14b,liberal,3.0,ingroup
agreement,9,phi3:14b,liberal,2.0,ingroup
agreement,9,phi3:14b,liberal,3.0,ingroup
agreement,9,phi3:14b,liberal,1.0,ingroup
agreement,9,phi3:14b,liberal,2.0,ingroup
agreement,9,gemma:7b,conservative,2.0,ingroup
agreement,9,gemma:7b,conservative,2.0,ingroup
agreement,9,gemma:7b,conservative,2.0,ingroup
agreement,9,gemma:7b,conservative,2.0,ingroup
agreement,9,gemma:7b,conservative,2.0,ingroup
agreement,9,gemma:7b,conservative,2.0,ingroup
agreement,9,gemma:7b,conservative,2.0,ingroup
agreement,9,gemma:7b,conservative,2.0,ingroup
agreement,9,gemma:7b,conservative,2.0,ingroup
agreement,9,gemma:7b,conservative,2.0,ingroup
agreement,9,gemma:7b,conservative,2.0,ingroup
agreement,9,gemma:7b,conservative,2.0,ingroup
agreement,9,gemma:7b,conservative,2.0,ingroup
agreement,9,gemma:7b,conservative,4.0,ingroup
agreement,9,gemma:7b,conservative,4.0,ingroup
agreement,9,gemma:7b,conservative,2.0,ingroup
agreement,9,gemma:7b,conservative,3.0,ingroup
agreement,9,gemma:7b,conservative,2.0,ingroup
agreement,9,gemma:7b,conservative,2.0,ingroup
agreement,9,gemma:7b,conservative,3.0,ingroup
agreement,9,gemma:7b,conservative,2.0,ingroup
agreement,9,gemma:7b,conservative,2.0,ingroup
agreement,9,gemma:7b,conservative,2.0,ingroup
agreement,9,gemma:7b,conservative,3.0,ingroup
agreement,9,gemma:7b,conservative,2.0,ingroup
agreement,9,gemma:7b,conservative,2.0,ingroup
agreement,9,gemma:7b,conservative,2.0,ingroup
agreement,9,gemma:7b,conservative,3.0,ingroup
agreement,9,gemma:7b,conservative,2.0,ingroup
agreement,9,gemma:7b,conservative,2.0,ingroup
agreement,9,gemma:7b,conservative,2.0,ingroup
agreement,9,gemma:7b,conservative,2.0,ingroup
agreement,9,gemma:7b,conservative,2.0,ingroup
agreement,9,gemma:7b,conservative,2.0,ingroup
agreement,9,gemma:7b,conservative,4.0,ingroup
agreement,9,gemma:7b,conservative,2.0,ingroup
agreement,9,gemma:7b,conservative,2.0,ingroup
agreement,9,gemma:7b,conservative,2.0,ingroup
agreement,9,gemma:7b,conservative,2.0,ingroup
agreement,9,gemma:7b,conservative,2.0,ingroup
agreement,9,gemma:7b,conservative,4.0,ingroup
agreement,9,gemma:7b,conservative,2.0,ingroup
agreement,9,gemma:7b,conservative,3.0,ingroup
agreement,9,gemma:7b,conservative,2.0,ingroup
agreement,9,gemma:7b,conservative,4.0,ingroup
agreement,9,gemma:7b,conservative,4.0,ingroup
agreement,9,gemma:7b,conservative,2.0,ingroup
agreement,9,gemma:7b,conservative,3.0,ingroup
agreement,9,gemma:7b,conservative,3.0,ingroup
agreement,9,gemma:7b,conservative,2.0,ingroup
agreement,9,gemma:7b,moderate,2.0,ingroup
agreement,9,gemma:7b,moderate,2.0,ingroup
agreement,9,gemma:7b,moderate,2.0,ingroup
agreement,9,gemma:7b,moderate,2.0,ingroup
agreement,9,gemma:7b,moderate,2.0,ingroup
agreement,9,gemma:7b,moderate,2.0,ingroup
agreement,9,gemma:7b,moderate,2.0,ingroup
agreement,9,gemma:7b,moderate,2.0,ingroup
agreement,9,gemma:7b,moderate,2.0,ingroup
agreement,9,gemma:7b,moderate,2.0,ingroup
agreement,9,gemma:7b,moderate,2.0,ingroup
agreement,9,gemma:7b,moderate,2.0,ingroup
agreement,9,gemma:7b,moderate,2.0,ingroup
agreement,9,gemma:7b,moderate,2.0,ingroup
agreement,9,gemma:7b,moderate,2.0,ingroup
agreement,9,gemma:7b,moderate,2.0,ingroup
agreement,9,gemma:7b,moderate,2.0,ingroup
agreement,9,gemma:7b,moderate,2.0,ingroup
agreement,9,gemma:7b,moderate,2.0,ingroup
agreement,9,gemma:7b,moderate,2.0,ingroup
agreement,9,gemma:7b,moderate,2.0,ingroup
agreement,9,gemma:7b,moderate,2.0,ingroup
agreement,9,gemma:7b,moderate,2.0,ingroup
agreement,9,gemma:7b,moderate,4.0,ingroup
agreement,9,gemma:7b,moderate,2.0,ingroup
agreement,9,gemma:7b,moderate,2.0,ingroup
agreement,9,gemma:7b,moderate,2.0,ingroup
agreement,9,gemma:7b,moderate,4.0,ingroup
agreement,9,gemma:7b,moderate,2.0,ingroup
agreement,9,gemma:7b,moderate,2.0,ingroup
agreement,9,gemma:7b,moderate,4.0,ingroup
agreement,9,gemma:7b,moderate,2.0,ingroup
agreement,9,gemma:7b,moderate,2.0,ingroup
agreement,9,gemma:7b,moderate,2.0,ingroup
agreement,9,gemma:7b,moderate,2.0,ingroup
agreement,9,gemma:7b,moderate,2.0,ingroup
agreement,9,gemma:7b,moderate,2.0,ingroup
agreement,9,gemma:7b,moderate,2.0,ingroup
agreement,9,gemma:7b,moderate,3.0,ingroup
agreement,9,gemma:7b,moderate,2.0,ingroup
agreement,9,gemma:7b,moderate,2.0,ingroup
agreement,9,gemma:7b,moderate,2.0,ingroup
agreement,9,gemma:7b,moderate,2.0,ingroup
agreement,9,gemma:7b,moderate,2.0,ingroup
agreement,9,gemma:7b,moderate,2.0,ingroup
agreement,9,gemma:7b,moderate,2.0,ingroup
agreement,9,gemma:7b,moderate,2.0,ingroup
agreement,9,gemma:7b,moderate,2.0,ingroup
agreement,9,gemma:7b,moderate,2.0,ingroup
agreement,9,gemma:7b,moderate,2.0,ingroup
agreement,9,gemma:7b,liberal,2.0,ingroup
agreement,9,gemma:7b,liberal,2.0,ingroup
agreement,9,gemma:7b,liberal,2.0,ingroup
agreement,9,gemma:7b,liberal,2.0,ingroup
agreement,9,gemma:7b,liberal,2.0,ingroup
agreement,9,gemma:7b,liberal,2.0,ingroup
agreement,9,gemma:7b,liberal,2.0,ingroup
agreement,9,gemma:7b,liberal,2.0,ingroup
agreement,9,gemma:7b,liberal,2.0,ingroup
agreement,9,gemma:7b,liberal,2.0,ingroup
agreement,9,gemma:7b,liberal,2.0,ingroup
agreement,9,gemma:7b,liberal,2.0,ingroup
agreement,9,gemma:7b,liberal,2.0,ingroup
agreement,9,gemma:7b,liberal,2.0,ingroup
agreement,9,gemma:7b,liberal,2.0,ingroup
agreement,9,gemma:7b,liberal,2.0,ingroup
agreement,9,gemma:7b,liberal,2.0,ingroup
agreement,9,gemma:7b,liberal,2.0,ingroup
agreement,9,gemma:7b,liberal,2.0,ingroup
agreement,9,gemma:7b,liberal,2.0,ingroup
agreement,9,gemma:7b,liberal,2.0,ingroup
agreement,9,gemma:7b,liberal,2.0,ingroup
agreement,9,gemma:7b,liberal,2.0,ingroup
agreement,9,gemma:7b,liberal,2.0,ingroup
agreement,9,gemma:7b,liberal,2.0,ingroup
agreement,9,gemma:7b,liberal,2.0,ingroup
agreement,9,gemma:7b,liberal,2.0,ingroup
agreement,9,gemma:7b,liberal,2.0,ingroup
agreement,9,gemma:7b,liberal,2.0,ingroup
agreement,9,gemma:7b,liberal,2.0,ingroup
agreement,9,gemma:7b,liberal,2.0,ingroup
agreement,9,gemma:7b,liberal,2.0,ingroup
agreement,9,gemma:7b,liberal,2.0,ingroup
agreement,9,gemma:7b,liberal,2.0,ingroup
agreement,9,gemma:7b,liberal,2.0,ingroup
agreement,9,gemma:7b,liberal,2.0,ingroup
agreement,9,gemma:7b,liberal,2.0,ingroup
agreement,9,gemma:7b,liberal,2.0,ingroup
agreement,9,gemma:7b,liberal,2.0,ingroup
agreement,9,gemma:7b,liberal,2.0,ingroup
agreement,9,gemma:7b,liberal,2.0,ingroup
agreement,9,gemma:7b,liberal,2.0,ingroup
agreement,9,gemma:7b,liberal,2.0,ingroup
agreement,9,gemma:7b,liberal,2.0,ingroup
agreement,9,gemma:7b,liberal,2.0,ingroup
agreement,9,gemma:7b,liberal,2.0,ingroup
agreement,9,gemma:7b,liberal,2.0,ingroup
agreement,9,gemma:7b,liberal,2.0,ingroup
agreement,9,gemma:7b,liberal,2.0,ingroup
agreement,9,gemma:7b,liberal,2.0,ingroup
agreement,9,gemma2:27b,conservative,4.0,ingroup
agreement,9,gemma2:27b,conservative,4.0,ingroup
agreement,9,gemma2:27b,conservative,4.0,ingroup
agreement,9,gemma2:27b,conservative,4.0,ingroup
agreement,9,gemma2:27b,conservative,4.0,ingroup
agreement,9,gemma2:27b,conservative,4.0,ingroup
agreement,9,gemma2:27b,conservative,4.0,ingroup
agreement,9,gemma2:27b,conservative,4.0,ingroup
agreement,9,gemma2:27b,conservative,4.0,ingroup
agreement,9,gemma2:27b,conservative,4.0,ingroup
agreement,9,gemma2:27b,conservative,4.0,ingroup
agreement,9,gemma2:27b,conservative,4.0,ingroup
agreement,9,gemma2:27b,conservative,4.0,ingroup
agreement,9,gemma2:27b,conservative,4.0,ingroup
agreement,9,gemma2:27b,conservative,4.0,ingroup
agreement,9,gemma2:27b,conservative,4.0,ingroup
agreement,9,gemma2:27b,conservative,4.0,ingroup
agreement,9,gemma2:27b,conservative,4.0,ingroup
agreement,9,gemma2:27b,conservative,4.0,ingroup
agreement,9,gemma2:27b,conservative,4.0,ingroup
agreement,9,gemma2:27b,conservative,4.0,ingroup
agreement,9,gemma2:27b,conservative,4.0,ingroup
agreement,9,gemma2:27b,conservative,4.0,ingroup
agreement,9,gemma2:27b,conservative,4.0,ingroup
agreement,9,gemma2:27b,conservative,4.0,ingroup
agreement,9,gemma2:27b,conservative,4.0,ingroup
agreement,9,gemma2:27b,conservative,4.0,ingroup
agreement,9,gemma2:27b,conservative,4.0,ingroup
agreement,9,gemma2:27b,conservative,4.0,ingroup
agreement,9,gemma2:27b,conservative,4.0,ingroup
agreement,9,gemma2:27b,conservative,4.0,ingroup
agreement,9,gemma2:27b,conservative,4.0,ingroup
agreement,9,gemma2:27b,conservative,4.0,ingroup
agreement,9,gemma2:27b,conservative,4.0,ingroup
agreement,9,gemma2:27b,conservative,4.0,ingroup
agreement,9,gemma2:27b,conservative,4.0,ingroup
agreement,9,gemma2:27b,conservative,4.0,ingroup
agreement,9,gemma2:27b,conservative,4.0,ingroup
agreement,9,gemma2:27b,conservative,4.0,ingroup
agreement,9,gemma2:27b,conservative,4.0,ingroup
agreement,9,gemma2:27b,conservative,4.0,ingroup
agreement,9,gemma2:27b,conservative,4.0,ingroup
agreement,9,gemma2:27b,conservative,4.0,ingroup
agreement,9,gemma2:27b,conservative,4.0,ingroup
agreement,9,gemma2:27b,conservative,4.0,ingroup
agreement,9,gemma2:27b,conservative,4.0,ingroup
agreement,9,gemma2:27b,conservative,4.0,ingroup
agreement,9,gemma2:27b,conservative,4.0,ingroup
agreement,9,gemma2:27b,conservative,4.0,ingroup
agreement,9,gemma2:27b,conservative,4.0,ingroup
agreement,9,gemma2:27b,moderate,3.0,ingroup
agreement,9,gemma2:27b,moderate,3.0,ingroup
agreement,9,gemma2:27b,moderate,3.0,ingroup
agreement,9,gemma2:27b,moderate,3.0,ingroup
agreement,9,gemma2:27b,moderate,3.0,ingroup
agreement,9,gemma2:27b,moderate,3.0,ingroup
agreement,9,gemma2:27b,moderate,3.0,ingroup
agreement,9,gemma2:27b,moderate,3.0,ingroup
agreement,9,gemma2:27b,moderate,3.0,ingroup
agreement,9,gemma2:27b,moderate,3.0,ingroup
agreement,9,gemma2:27b,moderate,3.0,ingroup
agreement,9,gemma2:27b,moderate,3.0,ingroup
agreement,9,gemma2:27b,moderate,3.0,ingroup
agreement,9,gemma2:27b,moderate,3.0,ingroup
agreement,9,gemma2:27b,moderate,3.0,ingroup
agreement,9,gemma2:27b,moderate,3.0,ingroup
agreement,9,gemma2:27b,moderate,3.0,ingroup
agreement,9,gemma2:27b,moderate,3.0,ingroup
agreement,9,gemma2:27b,moderate,3.0,ingroup
agreement,9,gemma2:27b,moderate,3.0,ingroup
agreement,9,gemma2:27b,moderate,3.0,ingroup
agreement,9,gemma2:27b,moderate,3.0,ingroup
agreement,9,gemma2:27b,moderate,3.0,ingroup
agreement,9,gemma2:27b,moderate,3.0,ingroup
agreement,9,gemma2:27b,moderate,3.0,ingroup
agreement,9,gemma2:27b,moderate,3.0,ingroup
agreement,9,gemma2:27b,moderate,3.0,ingroup
agreement,9,gemma2:27b,moderate,3.0,ingroup
agreement,9,gemma2:27b,moderate,3.0,ingroup
agreement,9,gemma2:27b,moderate,3.0,ingroup
agreement,9,gemma2:27b,moderate,3.0,ingroup
agreement,9,gemma2:27b,moderate,3.0,ingroup
agreement,9,gemma2:27b,moderate,3.0,ingroup
agreement,9,gemma2:27b,moderate,3.0,ingroup
agreement,9,gemma2:27b,moderate,3.0,ingroup
agreement,9,gemma2:27b,moderate,3.0,ingroup
agreement,9,gemma2:27b,moderate,3.0,ingroup
agreement,9,gemma2:27b,moderate,3.0,ingroup
agreement,9,gemma2:27b,moderate,3.0,ingroup
agreement,9,gemma2:27b,moderate,3.0,ingroup
agreement,9,gemma2:27b,moderate,3.0,ingroup
agreement,9,gemma2:27b,moderate,3.0,ingroup
agreement,9,gemma2:27b,moderate,3.0,ingroup
agreement,9,gemma2:27b,moderate,3.0,ingroup
agreement,9,gemma2:27b,moderate,3.0,ingroup
agreement,9,gemma2:27b,moderate,3.0,ingroup
agreement,9,gemma2:27b,moderate,3.0,ingroup
agreement,9,gemma2:27b,moderate,3.0,ingroup
agreement,9,gemma2:27b,moderate,3.0,ingroup
agreement,9,gemma2:27b,moderate,3.0,ingroup
agreement,9,gemma2:27b,liberal,2.0,ingroup
agreement,9,gemma2:27b,liberal,2.0,ingroup
agreement,9,gemma2:27b,liberal,2.0,ingroup
agreement,9,gemma2:27b,liberal,2.0,ingroup
agreement,9,gemma2:27b,liberal,2.0,ingroup
agreement,9,gemma2:27b,liberal,2.0,ingroup
agreement,9,gemma2:27b,liberal,2.0,ingroup
agreement,9,gemma2:27b,liberal,2.0,ingroup
agreement,9,gemma2:27b,liberal,2.0,ingroup
agreement,9,gemma2:27b,liberal,2.0,ingroup
agreement,9,gemma2:27b,liberal,2.0,ingroup
agreement,9,gemma2:27b,liberal,2.0,ingroup
agreement,9,gemma2:27b,liberal,2.0,ingroup
agreement,9,gemma2:27b,liberal,2.0,ingroup
agreement,9,gemma2:27b,liberal,2.0,ingroup
agreement,9,gemma2:27b,liberal,2.0,ingroup
agreement,9,gemma2:27b,liberal,2.0,ingroup
agreement,9,gemma2:27b,liberal,2.0,ingroup
agreement,9,gemma2:27b,liberal,2.0,ingroup
agreement,9,gemma2:27b,liberal,2.0,ingroup
agreement,9,gemma2:27b,liberal,2.0,ingroup
agreement,9,gemma2:27b,liberal,2.0,ingroup
agreement,9,gemma2:27b,liberal,2.0,ingroup
agreement,9,gemma2:27b,liberal,2.0,ingroup
agreement,9,gemma2:27b,liberal,2.0,ingroup
agreement,9,gemma2:27b,liberal,2.0,ingroup
agreement,9,gemma2:27b,liberal,2.0,ingroup
agreement,9,gemma2:27b,liberal,2.0,ingroup
agreement,9,gemma2:27b,liberal,2.0,ingroup
agreement,9,gemma2:27b,liberal,2.0,ingroup
agreement,9,gemma2:27b,liberal,2.0,ingroup
agreement,9,gemma2:27b,liberal,2.0,ingroup
agreement,9,gemma2:27b,liberal,2.0,ingroup
agreement,9,gemma2:27b,liberal,2.0,ingroup
agreement,9,gemma2:27b,liberal,2.0,ingroup
agreement,9,gemma2:27b,liberal,2.0,ingroup
agreement,9,gemma2:27b,liberal,2.0,ingroup
agreement,9,gemma2:27b,liberal,2.0,ingroup
agreement,9,gemma2:27b,liberal,2.0,ingroup
agreement,9,gemma2:27b,liberal,2.0,ingroup
agreement,9,gemma2:27b,liberal,2.0,ingroup
agreement,9,gemma2:27b,liberal,2.0,ingroup
agreement,9,gemma2:27b,liberal,2.0,ingroup
agreement,9,gemma2:27b,liberal,2.0,ingroup
agreement,9,gemma2:27b,liberal,2.0,ingroup
agreement,9,gemma2:27b,liberal,2.0,ingroup
agreement,9,gemma2:27b,liberal,2.0,ingroup
agreement,9,gemma2:27b,liberal,2.0,ingroup
agreement,9,gemma2:27b,liberal,2.0,ingroup
agreement,9,gemma2:27b,liberal,2.0,ingroup
agreement,9,qwen:72b,conservative,5.0,ingroup
agreement,9,qwen:72b,conservative,5.0,ingroup
agreement,9,qwen:72b,conservative,5.0,ingroup
agreement,9,qwen:72b,conservative,5.0,ingroup
agreement,9,qwen:72b,conservative,5.0,ingroup
agreement,9,qwen:72b,conservative,5.0,ingroup
agreement,9,qwen:72b,conservative,5.0,ingroup
agreement,9,qwen:72b,conservative,5.0,ingroup
agreement,9,qwen:72b,conservative,5.0,ingroup
agreement,9,qwen:72b,conservative,5.0,ingroup
agreement,9,qwen:72b,conservative,5.0,ingroup
agreement,9,qwen:72b,conservative,5.0,ingroup
agreement,9,qwen:72b,conservative,5.0,ingroup
agreement,9,qwen:72b,conservative,5.0,ingroup
agreement,9,qwen:72b,conservative,5.0,ingroup
agreement,9,qwen:72b,conservative,5.0,ingroup
agreement,9,qwen:72b,conservative,5.0,ingroup
agreement,9,qwen:72b,conservative,5.0,ingroup
agreement,9,qwen:72b,conservative,5.0,ingroup
agreement,9,qwen:72b,conservative,5.0,ingroup
agreement,9,qwen:72b,conservative,5.0,ingroup
agreement,9,qwen:72b,conservative,5.0,ingroup
agreement,9,qwen:72b,conservative,5.0,ingroup
agreement,9,qwen:72b,conservative,5.0,ingroup
agreement,9,qwen:72b,conservative,5.0,ingroup
agreement,9,qwen:72b,conservative,5.0,ingroup
agreement,9,qwen:72b,conservative,5.0,ingroup
agreement,9,qwen:72b,conservative,5.0,ingroup
agreement,9,qwen:72b,conservative,5.0,ingroup
agreement,9,qwen:72b,conservative,5.0,ingroup
agreement,9,qwen:72b,conservative,5.0,ingroup
agreement,9,qwen:72b,conservative,5.0,ingroup
agreement,9,qwen:72b,conservative,5.0,ingroup
agreement,9,qwen:72b,conservative,5.0,ingroup
agreement,9,qwen:72b,conservative,5.0,ingroup
agreement,9,qwen:72b,conservative,5.0,ingroup
agreement,9,qwen:72b,conservative,5.0,ingroup
agreement,9,qwen:72b,conservative,5.0,ingroup
agreement,9,qwen:72b,conservative,5.0,ingroup
agreement,9,qwen:72b,conservative,5.0,ingroup
agreement,9,qwen:72b,conservative,5.0,ingroup
agreement,9,qwen:72b,conservative,5.0,ingroup
agreement,9,qwen:72b,conservative,5.0,ingroup
agreement,9,qwen:72b,conservative,5.0,ingroup
agreement,9,qwen:72b,conservative,5.0,ingroup
agreement,9,qwen:72b,conservative,5.0,ingroup
agreement,9,qwen:72b,conservative,5.0,ingroup
agreement,9,qwen:72b,conservative,5.0,ingroup
agreement,9,qwen:72b,conservative,5.0,ingroup
agreement,9,qwen:72b,conservative,5.0,ingroup
agreement,9,qwen:72b,moderate,4.0,ingroup
agreement,9,qwen:72b,moderate,3.0,ingroup
agreement,9,qwen:72b,moderate,4.0,ingroup
agreement,9,qwen:72b,moderate,4.0,ingroup
agreement,9,qwen:72b,moderate,0.0,ingroup
agreement,9,qwen:72b,moderate,0.0,ingroup
agreement,9,qwen:72b,moderate,3.0,ingroup
agreement,9,qwen:72b,moderate,3.0,ingroup
agreement,9,qwen:72b,moderate,3.0,ingroup
agreement,9,qwen:72b,moderate,3.0,ingroup
agreement,9,qwen:72b,moderate,3.0,ingroup
agreement,9,qwen:72b,moderate,4.0,ingroup
agreement,9,qwen:72b,moderate,5.0,ingroup
agreement,9,qwen:72b,moderate,0.0,ingroup
agreement,9,qwen:72b,moderate,3.0,ingroup
agreement,9,qwen:72b,moderate,3.0,ingroup
agreement,9,qwen:72b,moderate,4.0,ingroup
agreement,9,qwen:72b,moderate,4.0,ingroup
agreement,9,qwen:72b,moderate,3.0,ingroup
agreement,9,qwen:72b,moderate,0.0,ingroup
agreement,9,qwen:72b,moderate,3.0,ingroup
agreement,9,qwen:72b,moderate,4.0,ingroup
agreement,9,qwen:72b,moderate,4.0,ingroup
agreement,9,qwen:72b,moderate,0.0,ingroup
agreement,9,qwen:72b,moderate,3.0,ingroup
agreement,9,qwen:72b,moderate,3.0,ingroup
agreement,9,qwen:72b,moderate,3.0,ingroup
agreement,9,qwen:72b,moderate,0.0,ingroup
agreement,9,qwen:72b,moderate,4.0,ingroup
agreement,9,qwen:72b,moderate,4.0,ingroup
agreement,9,qwen:72b,moderate,3.0,ingroup
agreement,9,qwen:72b,moderate,3.0,ingroup
agreement,9,qwen:72b,moderate,3.0,ingroup
agreement,9,qwen:72b,moderate,0.0,ingroup
agreement,9,qwen:72b,moderate,3.0,ingroup
agreement,9,qwen:72b,moderate,3.0,ingroup
agreement,9,qwen:72b,moderate,4.0,ingroup
agreement,9,qwen:72b,moderate,3.0,ingroup
agreement,9,qwen:72b,moderate,3.0,ingroup
agreement,9,qwen:72b,moderate,0.0,ingroup
agreement,9,qwen:72b,moderate,3.0,ingroup
agreement,9,qwen:72b,moderate,0.0,ingroup
agreement,9,qwen:72b,moderate,4.0,ingroup
agreement,9,qwen:72b,moderate,4.0,ingroup
agreement,9,qwen:72b,moderate,3.0,ingroup
agreement,9,qwen:72b,moderate,3.0,ingroup
agreement,9,qwen:72b,moderate,3.0,ingroup
agreement,9,qwen:72b,moderate,3.0,ingroup
agreement,9,qwen:72b,moderate,3.0,ingroup
agreement,9,qwen:72b,moderate,0.0,ingroup
agreement,9,qwen:72b,liberal,2.0,ingroup
agreement,9,qwen:72b,liberal,4.0,ingroup
agreement,9,qwen:72b,liberal,1.0,ingroup
agreement,9,qwen:72b,liberal,2.0,ingroup
agreement,9,qwen:72b,liberal,3.0,ingroup
agreement,9,qwen:72b,liberal,4.0,ingroup
agreement,9,qwen:72b,liberal,2.0,ingroup
agreement,9,qwen:72b,liberal,4.0,ingroup
agreement,9,qwen:72b,liberal,3.0,ingroup
agreement,9,qwen:72b,liberal,3.0,ingroup
agreement,9,qwen:72b,liberal,3.0,ingroup
agreement,9,qwen:72b,liberal,3.0,ingroup
agreement,9,qwen:72b,liberal,3.0,ingroup
agreement,9,qwen:72b,liberal,3.0,ingroup
agreement,9,qwen:72b,liberal,3.0,ingroup
agreement,9,qwen:72b,liberal,3.0,ingroup
agreement,9,qwen:72b,liberal,4.0,ingroup
agreement,9,qwen:72b,liberal,3.0,ingroup
agreement,9,qwen:72b,liberal,3.0,ingroup
agreement,9,qwen:72b,liberal,3.0,ingroup
agreement,9,qwen:72b,liberal,4.0,ingroup
agreement,9,qwen:72b,liberal,2.0,ingroup
agreement,9,qwen:72b,liberal,3.0,ingroup
agreement,9,qwen:72b,liberal,3.0,ingroup
agreement,9,qwen:72b,liberal,3.0,ingroup
agreement,9,qwen:72b,liberal,3.0,ingroup
agreement,9,qwen:72b,liberal,3.0,ingroup
agreement,9,qwen:72b,liberal,3.0,ingroup
agreement,9,qwen:72b,liberal,3.0,ingroup
agreement,9,qwen:72b,liberal,3.0,ingroup
agreement,9,qwen:72b,liberal,3.0,ingroup
agreement,9,qwen:72b,liberal,3.0,ingroup
agreement,9,qwen:72b,liberal,3.0,ingroup
agreement,9,qwen:72b,liberal,3.0,ingroup
agreement,9,qwen:72b,liberal,3.0,ingroup
agreement,9,qwen:72b,liberal,3.0,ingroup
agreement,9,qwen:72b,liberal,3.0,ingroup
agreement,9,qwen:72b,liberal,4.0,ingroup
agreement,9,qwen:72b,liberal,2.0,ingroup
agreement,9,qwen:72b,liberal,3.0,ingroup
agreement,9,qwen:72b,liberal,3.0,ingroup
agreement,9,qwen:72b,liberal,3.0,ingroup
agreement,9,qwen:72b,liberal,3.0,ingroup
agreement,9,qwen:72b,liberal,3.0,ingroup
agreement,9,qwen:72b,liberal,3.0,ingroup
agreement,9,qwen:72b,liberal,3.0,ingroup
agreement,9,qwen:72b,liberal,3.0,ingroup
agreement,9,qwen:72b,liberal,2.0,ingroup
agreement,9,qwen:72b,liberal,3.0,ingroup
agreement,9,qwen:72b,liberal,3.0,ingroup
agreement,9,qwen2:72b,conservative,4.0,ingroup
agreement,9,qwen2:72b,conservative,5.0,ingroup
agreement,9,qwen2:72b,conservative,5.0,ingroup
agreement,9,qwen2:72b,conservative,5.0,ingroup
agreement,9,qwen2:72b,conservative,5.0,ingroup
agreement,9,qwen2:72b,conservative,5.0,ingroup
agreement,9,qwen2:72b,conservative,5.0,ingroup
agreement,9,qwen2:72b,conservative,5.0,ingroup
agreement,9,qwen2:72b,conservative,4.0,ingroup
agreement,9,qwen2:72b,conservative,5.0,ingroup
agreement,9,qwen2:72b,conservative,5.0,ingroup
agreement,9,qwen2:72b,conservative,4.0,ingroup
agreement,9,qwen2:72b,conservative,4.0,ingroup
agreement,9,qwen2:72b,conservative,5.0,ingroup
agreement,9,qwen2:72b,conservative,4.0,ingroup
agreement,9,qwen2:72b,conservative,5.0,ingroup
agreement,9,qwen2:72b,conservative,4.0,ingroup
agreement,9,qwen2:72b,conservative,4.0,ingroup
agreement,9,qwen2:72b,conservative,5.0,ingroup
agreement,9,qwen2:72b,conservative,5.0,ingroup
agreement,9,qwen2:72b,conservative,4.0,ingroup
agreement,9,qwen2:72b,conservative,5.0,ingroup
agreement,9,qwen2:72b,conservative,5.0,ingroup
agreement,9,qwen2:72b,conservative,5.0,ingroup
agreement,9,qwen2:72b,conservative,5.0,ingroup
agreement,9,qwen2:72b,conservative,5.0,ingroup
agreement,9,qwen2:72b,conservative,5.0,ingroup
agreement,9,qwen2:72b,conservative,5.0,ingroup
agreement,9,qwen2:72b,conservative,4.0,ingroup
agreement,9,qwen2:72b,conservative,5.0,ingroup
agreement,9,qwen2:72b,conservative,5.0,ingroup
agreement,9,qwen2:72b,conservative,5.0,ingroup
agreement,9,qwen2:72b,conservative,4.0,ingroup
agreement,9,qwen2:72b,conservative,5.0,ingroup
agreement,9,qwen2:72b,conservative,4.0,ingroup
agreement,9,qwen2:72b,conservative,5.0,ingroup
agreement,9,qwen2:72b,conservative,5.0,ingroup
agreement,9,qwen2:72b,conservative,5.0,ingroup
agreement,9,qwen2:72b,conservative,4.0,ingroup
agreement,9,qwen2:72b,conservative,4.0,ingroup
agreement,9,qwen2:72b,conservative,4.0,ingroup
agreement,9,qwen2:72b,conservative,5.0,ingroup
agreement,9,qwen2:72b,conservative,5.0,ingroup
agreement,9,qwen2:72b,conservative,4.0,ingroup
agreement,9,qwen2:72b,conservative,4.0,ingroup
agreement,9,qwen2:72b,conservative,5.0,ingroup
agreement,9,qwen2:72b,conservative,4.0,ingroup
agreement,9,qwen2:72b,conservative,4.0,ingroup
agreement,9,qwen2:72b,conservative,5.0,ingroup
agreement,9,qwen2:72b,conservative,5.0,ingroup
agreement,9,qwen2:72b,moderate,3.0,ingroup
agreement,9,qwen2:72b,moderate,4.0,ingroup
agreement,9,qwen2:72b,moderate,4.0,ingroup
agreement,9,qwen2:72b,moderate,4.0,ingroup
agreement,9,qwen2:72b,moderate,4.0,ingroup
agreement,9,qwen2:72b,moderate,4.0,ingroup
agreement,9,qwen2:72b,moderate,4.0,ingroup
agreement,9,qwen2:72b,moderate,4.0,ingroup
agreement,9,qwen2:72b,moderate,4.0,ingroup
agreement,9,qwen2:72b,moderate,4.0,ingroup
agreement,9,qwen2:72b,moderate,3.0,ingroup
agreement,9,qwen2:72b,moderate,4.0,ingroup
agreement,9,qwen2:72b,moderate,4.0,ingroup
agreement,9,qwen2:72b,moderate,4.0,ingroup
agreement,9,qwen2:72b,moderate,4.0,ingroup
agreement,9,qwen2:72b,moderate,4.0,ingroup
agreement,9,qwen2:72b,moderate,4.0,ingroup
agreement,9,qwen2:72b,moderate,3.0,ingroup
agreement,9,qwen2:72b,moderate,4.0,ingroup
agreement,9,qwen2:72b,moderate,3.0,ingroup
agreement,9,qwen2:72b,moderate,4.0,ingroup
agreement,9,qwen2:72b,moderate,3.0,ingroup
agreement,9,qwen2:72b,moderate,4.0,ingroup
agreement,9,qwen2:72b,moderate,4.0,ingroup
agreement,9,qwen2:72b,moderate,4.0,ingroup
agreement,9,qwen2:72b,moderate,4.0,ingroup
agreement,9,qwen2:72b,moderate,4.0,ingroup
agreement,9,qwen2:72b,moderate,4.0,ingroup
agreement,9,qwen2:72b,moderate,4.0,ingroup
agreement,9,qwen2:72b,moderate,4.0,ingroup
agreement,9,qwen2:72b,moderate,4.0,ingroup
agreement,9,qwen2:72b,moderate,3.0,ingroup
agreement,9,qwen2:72b,moderate,3.0,ingroup
agreement,9,qwen2:72b,moderate,4.0,ingroup
agreement,9,qwen2:72b,moderate,4.0,ingroup
agreement,9,qwen2:72b,moderate,4.0,ingroup
agreement,9,qwen2:72b,moderate,4.0,ingroup
agreement,9,qwen2:72b,moderate,3.0,ingroup
agreement,9,qwen2:72b,moderate,3.0,ingroup
agreement,9,qwen2:72b,moderate,3.0,ingroup
agreement,9,qwen2:72b,moderate,4.0,ingroup
agreement,9,qwen2:72b,moderate,4.0,ingroup
agreement,9,qwen2:72b,moderate,3.0,ingroup
agreement,9,qwen2:72b,moderate,4.0,ingroup
agreement,9,qwen2:72b,moderate,3.0,ingroup
agreement,9,qwen2:72b,moderate,4.0,ingroup
agreement,9,qwen2:72b,moderate,3.0,ingroup
agreement,9,qwen2:72b,moderate,4.0,ingroup
agreement,9,qwen2:72b,moderate,3.0,ingroup
agreement,9,qwen2:72b,moderate,4.0,ingroup
agreement,9,qwen2:72b,liberal,3.0,ingroup
agreement,9,qwen2:72b,liberal,3.0,ingroup
agreement,9,qwen2:72b,liberal,3.0,ingroup
agreement,9,qwen2:72b,liberal,2.0,ingroup
agreement,9,qwen2:72b,liberal,3.0,ingroup
agreement,9,qwen2:72b,liberal,2.0,ingroup
agreement,9,qwen2:72b,liberal,2.0,ingroup
agreement,9,qwen2:72b,liberal,4.0,ingroup
agreement,9,qwen2:72b,liberal,3.0,ingroup
agreement,9,qwen2:72b,liberal,2.0,ingroup
agreement,9,qwen2:72b,liberal,2.0,ingroup
agreement,9,qwen2:72b,liberal,2.0,ingroup
agreement,9,qwen2:72b,liberal,3.0,ingroup
agreement,9,qwen2:72b,liberal,3.0,ingroup
agreement,9,qwen2:72b,liberal,3.0,ingroup
agreement,9,qwen2:72b,liberal,2.0,ingroup
agreement,9,qwen2:72b,liberal,3.0,ingroup
agreement,9,qwen2:72b,liberal,2.0,ingroup
agreement,9,qwen2:72b,liberal,2.0,ingroup
agreement,9,qwen2:72b,liberal,3.0,ingroup
agreement,9,qwen2:72b,liberal,4.0,ingroup
agreement,9,qwen2:72b,liberal,3.0,ingroup
agreement,9,qwen2:72b,liberal,4.0,ingroup
agreement,9,qwen2:72b,liberal,3.0,ingroup
agreement,9,qwen2:72b,liberal,2.0,ingroup
agreement,9,qwen2:72b,liberal,4.0,ingroup
agreement,9,qwen2:72b,liberal,3.0,ingroup
agreement,9,qwen2:72b,liberal,3.0,ingroup
agreement,9,qwen2:72b,liberal,3.0,ingroup
agreement,9,qwen2:72b,liberal,2.0,ingroup
agreement,9,qwen2:72b,liberal,3.0,ingroup
agreement,9,qwen2:72b,liberal,3.0,ingroup
agreement,9,qwen2:72b,liberal,2.0,ingroup
agreement,9,qwen2:72b,liberal,4.0,ingroup
agreement,9,qwen2:72b,liberal,3.0,ingroup
agreement,9,qwen2:72b,liberal,2.0,ingroup
agreement,9,qwen2:72b,liberal,2.0,ingroup
agreement,9,qwen2:72b,liberal,3.0,ingroup
agreement,9,qwen2:72b,liberal,2.0,ingroup
agreement,9,qwen2:72b,liberal,2.0,ingroup
agreement,9,qwen2:72b,liberal,3.0,ingroup
agreement,9,qwen2:72b,liberal,2.0,ingroup
agreement,9,qwen2:72b,liberal,3.0,ingroup
agreement,9,qwen2:72b,liberal,3.0,ingroup
agreement,9,qwen2:72b,liberal,3.0,ingroup
agreement,9,qwen2:72b,liberal,3.0,ingroup
agreement,9,qwen2:72b,liberal,4.0,ingroup
agreement,9,qwen2:72b,liberal,2.0,ingroup
agreement,9,qwen2:72b,liberal,2.0,ingroup
agreement,9,qwen2:72b,liberal,2.0,ingroup
agreement,10,llama3.1:8b,conservative,5.0,authority
agreement,10,llama3.1:8b,conservative,5.0,authority
agreement,10,llama3.1:8b,conservative,5.0,authority
agreement,10,llama3.1:8b,conservative,3.0,authority
agreement,10,llama3.1:8b,conservative,4.0,authority
agreement,10,llama3.1:8b,conservative,3.0,authority
agreement,10,llama3.1:8b,conservative,5.0,authority
agreement,10,llama3.1:8b,conservative,4.0,authority
agreement,10,llama3.1:8b,conservative,5.0,authority
agreement,10,llama3.1:8b,conservative,5.0,authority
agreement,10,llama3.1:8b,conservative,5.0,authority
agreement,10,llama3.1:8b,conservative,5.0,authority
agreement,10,llama3.1:8b,conservative,4.0,authority
agreement,10,llama3.1:8b,conservative,5.0,authority
agreement,10,llama3.1:8b,conservative,4.0,authority
agreement,10,llama3.1:8b,conservative,5.0,authority
agreement,10,llama3.1:8b,conservative,4.0,authority
agreement,10,llama3.1:8b,conservative,4.0,authority
agreement,10,llama3.1:8b,conservative,4.0,authority
agreement,10,llama3.1:8b,conservative,5.0,authority
agreement,10,llama3.1:8b,conservative,5.0,authority
agreement,10,llama3.1:8b,conservative,4.0,authority
agreement,10,llama3.1:8b,conservative,5.0,authority
agreement,10,llama3.1:8b,conservative,5.0,authority
agreement,10,llama3.1:8b,conservative,5.0,authority
agreement,10,llama3.1:8b,conservative,4.0,authority
agreement,10,llama3.1:8b,conservative,5.0,authority
agreement,10,llama3.1:8b,conservative,5.0,authority
agreement,10,llama3.1:8b,conservative,5.0,authority
agreement,10,llama3.1:8b,conservative,5.0,authority
agreement,10,llama3.1:8b,conservative,5.0,authority
agreement,10,llama3.1:8b,conservative,5.0,authority
agreement,10,llama3.1:8b,conservative,4.0,authority
agreement,10,llama3.1:8b,conservative,5.0,authority
agreement,10,llama3.1:8b,conservative,5.0,authority
agreement,10,llama3.1:8b,conservative,5.0,authority
agreement,10,llama3.1:8b,conservative,5.0,authority
agreement,10,llama3.1:8b,conservative,5.0,authority
agreement,10,llama3.1:8b,conservative,5.0,authority
agreement,10,llama3.1:8b,conservative,4.0,authority
agreement,10,llama3.1:8b,conservative,5.0,authority
agreement,10,llama3.1:8b,conservative,5.0,authority
agreement,10,llama3.1:8b,conservative,5.0,authority
agreement,10,llama3.1:8b,conservative,5.0,authority
agreement,10,llama3.1:8b,conservative,5.0,authority
agreement,10,llama3.1:8b,conservative,5.0,authority
agreement,10,llama3.1:8b,conservative,5.0,authority
agreement,10,llama3.1:8b,conservative,5.0,authority
agreement,10,llama3.1:8b,conservative,5.0,authority
agreement,10,llama3.1:8b,conservative,5.0,authority
agreement,10,llama3.1:8b,moderate,4.0,authority
agreement,10,llama3.1:8b,moderate,3.0,authority
agreement,10,llama3.1:8b,moderate,5.0,authority
agreement,10,llama3.1:8b,moderate,4.0,authority
agreement,10,llama3.1:8b,moderate,5.0,authority
agreement,10,llama3.1:8b,moderate,3.0,authority
agreement,10,llama3.1:8b,moderate,5.0,authority
agreement,10,llama3.1:8b,moderate,2.0,authority
agreement,10,llama3.1:8b,moderate,2.0,authority
agreement,10,llama3.1:8b,moderate,3.0,authority
agreement,10,llama3.1:8b,moderate,4.0,authority
agreement,10,llama3.1:8b,moderate,4.0,authority
agreement,10,llama3.1:8b,moderate,3.0,authority
agreement,10,llama3.1:8b,moderate,4.0,authority
agreement,10,llama3.1:8b,moderate,3.0,authority
agreement,10,llama3.1:8b,moderate,4.0,authority
agreement,10,llama3.1:8b,moderate,4.0,authority
agreement,10,llama3.1:8b,moderate,4.0,authority
agreement,10,llama3.1:8b,moderate,3.0,authority
agreement,10,llama3.1:8b,moderate,2.0,authority
agreement,10,llama3.1:8b,moderate,4.0,authority
agreement,10,llama3.1:8b,moderate,3.0,authority
agreement,10,llama3.1:8b,moderate,2.0,authority
agreement,10,llama3.1:8b,moderate,2.0,authority
agreement,10,llama3.1:8b,moderate,5.0,authority
agreement,10,llama3.1:8b,moderate,4.0,authority
agreement,10,llama3.1:8b,moderate,3.0,authority
agreement,10,llama3.1:8b,moderate,3.0,authority
agreement,10,llama3.1:8b,moderate,3.0,authority
agreement,10,llama3.1:8b,moderate,3.0,authority
agreement,10,llama3.1:8b,moderate,3.0,authority
agreement,10,llama3.1:8b,moderate,5.0,authority
agreement,10,llama3.1:8b,moderate,4.0,authority
agreement,10,llama3.1:8b,moderate,3.0,authority
agreement,10,llama3.1:8b,moderate,5.0,authority
agreement,10,llama3.1:8b,moderate,3.0,authority
agreement,10,llama3.1:8b,moderate,4.0,authority
agreement,10,llama3.1:8b,moderate,5.0,authority
agreement,10,llama3.1:8b,moderate,3.0,authority
agreement,10,llama3.1:8b,moderate,4.0,authority
agreement,10,llama3.1:8b,moderate,4.0,authority
agreement,10,llama3.1:8b,moderate,5.0,authority
agreement,10,llama3.1:8b,moderate,2.0,authority
agreement,10,llama3.1:8b,moderate,3.0,authority
agreement,10,llama3.1:8b,moderate,5.0,authority
agreement,10,llama3.1:8b,moderate,3.0,authority
agreement,10,llama3.1:8b,moderate,3.0,authority
agreement,10,llama3.1:8b,moderate,3.0,authority
agreement,10,llama3.1:8b,moderate,4.0,authority
agreement,10,llama3.1:8b,moderate,4.0,authority
agreement,10,llama3.1:8b,liberal,2.0,authority
agreement,10,llama3.1:8b,liberal,4.0,authority
agreement,10,llama3.1:8b,liberal,2.0,authority
agreement,10,llama3.1:8b,liberal,5.0,authority
agreement,10,llama3.1:8b,liberal,5.0,authority
agreement,10,llama3.1:8b,liberal,5.0,authority
agreement,10,llama3.1:8b,liberal,5.0,authority
agreement,10,llama3.1:8b,liberal,2.0,authority
agreement,10,llama3.1:8b,liberal,3.0,authority
agreement,10,llama3.1:8b,liberal,5.0,authority
agreement,10,llama3.1:8b,liberal,4.0,authority
agreement,10,llama3.1:8b,liberal,1.0,authority
agreement,10,llama3.1:8b,liberal,5.0,authority
agreement,10,llama3.1:8b,liberal,2.0,authority
agreement,10,llama3.1:8b,liberal,5.0,authority
agreement,10,llama3.1:8b,liberal,1.0,authority
agreement,10,llama3.1:8b,liberal,2.0,authority
agreement,10,llama3.1:8b,liberal,2.0,authority
agreement,10,llama3.1:8b,liberal,0.0,authority
agreement,10,llama3.1:8b,liberal,2.0,authority
agreement,10,llama3.1:8b,liberal,5.0,authority
agreement,10,llama3.1:8b,liberal,5.0,authority
agreement,10,llama3.1:8b,liberal,5.0,authority
agreement,10,llama3.1:8b,liberal,1.0,authority
agreement,10,llama3.1:8b,liberal,4.0,authority
agreement,10,llama3.1:8b,liberal,4.0,authority
agreement,10,llama3.1:8b,liberal,2.0,authority
agreement,10,llama3.1:8b,liberal,2.0,authority
agreement,10,llama3.1:8b,liberal,2.0,authority
agreement,10,llama3.1:8b,liberal,2.0,authority
agreement,10,llama3.1:8b,liberal,5.0,authority
agreement,10,llama3.1:8b,liberal,2.0,authority
agreement,10,llama3.1:8b,liberal,4.0,authority
agreement,10,llama3.1:8b,liberal,0.0,authority
agreement,10,llama3.1:8b,liberal,2.0,authority
agreement,10,llama3.1:8b,liberal,0.0,authority
agreement,10,llama3.1:8b,liberal,4.0,authority
agreement,10,llama3.1:8b,liberal,5.0,authority
agreement,10,llama3.1:8b,liberal,5.0,authority
agreement,10,llama3.1:8b,liberal,3.0,authority
agreement,10,llama3.1:8b,liberal,0.0,authority
agreement,10,llama3.1:8b,liberal,2.0,authority
agreement,10,llama3.1:8b,liberal,5.0,authority
agreement,10,llama3.1:8b,liberal,2.0,authority
agreement,10,llama3.1:8b,liberal,3.0,authority
agreement,10,llama3.1:8b,liberal,4.0,authority
agreement,10,llama3.1:8b,liberal,0.0,authority
agreement,10,llama3.1:8b,liberal,1.0,authority
agreement,10,llama3.1:8b,liberal,2.0,authority
agreement,10,llama3.1:8b,liberal,4.0,authority
agreement,10,llama2:70b,conservative,1.0,authority
agreement,10,llama2:70b,conservative,1.0,authority
agreement,10,llama2:70b,conservative,1.0,authority
agreement,10,llama2:70b,conservative,1.0,authority
agreement,10,llama2:70b,conservative,1.0,authority
agreement,10,llama2:70b,conservative,1.0,authority
agreement,10,llama2:70b,conservative,1.0,authority
agreement,10,llama2:70b,conservative,1.0,authority
agreement,10,llama2:70b,conservative,1.0,authority
agreement,10,llama2:70b,conservative,1.0,authority
agreement,10,llama2:70b,conservative,1.0,authority
agreement,10,llama2:70b,conservative,1.0,authority
agreement,10,llama2:70b,conservative,1.0,authority
agreement,10,llama2:70b,conservative,1.0,authority
agreement,10,llama2:70b,conservative,1.0,authority
agreement,10,llama2:70b,conservative,1.0,authority
agreement,10,llama2:70b,conservative,1.0,authority
agreement,10,llama2:70b,conservative,1.0,authority
agreement,10,llama2:70b,conservative,1.0,authority
agreement,10,llama2:70b,conservative,1.0,authority
agreement,10,llama2:70b,conservative,1.0,authority
agreement,10,llama2:70b,conservative,1.0,authority
agreement,10,llama2:70b,moderate,1.0,authority
agreement,10,llama2:70b,moderate,1.0,authority
agreement,10,llama2:70b,moderate,1.0,authority
agreement,10,llama2:70b,moderate,1.0,authority
agreement,10,llama2:70b,moderate,3.0,authority
agreement,10,llama2:70b,moderate,1.0,authority
agreement,10,llama2:70b,moderate,1.0,authority
agreement,10,llama2:70b,moderate,1.0,authority
agreement,10,llama2:70b,moderate,1.0,authority
agreement,10,llama2:70b,moderate,1.0,authority
agreement,10,llama2:70b,moderate,1.0,authority
agreement,10,llama2:70b,moderate,1.0,authority
agreement,10,llama2:70b,moderate,1.0,authority
agreement,10,llama2:70b,moderate,1.0,authority
agreement,10,llama2:70b,moderate,1.0,authority
agreement,10,llama2:70b,moderate,1.0,authority
agreement,10,llama2:70b,moderate,1.0,authority
agreement,10,llama2:70b,moderate,1.0,authority
agreement,10,llama2:70b,moderate,1.0,authority
agreement,10,llama2:70b,moderate,1.0,authority
agreement,10,llama2:70b,moderate,1.0,authority
agreement,10,llama2:70b,moderate,1.0,authority
agreement,10,llama2:70b,moderate,1.0,authority
agreement,10,llama2:70b,moderate,1.0,authority
agreement,10,llama2:70b,moderate,1.0,authority
agreement,10,llama2:70b,moderate,1.0,authority
agreement,10,llama2:70b,moderate,1.0,authority
agreement,10,llama2:70b,moderate,1.0,authority
agreement,10,llama2:70b,moderate,1.0,authority
agreement,10,llama2:70b,moderate,1.0,authority
agreement,10,llama2:70b,moderate,1.0,authority
agreement,10,llama2:70b,moderate,1.0,authority
agreement,10,llama2:70b,moderate,1.0,authority
agreement,10,llama2:70b,moderate,1.0,authority
agreement,10,llama2:70b,moderate,1.0,authority
agreement,10,llama2:70b,moderate,1.0,authority
agreement,10,llama2:70b,moderate,1.0,authority
agreement,10,llama2:70b,moderate,1.0,authority
agreement,10,llama2:70b,moderate,1.0,authority
agreement,10,llama2:70b,moderate,1.0,authority
agreement,10,llama2:70b,moderate,1.0,authority
agreement,10,llama2:70b,moderate,1.0,authority
agreement,10,llama2:70b,moderate,1.0,authority
agreement,10,llama2:70b,moderate,1.0,authority
agreement,10,llama2:70b,moderate,3.0,authority
agreement,10,llama2:70b,moderate,1.0,authority
agreement,10,llama2:70b,moderate,3.0,authority
agreement,10,llama2:70b,moderate,1.0,authority
agreement,10,llama2:70b,moderate,1.0,authority
agreement,10,llama2:70b,moderate,1.0,authority
agreement,10,llama2:70b,liberal,1.0,authority
agreement,10,llama2:70b,liberal,1.0,authority
agreement,10,llama2:70b,liberal,1.0,authority
agreement,10,llama2:70b,liberal,1.0,authority
agreement,10,llama2:70b,liberal,1.0,authority
agreement,10,llama2:70b,liberal,1.0,authority
agreement,10,llama2:70b,liberal,1.0,authority
agreement,10,llama2:70b,liberal,1.0,authority
agreement,10,llama2:70b,liberal,1.0,authority
agreement,10,llama2:70b,liberal,1.0,authority
agreement,10,llama2:70b,liberal,1.0,authority
agreement,10,llama2:70b,liberal,1.0,authority
agreement,10,llama2:70b,liberal,1.0,authority
agreement,10,llama2:70b,liberal,1.0,authority
agreement,10,llama2:70b,liberal,1.0,authority
agreement,10,llama2:70b,liberal,1.0,authority
agreement,10,llama2:70b,liberal,1.0,authority
agreement,10,llama2:70b,liberal,1.0,authority
agreement,10,llama2:70b,liberal,1.0,authority
agreement,10,llama2:70b,liberal,1.0,authority
agreement,10,llama2:70b,liberal,1.0,authority
agreement,10,llama2:70b,liberal,1.0,authority
agreement,10,llama2:70b,liberal,1.0,authority
agreement,10,llama2:70b,liberal,1.0,authority
agreement,10,llama2:70b,liberal,1.0,authority
agreement,10,llama2:70b,liberal,1.0,authority
agreement,10,llama2:70b,liberal,1.0,authority
agreement,10,llama2:70b,liberal,1.0,authority
agreement,10,llama2:70b,liberal,1.0,authority
agreement,10,llama2:70b,liberal,1.0,authority
agreement,10,llama2:70b,liberal,1.0,authority
agreement,10,llama2:70b,liberal,1.0,authority
agreement,10,llama2:70b,liberal,1.0,authority
agreement,10,llama2:70b,liberal,1.0,authority
agreement,10,llama2:70b,liberal,1.0,authority
agreement,10,llama2:70b,liberal,1.0,authority
agreement,10,llama2:70b,liberal,1.0,authority
agreement,10,llama2:70b,liberal,1.0,authority
agreement,10,llama2:70b,liberal,1.0,authority
agreement,10,llama2:70b,liberal,1.0,authority
agreement,10,llama2:70b,liberal,1.0,authority
agreement,10,llama2:70b,liberal,1.0,authority
agreement,10,llama2:70b,liberal,1.0,authority
agreement,10,llama2:70b,liberal,1.0,authority
agreement,10,llama2:70b,liberal,1.0,authority
agreement,10,llama2:70b,liberal,1.0,authority
agreement,10,llama2:70b,liberal,1.0,authority
agreement,10,llama2:70b,liberal,1.0,authority
agreement,10,llama2:70b,liberal,1.0,authority
agreement,10,llama2:70b,liberal,1.0,authority
agreement,10,llama3:70b,conservative,5.0,authority
agreement,10,llama3:70b,conservative,5.0,authority
agreement,10,llama3:70b,conservative,5.0,authority
agreement,10,llama3:70b,conservative,5.0,authority
agreement,10,llama3:70b,conservative,5.0,authority
agreement,10,llama3:70b,conservative,5.0,authority
agreement,10,llama3:70b,conservative,5.0,authority
agreement,10,llama3:70b,conservative,5.0,authority
agreement,10,llama3:70b,conservative,5.0,authority
agreement,10,llama3:70b,conservative,5.0,authority
agreement,10,llama3:70b,conservative,5.0,authority
agreement,10,llama3:70b,conservative,5.0,authority
agreement,10,llama3:70b,conservative,5.0,authority
agreement,10,llama3:70b,conservative,5.0,authority
agreement,10,llama3:70b,conservative,5.0,authority
agreement,10,llama3:70b,conservative,5.0,authority
agreement,10,llama3:70b,conservative,5.0,authority
agreement,10,llama3:70b,conservative,5.0,authority
agreement,10,llama3:70b,conservative,5.0,authority
agreement,10,llama3:70b,conservative,5.0,authority
agreement,10,llama3:70b,conservative,5.0,authority
agreement,10,llama3:70b,conservative,5.0,authority
agreement,10,llama3:70b,conservative,5.0,authority
agreement,10,llama3:70b,conservative,5.0,authority
agreement,10,llama3:70b,conservative,5.0,authority
agreement,10,llama3:70b,conservative,5.0,authority
agreement,10,llama3:70b,conservative,5.0,authority
agreement,10,llama3:70b,conservative,5.0,authority
agreement,10,llama3:70b,conservative,5.0,authority
agreement,10,llama3:70b,conservative,5.0,authority
agreement,10,llama3:70b,conservative,5.0,authority
agreement,10,llama3:70b,conservative,5.0,authority
agreement,10,llama3:70b,conservative,5.0,authority
agreement,10,llama3:70b,conservative,5.0,authority
agreement,10,llama3:70b,conservative,5.0,authority
agreement,10,llama3:70b,conservative,5.0,authority
agreement,10,llama3:70b,conservative,5.0,authority
agreement,10,llama3:70b,conservative,5.0,authority
agreement,10,llama3:70b,conservative,5.0,authority
agreement,10,llama3:70b,conservative,5.0,authority
agreement,10,llama3:70b,conservative,5.0,authority
agreement,10,llama3:70b,conservative,5.0,authority
agreement,10,llama3:70b,conservative,5.0,authority
agreement,10,llama3:70b,conservative,5.0,authority
agreement,10,llama3:70b,conservative,5.0,authority
agreement,10,llama3:70b,conservative,5.0,authority
agreement,10,llama3:70b,conservative,5.0,authority
agreement,10,llama3:70b,conservative,5.0,authority
agreement,10,llama3:70b,conservative,5.0,authority
agreement,10,llama3:70b,conservative,5.0,authority
agreement,10,llama3:70b,moderate,2.0,authority
agreement,10,llama3:70b,moderate,2.0,authority
agreement,10,llama3:70b,moderate,2.0,authority
agreement,10,llama3:70b,moderate,2.0,authority
agreement,10,llama3:70b,moderate,2.0,authority
agreement,10,llama3:70b,moderate,2.0,authority
agreement,10,llama3:70b,moderate,2.0,authority
agreement,10,llama3:70b,moderate,2.0,authority
agreement,10,llama3:70b,moderate,2.0,authority
agreement,10,llama3:70b,moderate,2.0,authority
agreement,10,llama3:70b,moderate,2.0,authority
agreement,10,llama3:70b,moderate,2.0,authority
agreement,10,llama3:70b,moderate,2.0,authority
agreement,10,llama3:70b,moderate,2.0,authority
agreement,10,llama3:70b,moderate,2.0,authority
agreement,10,llama3:70b,moderate,2.0,authority
agreement,10,llama3:70b,moderate,2.0,authority
agreement,10,llama3:70b,moderate,2.0,authority
agreement,10,llama3:70b,moderate,2.0,authority
agreement,10,llama3:70b,moderate,2.0,authority
agreement,10,llama3:70b,moderate,2.0,authority
agreement,10,llama3:70b,moderate,2.0,authority
agreement,10,llama3:70b,moderate,2.0,authority
agreement,10,llama3:70b,moderate,2.0,authority
agreement,10,llama3:70b,moderate,2.0,authority
agreement,10,llama3:70b,moderate,2.0,authority
agreement,10,llama3:70b,moderate,2.0,authority
agreement,10,llama3:70b,moderate,2.0,authority
agreement,10,llama3:70b,moderate,2.0,authority
agreement,10,llama3:70b,moderate,2.0,authority
agreement,10,llama3:70b,moderate,2.0,authority
agreement,10,llama3:70b,moderate,2.0,authority
agreement,10,llama3:70b,moderate,2.0,authority
agreement,10,llama3:70b,moderate,2.0,authority
agreement,10,llama3:70b,moderate,2.0,authority
agreement,10,llama3:70b,moderate,2.0,authority
agreement,10,llama3:70b,moderate,2.0,authority
agreement,10,llama3:70b,moderate,2.0,authority
agreement,10,llama3:70b,moderate,2.0,authority
agreement,10,llama3:70b,moderate,2.0,authority
agreement,10,llama3:70b,moderate,2.0,authority
agreement,10,llama3:70b,moderate,2.0,authority
agreement,10,llama3:70b,moderate,2.0,authority
agreement,10,llama3:70b,moderate,2.0,authority
agreement,10,llama3:70b,moderate,2.0,authority
agreement,10,llama3:70b,moderate,2.0,authority
agreement,10,llama3:70b,moderate,2.0,authority
agreement,10,llama3:70b,moderate,2.0,authority
agreement,10,llama3:70b,moderate,2.0,authority
agreement,10,llama3:70b,moderate,2.0,authority
agreement,10,llama3:70b,liberal,0.0,authority
agreement,10,llama3:70b,liberal,1.0,authority
agreement,10,llama3:70b,liberal,0.0,authority
agreement,10,llama3:70b,liberal,0.0,authority
agreement,10,llama3:70b,liberal,1.0,authority
agreement,10,llama3:70b,liberal,0.0,authority
agreement,10,llama3:70b,liberal,0.0,authority
agreement,10,llama3:70b,liberal,0.0,authority
agreement,10,llama3:70b,liberal,0.0,authority
agreement,10,llama3:70b,liberal,0.0,authority
agreement,10,llama3:70b,liberal,0.0,authority
agreement,10,llama3:70b,liberal,0.0,authority
agreement,10,llama3:70b,liberal,1.0,authority
agreement,10,llama3:70b,liberal,0.0,authority
agreement,10,llama3:70b,liberal,0.0,authority
agreement,10,llama3:70b,liberal,0.0,authority
agreement,10,llama3:70b,liberal,1.0,authority
agreement,10,llama3:70b,liberal,0.0,authority
agreement,10,llama3:70b,liberal,0.0,authority
agreement,10,llama3:70b,liberal,0.0,authority
agreement,10,llama3:70b,liberal,0.0,authority
agreement,10,llama3:70b,liberal,0.0,authority
agreement,10,llama3:70b,liberal,2.0,authority
agreement,10,llama3:70b,liberal,2.0,authority
agreement,10,llama3:70b,liberal,0.0,authority
agreement,10,llama3:70b,liberal,0.0,authority
agreement,10,llama3:70b,liberal,0.0,authority
agreement,10,llama3:70b,liberal,1.0,authority
agreement,10,llama3:70b,liberal,0.0,authority
agreement,10,llama3:70b,liberal,0.0,authority
agreement,10,llama3:70b,liberal,0.0,authority
agreement,10,llama3:70b,liberal,0.0,authority
agreement,10,llama3:70b,liberal,2.0,authority
agreement,10,llama3:70b,liberal,0.0,authority
agreement,10,llama3:70b,liberal,1.0,authority
agreement,10,llama3:70b,liberal,0.0,authority
agreement,10,llama3:70b,liberal,0.0,authority
agreement,10,llama3:70b,liberal,0.0,authority
agreement,10,llama3:70b,liberal,0.0,authority
agreement,10,llama3:70b,liberal,0.0,authority
agreement,10,llama3:70b,liberal,0.0,authority
agreement,10,llama3:70b,liberal,2.0,authority
agreement,10,llama3:70b,liberal,0.0,authority
agreement,10,llama3:70b,liberal,0.0,authority
agreement,10,llama3:70b,liberal,0.0,authority
agreement,10,llama3:70b,liberal,0.0,authority
agreement,10,llama3:70b,liberal,0.0,authority
agreement,10,llama3:70b,liberal,0.0,authority
agreement,10,llama3:70b,liberal,0.0,authority
agreement,10,llama3:70b,liberal,0.0,authority
agreement,10,llama3.1:70b,conservative,5.0,authority
agreement,10,llama3.1:70b,conservative,5.0,authority
agreement,10,llama3.1:70b,conservative,5.0,authority
agreement,10,llama3.1:70b,conservative,5.0,authority
agreement,10,llama3.1:70b,conservative,5.0,authority
agreement,10,llama3.1:70b,conservative,5.0,authority
agreement,10,llama3.1:70b,conservative,5.0,authority
agreement,10,llama3.1:70b,conservative,5.0,authority
agreement,10,llama3.1:70b,conservative,5.0,authority
agreement,10,llama3.1:70b,conservative,5.0,authority
agreement,10,llama3.1:70b,conservative,5.0,authority
agreement,10,llama3.1:70b,conservative,5.0,authority
agreement,10,llama3.1:70b,conservative,5.0,authority
agreement,10,llama3.1:70b,conservative,5.0,authority
agreement,10,llama3.1:70b,conservative,5.0,authority
agreement,10,llama3.1:70b,conservative,5.0,authority
agreement,10,llama3.1:70b,conservative,5.0,authority
agreement,10,llama3.1:70b,conservative,5.0,authority
agreement,10,llama3.1:70b,conservative,5.0,authority
agreement,10,llama3.1:70b,conservative,5.0,authority
agreement,10,llama3.1:70b,conservative,5.0,authority
agreement,10,llama3.1:70b,conservative,5.0,authority
agreement,10,llama3.1:70b,conservative,5.0,authority
agreement,10,llama3.1:70b,conservative,5.0,authority
agreement,10,llama3.1:70b,conservative,5.0,authority
agreement,10,llama3.1:70b,conservative,5.0,authority
agreement,10,llama3.1:70b,conservative,5.0,authority
agreement,10,llama3.1:70b,conservative,5.0,authority
agreement,10,llama3.1:70b,conservative,5.0,authority
agreement,10,llama3.1:70b,conservative,5.0,authority
agreement,10,llama3.1:70b,conservative,5.0,authority
agreement,10,llama3.1:70b,conservative,5.0,authority
agreement,10,llama3.1:70b,conservative,5.0,authority
agreement,10,llama3.1:70b,conservative,5.0,authority
agreement,10,llama3.1:70b,conservative,5.0,authority
agreement,10,llama3.1:70b,conservative,5.0,authority
agreement,10,llama3.1:70b,conservative,5.0,authority
agreement,10,llama3.1:70b,conservative,5.0,authority
agreement,10,llama3.1:70b,conservative,5.0,authority
agreement,10,llama3.1:70b,conservative,5.0,authority
agreement,10,llama3.1:70b,conservative,5.0,authority
agreement,10,llama3.1:70b,conservative,5.0,authority
agreement,10,llama3.1:70b,conservative,5.0,authority
agreement,10,llama3.1:70b,conservative,5.0,authority
agreement,10,llama3.1:70b,conservative,5.0,authority
agreement,10,llama3.1:70b,conservative,5.0,authority
agreement,10,llama3.1:70b,conservative,5.0,authority
agreement,10,llama3.1:70b,conservative,5.0,authority
agreement,10,llama3.1:70b,conservative,5.0,authority
agreement,10,llama3.1:70b,conservative,5.0,authority
agreement,10,llama3.1:70b,moderate,3.0,authority
agreement,10,llama3.1:70b,moderate,2.0,authority
agreement,10,llama3.1:70b,moderate,2.0,authority
agreement,10,llama3.1:70b,moderate,2.0,authority
agreement,10,llama3.1:70b,moderate,0.0,authority
agreement,10,llama3.1:70b,moderate,3.0,authority
agreement,10,llama3.1:70b,moderate,3.0,authority
agreement,10,llama3.1:70b,moderate,2.0,authority
agreement,10,llama3.1:70b,moderate,3.0,authority
agreement,10,llama3.1:70b,moderate,2.0,authority
agreement,10,llama3.1:70b,moderate,3.0,authority
agreement,10,llama3.1:70b,moderate,2.0,authority
agreement,10,llama3.1:70b,moderate,2.0,authority
agreement,10,llama3.1:70b,moderate,2.0,authority
agreement,10,llama3.1:70b,moderate,3.0,authority
agreement,10,llama3.1:70b,moderate,2.0,authority
agreement,10,llama3.1:70b,moderate,3.0,authority
agreement,10,llama3.1:70b,moderate,3.0,authority
agreement,10,llama3.1:70b,moderate,2.0,authority
agreement,10,llama3.1:70b,moderate,3.0,authority
agreement,10,llama3.1:70b,moderate,3.0,authority
agreement,10,llama3.1:70b,moderate,2.0,authority
agreement,10,llama3.1:70b,moderate,2.0,authority
agreement,10,llama3.1:70b,moderate,4.0,authority
agreement,10,llama3.1:70b,moderate,3.0,authority
agreement,10,llama3.1:70b,moderate,2.0,authority
agreement,10,llama3.1:70b,moderate,3.0,authority
agreement,10,llama3.1:70b,moderate,2.0,authority
agreement,10,llama3.1:70b,moderate,2.0,authority
agreement,10,llama3.1:70b,moderate,3.0,authority
agreement,10,llama3.1:70b,moderate,2.0,authority
agreement,10,llama3.1:70b,moderate,3.0,authority
agreement,10,llama3.1:70b,moderate,3.0,authority
agreement,10,llama3.1:70b,moderate,3.0,authority
agreement,10,llama3.1:70b,moderate,3.0,authority
agreement,10,llama3.1:70b,moderate,4.0,authority
agreement,10,llama3.1:70b,moderate,3.0,authority
agreement,10,llama3.1:70b,moderate,3.0,authority
agreement,10,llama3.1:70b,moderate,2.0,authority
agreement,10,llama3.1:70b,moderate,4.0,authority
agreement,10,llama3.1:70b,moderate,3.0,authority
agreement,10,llama3.1:70b,moderate,2.0,authority
agreement,10,llama3.1:70b,moderate,2.0,authority
agreement,10,llama3.1:70b,moderate,3.0,authority
agreement,10,llama3.1:70b,moderate,2.0,authority
agreement,10,llama3.1:70b,moderate,3.0,authority
agreement,10,llama3.1:70b,moderate,2.0,authority
agreement,10,llama3.1:70b,moderate,3.0,authority
agreement,10,llama3.1:70b,moderate,2.0,authority
agreement,10,llama3.1:70b,moderate,2.0,authority
agreement,10,llama3.1:70b,liberal,0.0,authority
agreement,10,llama3.1:70b,liberal,0.0,authority
agreement,10,llama3.1:70b,liberal,0.0,authority
agreement,10,llama3.1:70b,liberal,0.0,authority
agreement,10,llama3.1:70b,liberal,0.0,authority
agreement,10,llama3.1:70b,liberal,0.0,authority
agreement,10,llama3.1:70b,liberal,0.0,authority
agreement,10,llama3.1:70b,liberal,0.0,authority
agreement,10,llama3.1:70b,liberal,0.0,authority
agreement,10,llama3.1:70b,liberal,0.0,authority
agreement,10,llama3.1:70b,liberal,0.0,authority
agreement,10,llama3.1:70b,liberal,0.0,authority
agreement,10,llama3.1:70b,liberal,0.0,authority
agreement,10,llama3.1:70b,liberal,0.0,authority
agreement,10,llama3.1:70b,liberal,0.0,authority
agreement,10,llama3.1:70b,liberal,0.0,authority
agreement,10,llama3.1:70b,liberal,0.0,authority
agreement,10,llama3.1:70b,liberal,0.0,authority
agreement,10,llama3.1:70b,liberal,0.0,authority
agreement,10,llama3.1:70b,liberal,0.0,authority
agreement,10,llama3.1:70b,liberal,0.0,authority
agreement,10,llama3.1:70b,liberal,0.0,authority
agreement,10,llama3.1:70b,liberal,0.0,authority
agreement,10,llama3.1:70b,liberal,1.0,authority
agreement,10,llama3.1:70b,liberal,0.0,authority
agreement,10,llama3.1:70b,liberal,0.0,authority
agreement,10,llama3.1:70b,liberal,0.0,authority
agreement,10,llama3.1:70b,liberal,0.0,authority
agreement,10,llama3.1:70b,liberal,0.0,authority
agreement,10,llama3.1:70b,liberal,0.0,authority
agreement,10,llama3.1:70b,liberal,0.0,authority
agreement,10,llama3.1:70b,liberal,0.0,authority
agreement,10,llama3.1:70b,liberal,0.0,authority
agreement,10,llama3.1:70b,liberal,0.0,authority
agreement,10,llama3.1:70b,liberal,0.0,authority
agreement,10,llama3.1:70b,liberal,0.0,authority
agreement,10,llama3.1:70b,liberal,1.0,authority
agreement,10,llama3.1:70b,liberal,0.0,authority
agreement,10,llama3.1:70b,liberal,0.0,authority
agreement,10,llama3.1:70b,liberal,0.0,authority
agreement,10,llama3.1:70b,liberal,1.0,authority
agreement,10,llama3.1:70b,liberal,0.0,authority
agreement,10,llama3.1:70b,liberal,0.0,authority
agreement,10,llama3.1:70b,liberal,0.0,authority
agreement,10,llama3.1:70b,liberal,0.0,authority
agreement,10,llama3.1:70b,liberal,0.0,authority
agreement,10,llama3.1:70b,liberal,0.0,authority
agreement,10,llama3.1:70b,liberal,0.0,authority
agreement,10,llama3.1:70b,liberal,0.0,authority
agreement,10,llama3.1:70b,liberal,0.0,authority
agreement,10,mistral:7b,conservative,3.0,authority
agreement,10,mistral:7b,conservative,3.0,authority
agreement,10,mistral:7b,conservative,3.0,authority
agreement,10,mistral:7b,conservative,3.0,authority
agreement,10,mistral:7b,conservative,4.0,authority
agreement,10,mistral:7b,conservative,3.0,authority
agreement,10,mistral:7b,conservative,3.0,authority
agreement,10,mistral:7b,conservative,3.0,authority
agreement,10,mistral:7b,conservative,4.0,authority
agreement,10,mistral:7b,conservative,4.0,authority
agreement,10,mistral:7b,conservative,3.0,authority
agreement,10,mistral:7b,conservative,3.0,authority
agreement,10,mistral:7b,conservative,4.0,authority
agreement,10,mistral:7b,conservative,3.0,authority
agreement,10,mistral:7b,conservative,3.0,authority
agreement,10,mistral:7b,conservative,3.0,authority
agreement,10,mistral:7b,conservative,4.0,authority
agreement,10,mistral:7b,conservative,3.0,authority
agreement,10,mistral:7b,conservative,3.0,authority
agreement,10,mistral:7b,conservative,4.0,authority
agreement,10,mistral:7b,conservative,3.0,authority
agreement,10,mistral:7b,conservative,4.0,authority
agreement,10,mistral:7b,conservative,3.0,authority
agreement,10,mistral:7b,conservative,5.0,authority
agreement,10,mistral:7b,conservative,3.0,authority
agreement,10,mistral:7b,conservative,3.0,authority
agreement,10,mistral:7b,conservative,4.0,authority
agreement,10,mistral:7b,conservative,3.0,authority
agreement,10,mistral:7b,conservative,3.0,authority
agreement,10,mistral:7b,conservative,3.0,authority
agreement,10,mistral:7b,conservative,3.0,authority
agreement,10,mistral:7b,conservative,3.0,authority
agreement,10,mistral:7b,conservative,3.0,authority
agreement,10,mistral:7b,conservative,4.0,authority
agreement,10,mistral:7b,conservative,4.0,authority
agreement,10,mistral:7b,conservative,4.0,authority
agreement,10,mistral:7b,conservative,3.0,authority
agreement,10,mistral:7b,conservative,3.0,authority
agreement,10,mistral:7b,conservative,3.0,authority
agreement,10,mistral:7b,conservative,3.0,authority
agreement,10,mistral:7b,conservative,3.0,authority
agreement,10,mistral:7b,conservative,3.0,authority
agreement,10,mistral:7b,conservative,5.0,authority
agreement,10,mistral:7b,conservative,3.0,authority
agreement,10,mistral:7b,conservative,4.0,authority
agreement,10,mistral:7b,conservative,3.0,authority
agreement,10,mistral:7b,conservative,3.0,authority
agreement,10,mistral:7b,conservative,3.0,authority
agreement,10,mistral:7b,conservative,3.0,authority
agreement,10,mistral:7b,conservative,3.0,authority
agreement,10,mistral:7b,moderate,3.0,authority
agreement,10,mistral:7b,moderate,1.0,authority
agreement,10,mistral:7b,moderate,0.0,authority
agreement,10,mistral:7b,moderate,3.0,authority
agreement,10,mistral:7b,moderate,2.0,authority
agreement,10,mistral:7b,moderate,3.0,authority
agreement,10,mistral:7b,moderate,3.0,authority
agreement,10,mistral:7b,moderate,3.0,authority
agreement,10,mistral:7b,moderate,3.0,authority
agreement,10,mistral:7b,moderate,3.0,authority
agreement,10,mistral:7b,moderate,3.0,authority
agreement,10,mistral:7b,moderate,3.0,authority
agreement,10,mistral:7b,moderate,3.0,authority
agreement,10,mistral:7b,moderate,2.0,authority
agreement,10,mistral:7b,moderate,0.0,authority
agreement,10,mistral:7b,moderate,3.0,authority
agreement,10,mistral:7b,moderate,1.0,authority
agreement,10,mistral:7b,moderate,2.0,authority
agreement,10,mistral:7b,moderate,3.0,authority
agreement,10,mistral:7b,moderate,5.0,authority
agreement,10,mistral:7b,moderate,1.0,authority
agreement,10,mistral:7b,moderate,1.0,authority
agreement,10,mistral:7b,moderate,3.0,authority
agreement,10,mistral:7b,moderate,1.0,authority
agreement,10,mistral:7b,moderate,3.0,authority
agreement,10,mistral:7b,moderate,3.0,authority
agreement,10,mistral:7b,moderate,3.0,authority
agreement,10,mistral:7b,moderate,1.0,authority
agreement,10,mistral:7b,moderate,1.0,authority
agreement,10,mistral:7b,moderate,3.0,authority
agreement,10,mistral:7b,moderate,1.0,authority
agreement,10,mistral:7b,moderate,1.0,authority
agreement,10,mistral:7b,moderate,2.0,authority
agreement,10,mistral:7b,moderate,3.0,authority
agreement,10,mistral:7b,moderate,3.0,authority
agreement,10,mistral:7b,liberal,1.0,authority
agreement,10,mistral:7b,liberal,1.0,authority
agreement,10,mistral:7b,liberal,1.0,authority
agreement,10,mistral:7b,liberal,1.0,authority
agreement,10,mistral:7b,liberal,1.0,authority
agreement,10,mistral:7b,liberal,1.0,authority
agreement,10,mistral:7b,liberal,1.0,authority
agreement,10,mistral:7b,liberal,1.0,authority
agreement,10,mistral:7b,liberal,1.0,authority
agreement,10,mistral:7b,liberal,1.0,authority
agreement,10,mistral:7b,liberal,1.0,authority
agreement,10,mistral:7b,liberal,1.0,authority
agreement,10,mistral:7b,liberal,1.0,authority
agreement,10,mistral:7b,liberal,1.0,authority
agreement,10,mistral:7b,liberal,1.0,authority
agreement,10,mistral:7b,liberal,1.0,authority
agreement,10,mistral:7b,liberal,1.0,authority
agreement,10,mistral:7b,liberal,1.0,authority
agreement,10,mistral:7b,liberal,1.0,authority
agreement,10,mistral:7b,liberal,1.0,authority
agreement,10,mistral:7b,liberal,1.0,authority
agreement,10,mistral:7b,liberal,1.0,authority
agreement,10,mistral:7b,liberal,1.0,authority
agreement,10,mistral:7b,liberal,1.0,authority
agreement,10,mistral:7b,liberal,1.0,authority
agreement,10,mistral:7b,liberal,1.0,authority
agreement,10,mistral:7b,liberal,1.0,authority
agreement,10,mistral:7b,liberal,1.0,authority
agreement,10,mistral:7b,liberal,1.0,authority
agreement,10,mistral:7b,liberal,1.0,authority
agreement,10,mistral:7b,liberal,1.0,authority
agreement,10,mistral:7b,liberal,1.0,authority
agreement,10,mistral:7b,liberal,1.0,authority
agreement,10,mistral:7b,liberal,1.0,authority
agreement,10,mistral:7b,liberal,1.0,authority
agreement,10,mistral:7b,liberal,1.0,authority
agreement,10,mistral:7b,liberal,1.0,authority
agreement,10,mistral:7b,liberal,1.0,authority
agreement,10,mistral:7b,liberal,1.0,authority
agreement,10,mistral:7b,liberal,1.0,authority
agreement,10,mistral:7b,liberal,1.0,authority
agreement,10,mistral:7b,liberal,1.0,authority
agreement,10,mistral:7b,liberal,1.0,authority
agreement,10,mistral:7b,liberal,1.0,authority
agreement,10,mistral:7b,liberal,1.0,authority
agreement,10,mistral:7b,liberal,1.0,authority
agreement,10,mistral:7b,liberal,1.0,authority
agreement,10,mistral:7b,liberal,1.0,authority
agreement,10,mistral:7b,liberal,1.0,authority
agreement,10,mistral:7b,liberal,1.0,authority
agreement,10,mixtral:8x22b,conservative,4.0,authority
agreement,10,mixtral:8x22b,conservative,4.0,authority
agreement,10,mixtral:8x22b,conservative,4.0,authority
agreement,10,mixtral:8x22b,conservative,4.0,authority
agreement,10,mixtral:8x22b,conservative,4.0,authority
agreement,10,mixtral:8x22b,conservative,4.0,authority
agreement,10,mixtral:8x22b,conservative,5.0,authority
agreement,10,mixtral:8x22b,conservative,4.0,authority
agreement,10,mixtral:8x22b,conservative,4.0,authority
agreement,10,mixtral:8x22b,conservative,4.0,authority
agreement,10,mixtral:8x22b,conservative,4.0,authority
agreement,10,mixtral:8x22b,conservative,4.0,authority
agreement,10,mixtral:8x22b,conservative,4.0,authority
agreement,10,mixtral:8x22b,conservative,5.0,authority
agreement,10,mixtral:8x22b,conservative,4.0,authority
agreement,10,mixtral:8x22b,conservative,4.0,authority
agreement,10,mixtral:8x22b,conservative,4.0,authority
agreement,10,mixtral:8x22b,conservative,4.0,authority
agreement,10,mixtral:8x22b,conservative,4.0,authority
agreement,10,mixtral:8x22b,conservative,4.0,authority
agreement,10,mixtral:8x22b,conservative,4.0,authority
agreement,10,mixtral:8x22b,conservative,4.0,authority
agreement,10,mixtral:8x22b,conservative,4.0,authority
agreement,10,mixtral:8x22b,conservative,4.0,authority
agreement,10,mixtral:8x22b,conservative,5.0,authority
agreement,10,mixtral:8x22b,conservative,4.0,authority
agreement,10,mixtral:8x22b,conservative,4.0,authority
agreement,10,mixtral:8x22b,conservative,4.0,authority
agreement,10,mixtral:8x22b,conservative,4.0,authority
agreement,10,mixtral:8x22b,conservative,4.0,authority
agreement,10,mixtral:8x22b,conservative,4.0,authority
agreement,10,mixtral:8x22b,conservative,4.0,authority
agreement,10,mixtral:8x22b,conservative,4.0,authority
agreement,10,mixtral:8x22b,conservative,5.0,authority
agreement,10,mixtral:8x22b,conservative,4.0,authority
agreement,10,mixtral:8x22b,conservative,4.0,authority
agreement,10,mixtral:8x22b,conservative,4.0,authority
agreement,10,mixtral:8x22b,conservative,5.0,authority
agreement,10,mixtral:8x22b,conservative,4.0,authority
agreement,10,mixtral:8x22b,conservative,4.0,authority
agreement,10,mixtral:8x22b,conservative,5.0,authority
agreement,10,mixtral:8x22b,conservative,5.0,authority
agreement,10,mixtral:8x22b,conservative,4.0,authority
agreement,10,mixtral:8x22b,conservative,4.0,authority
agreement,10,mixtral:8x22b,conservative,4.0,authority
agreement,10,mixtral:8x22b,conservative,4.0,authority
agreement,10,mixtral:8x22b,conservative,4.0,authority
agreement,10,mixtral:8x22b,conservative,4.0,authority
agreement,10,mixtral:8x22b,conservative,4.0,authority
agreement,10,mixtral:8x22b,conservative,4.0,authority
agreement,10,mixtral:8x22b,moderate,1.0,authority
agreement,10,mixtral:8x22b,moderate,1.0,authority
agreement,10,mixtral:8x22b,moderate,1.0,authority
agreement,10,mixtral:8x22b,moderate,1.0,authority
agreement,10,mixtral:8x22b,moderate,0.0,authority
agreement,10,mixtral:8x22b,moderate,1.0,authority
agreement,10,mixtral:8x22b,moderate,1.0,authority
agreement,10,mixtral:8x22b,moderate,1.0,authority
agreement,10,mixtral:8x22b,moderate,1.0,authority
agreement,10,mixtral:8x22b,moderate,1.0,authority
agreement,10,mixtral:8x22b,moderate,1.0,authority
agreement,10,mixtral:8x22b,moderate,1.0,authority
agreement,10,mixtral:8x22b,moderate,1.0,authority
agreement,10,mixtral:8x22b,moderate,1.0,authority
agreement,10,mixtral:8x22b,moderate,1.0,authority
agreement,10,mixtral:8x22b,moderate,1.0,authority
agreement,10,mixtral:8x22b,moderate,1.0,authority
agreement,10,mixtral:8x22b,moderate,1.0,authority
agreement,10,mixtral:8x22b,moderate,1.0,authority
agreement,10,mixtral:8x22b,moderate,1.0,authority
agreement,10,mixtral:8x22b,moderate,1.0,authority
agreement,10,mixtral:8x22b,moderate,1.0,authority
agreement,10,mixtral:8x22b,moderate,1.0,authority
agreement,10,mixtral:8x22b,moderate,1.0,authority
agreement,10,mixtral:8x22b,moderate,1.0,authority
agreement,10,mixtral:8x22b,moderate,1.0,authority
agreement,10,mixtral:8x22b,moderate,1.0,authority
agreement,10,mixtral:8x22b,moderate,1.0,authority
agreement,10,mixtral:8x22b,moderate,1.0,authority
agreement,10,mixtral:8x22b,moderate,1.0,authority
agreement,10,mixtral:8x22b,moderate,1.0,authority
agreement,10,mixtral:8x22b,moderate,1.0,authority
agreement,10,mixtral:8x22b,moderate,1.0,authority
agreement,10,mixtral:8x22b,moderate,1.0,authority
agreement,10,mixtral:8x22b,moderate,1.0,authority
agreement,10,mixtral:8x22b,moderate,1.0,authority
agreement,10,mixtral:8x22b,moderate,1.0,authority
agreement,10,mixtral:8x22b,moderate,1.0,authority
agreement,10,mixtral:8x22b,moderate,1.0,authority
agreement,10,mixtral:8x22b,moderate,1.0,authority
agreement,10,mixtral:8x22b,moderate,1.0,authority
agreement,10,mixtral:8x22b,moderate,1.0,authority
agreement,10,mixtral:8x22b,moderate,1.0,authority
agreement,10,mixtral:8x22b,moderate,1.0,authority
agreement,10,mixtral:8x22b,moderate,1.0,authority
agreement,10,mixtral:8x22b,moderate,1.0,authority
agreement,10,mixtral:8x22b,moderate,1.0,authority
agreement,10,mixtral:8x22b,moderate,1.0,authority
agreement,10,mixtral:8x22b,moderate,1.0,authority
agreement,10,mixtral:8x22b,moderate,1.0,authority
agreement,10,mixtral:8x22b,liberal,1.0,authority
agreement,10,mixtral:8x22b,liberal,1.0,authority
agreement,10,mixtral:8x22b,liberal,1.0,authority
agreement,10,mixtral:8x22b,liberal,1.0,authority
agreement,10,mixtral:8x22b,liberal,1.0,authority
agreement,10,mixtral:8x22b,liberal,1.0,authority
agreement,10,mixtral:8x22b,liberal,1.0,authority
agreement,10,mixtral:8x22b,liberal,1.0,authority
agreement,10,mixtral:8x22b,liberal,1.0,authority
agreement,10,mixtral:8x22b,liberal,1.0,authority
agreement,10,mixtral:8x22b,liberal,1.0,authority
agreement,10,mixtral:8x22b,liberal,1.0,authority
agreement,10,mixtral:8x22b,liberal,1.0,authority
agreement,10,mixtral:8x22b,liberal,1.0,authority
agreement,10,mixtral:8x22b,liberal,1.0,authority
agreement,10,mixtral:8x22b,liberal,1.0,authority
agreement,10,mixtral:8x22b,liberal,1.0,authority
agreement,10,mixtral:8x22b,liberal,1.0,authority
agreement,10,mixtral:8x22b,liberal,1.0,authority
agreement,10,mixtral:8x22b,liberal,1.0,authority
agreement,10,mixtral:8x22b,liberal,1.0,authority
agreement,10,mixtral:8x22b,liberal,1.0,authority
agreement,10,mixtral:8x22b,liberal,1.0,authority
agreement,10,mixtral:8x22b,liberal,1.0,authority
agreement,10,mixtral:8x22b,liberal,1.0,authority
agreement,10,mixtral:8x22b,liberal,1.0,authority
agreement,10,mixtral:8x22b,liberal,1.0,authority
agreement,10,mixtral:8x22b,liberal,1.0,authority
agreement,10,mixtral:8x22b,liberal,1.0,authority
agreement,10,mixtral:8x22b,liberal,1.0,authority
agreement,10,mixtral:8x22b,liberal,1.0,authority
agreement,10,mixtral:8x22b,liberal,1.0,authority
agreement,10,mixtral:8x22b,liberal,1.0,authority
agreement,10,mixtral:8x22b,liberal,1.0,authority
agreement,10,mixtral:8x22b,liberal,1.0,authority
agreement,10,mixtral:8x22b,liberal,1.0,authority
agreement,10,mixtral:8x22b,liberal,1.0,authority
agreement,10,mixtral:8x22b,liberal,1.0,authority
agreement,10,mixtral:8x22b,liberal,1.0,authority
agreement,10,mixtral:8x22b,liberal,1.0,authority
agreement,10,mixtral:8x22b,liberal,1.0,authority
agreement,10,mixtral:8x22b,liberal,1.0,authority
agreement,10,mixtral:8x22b,liberal,1.0,authority
agreement,10,mixtral:8x22b,liberal,1.0,authority
agreement,10,mixtral:8x22b,liberal,1.0,authority
agreement,10,mixtral:8x22b,liberal,1.0,authority
agreement,10,mixtral:8x22b,liberal,1.0,authority
agreement,10,mixtral:8x22b,liberal,1.0,authority
agreement,10,mixtral:8x22b,liberal,1.0,authority
agreement,10,mixtral:8x22b,liberal,1.0,authority
agreement,10,mixtral:8x7b,conservative,4.0,authority
agreement,10,mixtral:8x7b,conservative,4.0,authority
agreement,10,mixtral:8x7b,conservative,4.0,authority
agreement,10,mixtral:8x7b,conservative,4.0,authority
agreement,10,mixtral:8x7b,conservative,4.0,authority
agreement,10,mixtral:8x7b,conservative,4.0,authority
agreement,10,mixtral:8x7b,conservative,4.0,authority
agreement,10,mixtral:8x7b,conservative,4.0,authority
agreement,10,mixtral:8x7b,conservative,4.0,authority
agreement,10,mixtral:8x7b,conservative,4.0,authority
agreement,10,mixtral:8x7b,conservative,4.0,authority
agreement,10,mixtral:8x7b,conservative,4.0,authority
agreement,10,mixtral:8x7b,conservative,4.0,authority
agreement,10,mixtral:8x7b,conservative,4.0,authority
agreement,10,mixtral:8x7b,conservative,4.0,authority
agreement,10,mixtral:8x7b,conservative,4.0,authority
agreement,10,mixtral:8x7b,conservative,4.0,authority
agreement,10,mixtral:8x7b,conservative,4.0,authority
agreement,10,mixtral:8x7b,conservative,4.0,authority
agreement,10,mixtral:8x7b,conservative,4.0,authority
agreement,10,mixtral:8x7b,conservative,4.0,authority
agreement,10,mixtral:8x7b,conservative,4.0,authority
agreement,10,mixtral:8x7b,conservative,4.0,authority
agreement,10,mixtral:8x7b,conservative,4.0,authority
agreement,10,mixtral:8x7b,conservative,4.0,authority
agreement,10,mixtral:8x7b,conservative,4.0,authority
agreement,10,mixtral:8x7b,conservative,4.0,authority
agreement,10,mixtral:8x7b,conservative,4.0,authority
agreement,10,mixtral:8x7b,conservative,4.0,authority
agreement,10,mixtral:8x7b,conservative,4.0,authority
agreement,10,mixtral:8x7b,conservative,4.0,authority
agreement,10,mixtral:8x7b,conservative,4.0,authority
agreement,10,mixtral:8x7b,conservative,4.0,authority
agreement,10,mixtral:8x7b,conservative,4.0,authority
agreement,10,mixtral:8x7b,conservative,4.0,authority
agreement,10,mixtral:8x7b,conservative,4.0,authority
agreement,10,mixtral:8x7b,conservative,4.0,authority
agreement,10,mixtral:8x7b,conservative,4.0,authority
agreement,10,mixtral:8x7b,conservative,4.0,authority
agreement,10,mixtral:8x7b,conservative,4.0,authority
agreement,10,mixtral:8x7b,conservative,4.0,authority
agreement,10,mixtral:8x7b,conservative,4.0,authority
agreement,10,mixtral:8x7b,conservative,4.0,authority
agreement,10,mixtral:8x7b,conservative,4.0,authority
agreement,10,mixtral:8x7b,conservative,4.0,authority
agreement,10,mixtral:8x7b,conservative,4.0,authority
agreement,10,mixtral:8x7b,conservative,4.0,authority
agreement,10,mixtral:8x7b,conservative,4.0,authority
agreement,10,mixtral:8x7b,conservative,4.0,authority
agreement,10,mixtral:8x7b,conservative,4.0,authority
agreement,10,mixtral:8x7b,moderate,3.0,authority
agreement,10,mixtral:8x7b,moderate,3.0,authority
agreement,10,mixtral:8x7b,moderate,3.0,authority
agreement,10,mixtral:8x7b,moderate,3.0,authority
agreement,10,mixtral:8x7b,moderate,3.0,authority
agreement,10,mixtral:8x7b,moderate,3.0,authority
agreement,10,mixtral:8x7b,moderate,3.0,authority
agreement,10,mixtral:8x7b,moderate,3.0,authority
agreement,10,mixtral:8x7b,moderate,3.0,authority
agreement,10,mixtral:8x7b,moderate,3.0,authority
agreement,10,mixtral:8x7b,moderate,3.0,authority
agreement,10,mixtral:8x7b,moderate,3.0,authority
agreement,10,mixtral:8x7b,moderate,3.0,authority
agreement,10,mixtral:8x7b,moderate,3.0,authority
agreement,10,mixtral:8x7b,moderate,3.0,authority
agreement,10,mixtral:8x7b,moderate,3.0,authority
agreement,10,mixtral:8x7b,moderate,3.0,authority
agreement,10,mixtral:8x7b,moderate,3.0,authority
agreement,10,mixtral:8x7b,moderate,3.0,authority
agreement,10,mixtral:8x7b,moderate,3.0,authority
agreement,10,mixtral:8x7b,moderate,3.0,authority
agreement,10,mixtral:8x7b,moderate,3.0,authority
agreement,10,mixtral:8x7b,moderate,3.0,authority
agreement,10,mixtral:8x7b,moderate,3.0,authority
agreement,10,mixtral:8x7b,moderate,3.0,authority
agreement,10,mixtral:8x7b,moderate,3.0,authority
agreement,10,mixtral:8x7b,moderate,3.0,authority
agreement,10,mixtral:8x7b,moderate,3.0,authority
agreement,10,mixtral:8x7b,moderate,3.0,authority
agreement,10,mixtral:8x7b,moderate,3.0,authority
agreement,10,mixtral:8x7b,moderate,3.0,authority
agreement,10,mixtral:8x7b,moderate,3.0,authority
agreement,10,mixtral:8x7b,moderate,3.0,authority
agreement,10,mixtral:8x7b,moderate,3.0,authority
agreement,10,mixtral:8x7b,moderate,3.0,authority
agreement,10,mixtral:8x7b,moderate,3.0,authority
agreement,10,mixtral:8x7b,moderate,3.0,authority
agreement,10,mixtral:8x7b,moderate,3.0,authority
agreement,10,mixtral:8x7b,moderate,3.0,authority
agreement,10,mixtral:8x7b,moderate,3.0,authority
agreement,10,mixtral:8x7b,moderate,3.0,authority
agreement,10,mixtral:8x7b,moderate,3.0,authority
agreement,10,mixtral:8x7b,moderate,3.0,authority
agreement,10,mixtral:8x7b,moderate,3.0,authority
agreement,10,mixtral:8x7b,moderate,3.0,authority
agreement,10,mixtral:8x7b,moderate,3.0,authority
agreement,10,mixtral:8x7b,moderate,3.0,authority
agreement,10,mixtral:8x7b,moderate,3.0,authority
agreement,10,mixtral:8x7b,moderate,3.0,authority
agreement,10,mixtral:8x7b,moderate,3.0,authority
agreement,10,mixtral:8x7b,liberal,2.0,authority
agreement,10,mixtral:8x7b,liberal,2.0,authority
agreement,10,mixtral:8x7b,liberal,2.0,authority
agreement,10,mixtral:8x7b,liberal,2.0,authority
agreement,10,mixtral:8x7b,liberal,2.0,authority
agreement,10,mixtral:8x7b,liberal,2.0,authority
agreement,10,mixtral:8x7b,liberal,2.0,authority
agreement,10,mixtral:8x7b,liberal,2.0,authority
agreement,10,mixtral:8x7b,liberal,2.0,authority
agreement,10,mixtral:8x7b,liberal,2.0,authority
agreement,10,mixtral:8x7b,liberal,2.0,authority
agreement,10,mixtral:8x7b,liberal,2.0,authority
agreement,10,mixtral:8x7b,liberal,2.0,authority
agreement,10,mixtral:8x7b,liberal,2.0,authority
agreement,10,mixtral:8x7b,liberal,2.0,authority
agreement,10,mixtral:8x7b,liberal,2.0,authority
agreement,10,mixtral:8x7b,liberal,2.0,authority
agreement,10,mixtral:8x7b,liberal,2.0,authority
agreement,10,mixtral:8x7b,liberal,2.0,authority
agreement,10,mixtral:8x7b,liberal,2.0,authority
agreement,10,mixtral:8x7b,liberal,2.0,authority
agreement,10,mixtral:8x7b,liberal,2.0,authority
agreement,10,mixtral:8x7b,liberal,2.0,authority
agreement,10,mixtral:8x7b,liberal,2.0,authority
agreement,10,mixtral:8x7b,liberal,2.0,authority
agreement,10,mixtral:8x7b,liberal,2.0,authority
agreement,10,mixtral:8x7b,liberal,2.0,authority
agreement,10,mixtral:8x7b,liberal,2.0,authority
agreement,10,mixtral:8x7b,liberal,2.0,authority
agreement,10,mixtral:8x7b,liberal,2.0,authority
agreement,10,mixtral:8x7b,liberal,2.0,authority
agreement,10,mixtral:8x7b,liberal,2.0,authority
agreement,10,mixtral:8x7b,liberal,2.0,authority
agreement,10,mixtral:8x7b,liberal,2.0,authority
agreement,10,mixtral:8x7b,liberal,2.0,authority
agreement,10,mixtral:8x7b,liberal,2.0,authority
agreement,10,mixtral:8x7b,liberal,2.0,authority
agreement,10,mixtral:8x7b,liberal,2.0,authority
agreement,10,mixtral:8x7b,liberal,2.0,authority
agreement,10,mixtral:8x7b,liberal,2.0,authority
agreement,10,mixtral:8x7b,liberal,2.0,authority
agreement,10,mixtral:8x7b,liberal,2.0,authority
agreement,10,mixtral:8x7b,liberal,2.0,authority
agreement,10,mixtral:8x7b,liberal,2.0,authority
agreement,10,mixtral:8x7b,liberal,2.0,authority
agreement,10,mixtral:8x7b,liberal,2.0,authority
agreement,10,mixtral:8x7b,liberal,2.0,authority
agreement,10,mixtral:8x7b,liberal,2.0,authority
agreement,10,mixtral:8x7b,liberal,2.0,authority
agreement,10,mixtral:8x7b,liberal,2.0,authority
agreement,10,phi3:14b,conservative,4.0,authority
agreement,10,phi3:14b,conservative,3.0,authority
agreement,10,phi3:14b,conservative,4.0,authority
agreement,10,phi3:14b,conservative,5.0,authority
agreement,10,phi3:14b,conservative,4.0,authority
agreement,10,phi3:14b,conservative,4.0,authority
agreement,10,phi3:14b,conservative,5.0,authority
agreement,10,phi3:14b,conservative,5.0,authority
agreement,10,phi3:14b,conservative,5.0,authority
agreement,10,phi3:14b,conservative,5.0,authority
agreement,10,phi3:14b,conservative,3.0,authority
agreement,10,phi3:14b,conservative,4.0,authority
agreement,10,phi3:14b,conservative,5.0,authority
agreement,10,phi3:14b,conservative,5.0,authority
agreement,10,phi3:14b,conservative,3.0,authority
agreement,10,phi3:14b,conservative,4.0,authority
agreement,10,phi3:14b,conservative,5.0,authority
agreement,10,phi3:14b,conservative,5.0,authority
agreement,10,phi3:14b,conservative,3.0,authority
agreement,10,phi3:14b,conservative,5.0,authority
agreement,10,phi3:14b,conservative,3.0,authority
agreement,10,phi3:14b,conservative,5.0,authority
agreement,10,phi3:14b,conservative,3.0,authority
agreement,10,phi3:14b,conservative,4.0,authority
agreement,10,phi3:14b,conservative,4.0,authority
agreement,10,phi3:14b,conservative,5.0,authority
agreement,10,phi3:14b,conservative,4.0,authority
agreement,10,phi3:14b,conservative,3.0,authority
agreement,10,phi3:14b,conservative,4.0,authority
agreement,10,phi3:14b,conservative,5.0,authority
agreement,10,phi3:14b,conservative,4.0,authority
agreement,10,phi3:14b,conservative,5.0,authority
agreement,10,phi3:14b,conservative,4.0,authority
agreement,10,phi3:14b,conservative,5.0,authority
agreement,10,phi3:14b,conservative,3.0,authority
agreement,10,phi3:14b,conservative,4.0,authority
agreement,10,phi3:14b,conservative,5.0,authority
agreement,10,phi3:14b,conservative,5.0,authority
agreement,10,phi3:14b,conservative,4.0,authority
agreement,10,phi3:14b,conservative,5.0,authority
agreement,10,phi3:14b,conservative,4.0,authority
agreement,10,phi3:14b,conservative,5.0,authority
agreement,10,phi3:14b,conservative,5.0,authority
agreement,10,phi3:14b,conservative,5.0,authority
agreement,10,phi3:14b,conservative,4.0,authority
agreement,10,phi3:14b,conservative,4.0,authority
agreement,10,phi3:14b,conservative,5.0,authority
agreement,10,phi3:14b,conservative,4.0,authority
agreement,10,phi3:14b,conservative,5.0,authority
agreement,10,phi3:14b,conservative,4.0,authority
agreement,10,phi3:14b,moderate,3.0,authority
agreement,10,phi3:14b,moderate,4.0,authority
agreement,10,phi3:14b,moderate,3.0,authority
agreement,10,phi3:14b,moderate,3.0,authority
agreement,10,phi3:14b,moderate,4.0,authority
agreement,10,phi3:14b,moderate,3.0,authority
agreement,10,phi3:14b,moderate,3.0,authority
agreement,10,phi3:14b,moderate,4.0,authority
agreement,10,phi3:14b,moderate,2.0,authority
agreement,10,phi3:14b,moderate,4.0,authority
agreement,10,phi3:14b,moderate,3.0,authority
agreement,10,phi3:14b,moderate,3.0,authority
agreement,10,phi3:14b,moderate,4.0,authority
agreement,10,phi3:14b,moderate,4.0,authority
agreement,10,phi3:14b,moderate,3.0,authority
agreement,10,phi3:14b,moderate,4.0,authority
agreement,10,phi3:14b,moderate,3.0,authority
agreement,10,phi3:14b,moderate,3.0,authority
agreement,10,phi3:14b,moderate,3.0,authority
agreement,10,phi3:14b,moderate,3.0,authority
agreement,10,phi3:14b,moderate,2.0,authority
agreement,10,phi3:14b,moderate,3.0,authority
agreement,10,phi3:14b,moderate,3.0,authority
agreement,10,phi3:14b,moderate,4.0,authority
agreement,10,phi3:14b,moderate,2.0,authority
agreement,10,phi3:14b,moderate,3.0,authority
agreement,10,phi3:14b,moderate,3.0,authority
agreement,10,phi3:14b,moderate,3.0,authority
agreement,10,phi3:14b,moderate,3.0,authority
agreement,10,phi3:14b,moderate,3.0,authority
agreement,10,phi3:14b,moderate,3.0,authority
agreement,10,phi3:14b,moderate,3.0,authority
agreement,10,phi3:14b,moderate,4.0,authority
agreement,10,phi3:14b,moderate,3.0,authority
agreement,10,phi3:14b,moderate,2.0,authority
agreement,10,phi3:14b,moderate,4.0,authority
agreement,10,phi3:14b,moderate,2.0,authority
agreement,10,phi3:14b,moderate,5.0,authority
agreement,10,phi3:14b,moderate,3.0,authority
agreement,10,phi3:14b,moderate,3.0,authority
agreement,10,phi3:14b,moderate,3.0,authority
agreement,10,phi3:14b,moderate,3.0,authority
agreement,10,phi3:14b,moderate,3.0,authority
agreement,10,phi3:14b,moderate,3.0,authority
agreement,10,phi3:14b,moderate,3.0,authority
agreement,10,phi3:14b,moderate,4.0,authority
agreement,10,phi3:14b,moderate,4.0,authority
agreement,10,phi3:14b,moderate,3.0,authority
agreement,10,phi3:14b,moderate,3.0,authority
agreement,10,phi3:14b,moderate,3.0,authority
agreement,10,phi3:14b,liberal,0.0,authority
agreement,10,phi3:14b,liberal,0.0,authority
agreement,10,phi3:14b,liberal,1.0,authority
agreement,10,phi3:14b,liberal,0.0,authority
agreement,10,phi3:14b,liberal,0.0,authority
agreement,10,phi3:14b,liberal,0.0,authority
agreement,10,phi3:14b,liberal,0.0,authority
agreement,10,phi3:14b,liberal,0.0,authority
agreement,10,phi3:14b,liberal,0.0,authority
agreement,10,phi3:14b,liberal,2.0,authority
agreement,10,phi3:14b,liberal,0.0,authority
agreement,10,phi3:14b,liberal,2.0,authority
agreement,10,phi3:14b,liberal,0.0,authority
agreement,10,phi3:14b,liberal,2.0,authority
agreement,10,phi3:14b,liberal,0.0,authority
agreement,10,phi3:14b,liberal,1.0,authority
agreement,10,phi3:14b,liberal,0.0,authority
agreement,10,phi3:14b,liberal,0.0,authority
agreement,10,phi3:14b,liberal,1.0,authority
agreement,10,phi3:14b,liberal,0.0,authority
agreement,10,phi3:14b,liberal,0.0,authority
agreement,10,phi3:14b,liberal,0.0,authority
agreement,10,phi3:14b,liberal,0.0,authority
agreement,10,phi3:14b,liberal,1.0,authority
agreement,10,phi3:14b,liberal,0.0,authority
agreement,10,phi3:14b,liberal,1.0,authority
agreement,10,phi3:14b,liberal,1.0,authority
agreement,10,phi3:14b,liberal,1.0,authority
agreement,10,phi3:14b,liberal,0.0,authority
agreement,10,phi3:14b,liberal,0.0,authority
agreement,10,phi3:14b,liberal,0.0,authority
agreement,10,phi3:14b,liberal,0.0,authority
agreement,10,phi3:14b,liberal,2.0,authority
agreement,10,phi3:14b,liberal,0.0,authority
agreement,10,phi3:14b,liberal,1.0,authority
agreement,10,phi3:14b,liberal,0.0,authority
agreement,10,phi3:14b,liberal,2.0,authority
agreement,10,phi3:14b,liberal,0.0,authority
agreement,10,phi3:14b,liberal,0.0,authority
agreement,10,phi3:14b,liberal,0.0,authority
agreement,10,phi3:14b,liberal,0.0,authority
agreement,10,phi3:14b,liberal,0.0,authority
agreement,10,phi3:14b,liberal,1.0,authority
agreement,10,phi3:14b,liberal,0.0,authority
agreement,10,phi3:14b,liberal,0.0,authority
agreement,10,phi3:14b,liberal,0.0,authority
agreement,10,phi3:14b,liberal,1.0,authority
agreement,10,phi3:14b,liberal,0.0,authority
agreement,10,phi3:14b,liberal,0.0,authority
agreement,10,phi3:14b,liberal,1.0,authority
agreement,10,gemma:7b,conservative,2.0,authority
agreement,10,gemma:7b,conservative,2.0,authority
agreement,10,gemma:7b,conservative,2.0,authority
agreement,10,gemma:7b,conservative,2.0,authority
agreement,10,gemma:7b,conservative,2.0,authority
agreement,10,gemma:7b,conservative,2.0,authority
agreement,10,gemma:7b,conservative,2.0,authority
agreement,10,gemma:7b,conservative,2.0,authority
agreement,10,gemma:7b,conservative,2.0,authority
agreement,10,gemma:7b,conservative,2.0,authority
agreement,10,gemma:7b,conservative,2.0,authority
agreement,10,gemma:7b,conservative,2.0,authority
agreement,10,gemma:7b,conservative,2.0,authority
agreement,10,gemma:7b,conservative,2.0,authority
agreement,10,gemma:7b,conservative,2.0,authority
agreement,10,gemma:7b,conservative,2.0,authority
agreement,10,gemma:7b,conservative,2.0,authority
agreement,10,gemma:7b,conservative,2.0,authority
agreement,10,gemma:7b,conservative,2.0,authority
agreement,10,gemma:7b,conservative,2.0,authority
agreement,10,gemma:7b,conservative,2.0,authority
agreement,10,gemma:7b,conservative,2.0,authority
agreement,10,gemma:7b,conservative,2.0,authority
agreement,10,gemma:7b,conservative,2.0,authority
agreement,10,gemma:7b,conservative,2.0,authority
agreement,10,gemma:7b,conservative,2.0,authority
agreement,10,gemma:7b,conservative,2.0,authority
agreement,10,gemma:7b,conservative,2.0,authority
agreement,10,gemma:7b,conservative,2.0,authority
agreement,10,gemma:7b,conservative,2.0,authority
agreement,10,gemma:7b,conservative,2.0,authority
agreement,10,gemma:7b,conservative,2.0,authority
agreement,10,gemma:7b,conservative,2.0,authority
agreement,10,gemma:7b,conservative,2.0,authority
agreement,10,gemma:7b,conservative,2.0,authority
agreement,10,gemma:7b,conservative,2.0,authority
agreement,10,gemma:7b,conservative,2.0,authority
agreement,10,gemma:7b,conservative,2.0,authority
agreement,10,gemma:7b,conservative,2.0,authority
agreement,10,gemma:7b,conservative,2.0,authority
agreement,10,gemma:7b,conservative,2.0,authority
agreement,10,gemma:7b,conservative,2.0,authority
agreement,10,gemma:7b,conservative,2.0,authority
agreement,10,gemma:7b,conservative,2.0,authority
agreement,10,gemma:7b,conservative,2.0,authority
agreement,10,gemma:7b,conservative,2.0,authority
agreement,10,gemma:7b,conservative,2.0,authority
agreement,10,gemma:7b,conservative,2.0,authority
agreement,10,gemma:7b,conservative,2.0,authority
agreement,10,gemma:7b,conservative,2.0,authority
agreement,10,gemma:7b,moderate,2.0,authority
agreement,10,gemma:7b,moderate,2.0,authority
agreement,10,gemma:7b,moderate,2.0,authority
agreement,10,gemma:7b,moderate,2.0,authority
agreement,10,gemma:7b,moderate,2.0,authority
agreement,10,gemma:7b,moderate,2.0,authority
agreement,10,gemma:7b,moderate,2.0,authority
agreement,10,gemma:7b,moderate,2.0,authority
agreement,10,gemma:7b,moderate,2.0,authority
agreement,10,gemma:7b,moderate,2.0,authority
agreement,10,gemma:7b,moderate,2.0,authority
agreement,10,gemma:7b,moderate,2.0,authority
agreement,10,gemma:7b,moderate,2.0,authority
agreement,10,gemma:7b,moderate,2.0,authority
agreement,10,gemma:7b,moderate,2.0,authority
agreement,10,gemma:7b,moderate,2.0,authority
agreement,10,gemma:7b,moderate,2.0,authority
agreement,10,gemma:7b,moderate,2.0,authority
agreement,10,gemma:7b,moderate,2.0,authority
agreement,10,gemma:7b,moderate,2.0,authority
agreement,10,gemma:7b,moderate,2.0,authority
agreement,10,gemma:7b,moderate,2.0,authority
agreement,10,gemma:7b,moderate,2.0,authority
agreement,10,gemma:7b,moderate,2.0,authority
agreement,10,gemma:7b,moderate,2.0,authority
agreement,10,gemma:7b,moderate,2.0,authority
agreement,10,gemma:7b,moderate,2.0,authority
agreement,10,gemma:7b,moderate,2.0,authority
agreement,10,gemma:7b,moderate,2.0,authority
agreement,10,gemma:7b,moderate,2.0,authority
agreement,10,gemma:7b,moderate,2.0,authority
agreement,10,gemma:7b,moderate,2.0,authority
agreement,10,gemma:7b,moderate,2.0,authority
agreement,10,gemma:7b,moderate,2.0,authority
agreement,10,gemma:7b,moderate,2.0,authority
agreement,10,gemma:7b,moderate,2.0,authority
agreement,10,gemma:7b,moderate,2.0,authority
agreement,10,gemma:7b,moderate,2.0,authority
agreement,10,gemma:7b,moderate,2.0,authority
agreement,10,gemma:7b,moderate,2.0,authority
agreement,10,gemma:7b,moderate,2.0,authority
agreement,10,gemma:7b,moderate,2.0,authority
agreement,10,gemma:7b,moderate,2.0,authority
agreement,10,gemma:7b,moderate,2.0,authority
agreement,10,gemma:7b,moderate,2.0,authority
agreement,10,gemma:7b,moderate,2.0,authority
agreement,10,gemma:7b,moderate,2.0,authority
agreement,10,gemma:7b,moderate,2.0,authority
agreement,10,gemma:7b,moderate,2.0,authority
agreement,10,gemma:7b,moderate,2.0,authority
agreement,10,gemma:7b,liberal,2.0,authority
agreement,10,gemma:7b,liberal,2.0,authority
agreement,10,gemma:7b,liberal,2.0,authority
agreement,10,gemma:7b,liberal,2.0,authority
agreement,10,gemma:7b,liberal,2.0,authority
agreement,10,gemma:7b,liberal,2.0,authority
agreement,10,gemma:7b,liberal,2.0,authority
agreement,10,gemma:7b,liberal,2.0,authority
agreement,10,gemma:7b,liberal,2.0,authority
agreement,10,gemma:7b,liberal,2.0,authority
agreement,10,gemma:7b,liberal,2.0,authority
agreement,10,gemma:7b,liberal,2.0,authority
agreement,10,gemma:7b,liberal,2.0,authority
agreement,10,gemma:7b,liberal,2.0,authority
agreement,10,gemma:7b,liberal,2.0,authority
agreement,10,gemma:7b,liberal,2.0,authority
agreement,10,gemma:7b,liberal,2.0,authority
agreement,10,gemma:7b,liberal,2.0,authority
agreement,10,gemma:7b,liberal,2.0,authority
agreement,10,gemma:7b,liberal,2.0,authority
agreement,10,gemma:7b,liberal,2.0,authority
agreement,10,gemma:7b,liberal,2.0,authority
agreement,10,gemma:7b,liberal,2.0,authority
agreement,10,gemma:7b,liberal,2.0,authority
agreement,10,gemma:7b,liberal,2.0,authority
agreement,10,gemma:7b,liberal,2.0,authority
agreement,10,gemma:7b,liberal,2.0,authority
agreement,10,gemma:7b,liberal,2.0,authority
agreement,10,gemma:7b,liberal,2.0,authority
agreement,10,gemma:7b,liberal,2.0,authority
agreement,10,gemma:7b,liberal,2.0,authority
agreement,10,gemma:7b,liberal,2.0,authority
agreement,10,gemma:7b,liberal,2.0,authority
agreement,10,gemma:7b,liberal,2.0,authority
agreement,10,gemma:7b,liberal,2.0,authority
agreement,10,gemma:7b,liberal,2.0,authority
agreement,10,gemma:7b,liberal,2.0,authority
agreement,10,gemma:7b,liberal,2.0,authority
agreement,10,gemma:7b,liberal,2.0,authority
agreement,10,gemma:7b,liberal,2.0,authority
agreement,10,gemma:7b,liberal,2.0,authority
agreement,10,gemma:7b,liberal,2.0,authority
agreement,10,gemma:7b,liberal,2.0,authority
agreement,10,gemma:7b,liberal,2.0,authority
agreement,10,gemma:7b,liberal,2.0,authority
agreement,10,gemma:7b,liberal,2.0,authority
agreement,10,gemma:7b,liberal,2.0,authority
agreement,10,gemma:7b,liberal,2.0,authority
agreement,10,gemma:7b,liberal,2.0,authority
agreement,10,gemma:7b,liberal,2.0,authority
agreement,10,gemma2:27b,conservative,4.0,authority
agreement,10,gemma2:27b,conservative,4.0,authority
agreement,10,gemma2:27b,conservative,4.0,authority
agreement,10,gemma2:27b,conservative,4.0,authority
agreement,10,gemma2:27b,conservative,4.0,authority
agreement,10,gemma2:27b,conservative,4.0,authority
agreement,10,gemma2:27b,conservative,4.0,authority
agreement,10,gemma2:27b,conservative,4.0,authority
agreement,10,gemma2:27b,conservative,4.0,authority
agreement,10,gemma2:27b,conservative,4.0,authority
agreement,10,gemma2:27b,conservative,4.0,authority
agreement,10,gemma2:27b,conservative,4.0,authority
agreement,10,gemma2:27b,conservative,4.0,authority
agreement,10,gemma2:27b,conservative,4.0,authority
agreement,10,gemma2:27b,conservative,4.0,authority
agreement,10,gemma2:27b,conservative,4.0,authority
agreement,10,gemma2:27b,conservative,4.0,authority
agreement,10,gemma2:27b,conservative,4.0,authority
agreement,10,gemma2:27b,conservative,4.0,authority
agreement,10,gemma2:27b,conservative,4.0,authority
agreement,10,gemma2:27b,conservative,4.0,authority
agreement,10,gemma2:27b,conservative,4.0,authority
agreement,10,gemma2:27b,conservative,4.0,authority
agreement,10,gemma2:27b,conservative,4.0,authority
agreement,10,gemma2:27b,conservative,4.0,authority
agreement,10,gemma2:27b,conservative,4.0,authority
agreement,10,gemma2:27b,conservative,4.0,authority
agreement,10,gemma2:27b,conservative,4.0,authority
agreement,10,gemma2:27b,conservative,4.0,authority
agreement,10,gemma2:27b,conservative,4.0,authority
agreement,10,gemma2:27b,conservative,4.0,authority
agreement,10,gemma2:27b,conservative,4.0,authority
agreement,10,gemma2:27b,conservative,4.0,authority
agreement,10,gemma2:27b,conservative,4.0,authority
agreement,10,gemma2:27b,conservative,4.0,authority
agreement,10,gemma2:27b,conservative,4.0,authority
agreement,10,gemma2:27b,conservative,4.0,authority
agreement,10,gemma2:27b,conservative,4.0,authority
agreement,10,gemma2:27b,conservative,4.0,authority
agreement,10,gemma2:27b,conservative,4.0,authority
agreement,10,gemma2:27b,conservative,4.0,authority
agreement,10,gemma2:27b,conservative,4.0,authority
agreement,10,gemma2:27b,conservative,4.0,authority
agreement,10,gemma2:27b,conservative,4.0,authority
agreement,10,gemma2:27b,conservative,4.0,authority
agreement,10,gemma2:27b,conservative,4.0,authority
agreement,10,gemma2:27b,conservative,4.0,authority
agreement,10,gemma2:27b,conservative,4.0,authority
agreement,10,gemma2:27b,conservative,4.0,authority
agreement,10,gemma2:27b,conservative,4.0,authority
agreement,10,gemma2:27b,moderate,2.0,authority
agreement,10,gemma2:27b,moderate,2.0,authority
agreement,10,gemma2:27b,moderate,2.0,authority
agreement,10,gemma2:27b,moderate,2.0,authority
agreement,10,gemma2:27b,moderate,2.0,authority
agreement,10,gemma2:27b,moderate,2.0,authority
agreement,10,gemma2:27b,moderate,2.0,authority
agreement,10,gemma2:27b,moderate,2.0,authority
agreement,10,gemma2:27b,moderate,2.0,authority
agreement,10,gemma2:27b,moderate,2.0,authority
agreement,10,gemma2:27b,moderate,2.0,authority
agreement,10,gemma2:27b,moderate,2.0,authority
agreement,10,gemma2:27b,moderate,2.0,authority
agreement,10,gemma2:27b,moderate,2.0,authority
agreement,10,gemma2:27b,moderate,2.0,authority
agreement,10,gemma2:27b,moderate,2.0,authority
agreement,10,gemma2:27b,moderate,2.0,authority
agreement,10,gemma2:27b,moderate,2.0,authority
agreement,10,gemma2:27b,moderate,2.0,authority
agreement,10,gemma2:27b,moderate,2.0,authority
agreement,10,gemma2:27b,moderate,2.0,authority
agreement,10,gemma2:27b,moderate,2.0,authority
agreement,10,gemma2:27b,moderate,2.0,authority
agreement,10,gemma2:27b,moderate,2.0,authority
agreement,10,gemma2:27b,moderate,2.0,authority
agreement,10,gemma2:27b,moderate,2.0,authority
agreement,10,gemma2:27b,moderate,2.0,authority
agreement,10,gemma2:27b,moderate,2.0,authority
agreement,10,gemma2:27b,moderate,2.0,authority
agreement,10,gemma2:27b,moderate,2.0,authority
agreement,10,gemma2:27b,moderate,2.0,authority
agreement,10,gemma2:27b,moderate,2.0,authority
agreement,10,gemma2:27b,moderate,2.0,authority
agreement,10,gemma2:27b,moderate,2.0,authority
agreement,10,gemma2:27b,moderate,2.0,authority
agreement,10,gemma2:27b,moderate,2.0,authority
agreement,10,gemma2:27b,moderate,2.0,authority
agreement,10,gemma2:27b,moderate,2.0,authority
agreement,10,gemma2:27b,moderate,2.0,authority
agreement,10,gemma2:27b,moderate,2.0,authority
agreement,10,gemma2:27b,moderate,2.0,authority
agreement,10,gemma2:27b,moderate,2.0,authority
agreement,10,gemma2:27b,moderate,2.0,authority
agreement,10,gemma2:27b,moderate,2.0,authority
agreement,10,gemma2:27b,moderate,2.0,authority
agreement,10,gemma2:27b,moderate,2.0,authority
agreement,10,gemma2:27b,moderate,2.0,authority
agreement,10,gemma2:27b,moderate,2.0,authority
agreement,10,gemma2:27b,moderate,2.0,authority
agreement,10,gemma2:27b,moderate,2.0,authority
agreement,10,gemma2:27b,liberal,1.0,authority
agreement,10,gemma2:27b,liberal,1.0,authority
agreement,10,gemma2:27b,liberal,1.0,authority
agreement,10,gemma2:27b,liberal,1.0,authority
agreement,10,gemma2:27b,liberal,1.0,authority
agreement,10,gemma2:27b,liberal,1.0,authority
agreement,10,gemma2:27b,liberal,1.0,authority
agreement,10,gemma2:27b,liberal,1.0,authority
agreement,10,gemma2:27b,liberal,1.0,authority
agreement,10,gemma2:27b,liberal,1.0,authority
agreement,10,gemma2:27b,liberal,1.0,authority
agreement,10,gemma2:27b,liberal,1.0,authority
agreement,10,gemma2:27b,liberal,1.0,authority
agreement,10,gemma2:27b,liberal,1.0,authority
agreement,10,gemma2:27b,liberal,1.0,authority
agreement,10,gemma2:27b,liberal,1.0,authority
agreement,10,gemma2:27b,liberal,1.0,authority
agreement,10,gemma2:27b,liberal,1.0,authority
agreement,10,gemma2:27b,liberal,1.0,authority
agreement,10,gemma2:27b,liberal,1.0,authority
agreement,10,gemma2:27b,liberal,1.0,authority
agreement,10,gemma2:27b,liberal,1.0,authority
agreement,10,gemma2:27b,liberal,1.0,authority
agreement,10,gemma2:27b,liberal,1.0,authority
agreement,10,gemma2:27b,liberal,1.0,authority
agreement,10,gemma2:27b,liberal,1.0,authority
agreement,10,gemma2:27b,liberal,1.0,authority
agreement,10,gemma2:27b,liberal,1.0,authority
agreement,10,gemma2:27b,liberal,1.0,authority
agreement,10,gemma2:27b,liberal,1.0,authority
agreement,10,gemma2:27b,liberal,1.0,authority
agreement,10,gemma2:27b,liberal,1.0,authority
agreement,10,gemma2:27b,liberal,1.0,authority
agreement,10,gemma2:27b,liberal,1.0,authority
agreement,10,gemma2:27b,liberal,1.0,authority
agreement,10,gemma2:27b,liberal,1.0,authority
agreement,10,gemma2:27b,liberal,1.0,authority
agreement,10,gemma2:27b,liberal,1.0,authority
agreement,10,gemma2:27b,liberal,1.0,authority
agreement,10,gemma2:27b,liberal,1.0,authority
agreement,10,gemma2:27b,liberal,1.0,authority
agreement,10,gemma2:27b,liberal,1.0,authority
agreement,10,gemma2:27b,liberal,1.0,authority
agreement,10,gemma2:27b,liberal,1.0,authority
agreement,10,gemma2:27b,liberal,1.0,authority
agreement,10,gemma2:27b,liberal,1.0,authority
agreement,10,gemma2:27b,liberal,1.0,authority
agreement,10,gemma2:27b,liberal,1.0,authority
agreement,10,gemma2:27b,liberal,1.0,authority
agreement,10,gemma2:27b,liberal,1.0,authority
agreement,10,qwen:72b,conservative,5.0,authority
agreement,10,qwen:72b,conservative,5.0,authority
agreement,10,qwen:72b,conservative,5.0,authority
agreement,10,qwen:72b,conservative,5.0,authority
agreement,10,qwen:72b,conservative,5.0,authority
agreement,10,qwen:72b,conservative,5.0,authority
agreement,10,qwen:72b,conservative,5.0,authority
agreement,10,qwen:72b,conservative,5.0,authority
agreement,10,qwen:72b,conservative,5.0,authority
agreement,10,qwen:72b,conservative,5.0,authority
agreement,10,qwen:72b,conservative,5.0,authority
agreement,10,qwen:72b,conservative,5.0,authority
agreement,10,qwen:72b,conservative,5.0,authority
agreement,10,qwen:72b,conservative,5.0,authority
agreement,10,qwen:72b,conservative,5.0,authority
agreement,10,qwen:72b,conservative,5.0,authority
agreement,10,qwen:72b,conservative,5.0,authority
agreement,10,qwen:72b,conservative,5.0,authority
agreement,10,qwen:72b,conservative,5.0,authority
agreement,10,qwen:72b,conservative,5.0,authority
agreement,10,qwen:72b,conservative,5.0,authority
agreement,10,qwen:72b,conservative,5.0,authority
agreement,10,qwen:72b,conservative,5.0,authority
agreement,10,qwen:72b,conservative,5.0,authority
agreement,10,qwen:72b,conservative,5.0,authority
agreement,10,qwen:72b,conservative,5.0,authority
agreement,10,qwen:72b,conservative,5.0,authority
agreement,10,qwen:72b,conservative,5.0,authority
agreement,10,qwen:72b,conservative,5.0,authority
agreement,10,qwen:72b,conservative,5.0,authority
agreement,10,qwen:72b,conservative,5.0,authority
agreement,10,qwen:72b,conservative,5.0,authority
agreement,10,qwen:72b,conservative,5.0,authority
agreement,10,qwen:72b,conservative,5.0,authority
agreement,10,qwen:72b,conservative,5.0,authority
agreement,10,qwen:72b,conservative,5.0,authority
agreement,10,qwen:72b,conservative,5.0,authority
agreement,10,qwen:72b,conservative,5.0,authority
agreement,10,qwen:72b,conservative,5.0,authority
agreement,10,qwen:72b,conservative,5.0,authority
agreement,10,qwen:72b,conservative,5.0,authority
agreement,10,qwen:72b,conservative,5.0,authority
agreement,10,qwen:72b,conservative,5.0,authority
agreement,10,qwen:72b,conservative,5.0,authority
agreement,10,qwen:72b,conservative,5.0,authority
agreement,10,qwen:72b,conservative,5.0,authority
agreement,10,qwen:72b,conservative,5.0,authority
agreement,10,qwen:72b,conservative,5.0,authority
agreement,10,qwen:72b,conservative,5.0,authority
agreement,10,qwen:72b,conservative,5.0,authority
agreement,10,qwen:72b,moderate,2.0,authority
agreement,10,qwen:72b,moderate,2.0,authority
agreement,10,qwen:72b,moderate,5.0,authority
agreement,10,qwen:72b,moderate,2.0,authority
agreement,10,qwen:72b,moderate,3.0,authority
agreement,10,qwen:72b,moderate,2.0,authority
agreement,10,qwen:72b,moderate,2.0,authority
agreement,10,qwen:72b,moderate,2.0,authority
agreement,10,qwen:72b,moderate,2.0,authority
agreement,10,qwen:72b,moderate,1.0,authority
agreement,10,qwen:72b,moderate,5.0,authority
agreement,10,qwen:72b,moderate,2.0,authority
agreement,10,qwen:72b,moderate,2.0,authority
agreement,10,qwen:72b,moderate,2.0,authority
agreement,10,qwen:72b,moderate,2.0,authority
agreement,10,qwen:72b,moderate,2.0,authority
agreement,10,qwen:72b,moderate,1.0,authority
agreement,10,qwen:72b,moderate,2.0,authority
agreement,10,qwen:72b,moderate,5.0,authority
agreement,10,qwen:72b,moderate,2.0,authority
agreement,10,qwen:72b,moderate,2.0,authority
agreement,10,qwen:72b,moderate,5.0,authority
agreement,10,qwen:72b,moderate,2.0,authority
agreement,10,qwen:72b,moderate,3.0,authority
agreement,10,qwen:72b,moderate,2.0,authority
agreement,10,qwen:72b,moderate,3.0,authority
agreement,10,qwen:72b,moderate,2.0,authority
agreement,10,qwen:72b,moderate,5.0,authority
agreement,10,qwen:72b,moderate,2.0,authority
agreement,10,qwen:72b,moderate,2.0,authority
agreement,10,qwen:72b,moderate,2.0,authority
agreement,10,qwen:72b,moderate,2.0,authority
agreement,10,qwen:72b,moderate,2.0,authority
agreement,10,qwen:72b,moderate,3.0,authority
agreement,10,qwen:72b,moderate,3.0,authority
agreement,10,qwen:72b,moderate,2.0,authority
agreement,10,qwen:72b,moderate,5.0,authority
agreement,10,qwen:72b,moderate,5.0,authority
agreement,10,qwen:72b,moderate,1.0,authority
agreement,10,qwen:72b,moderate,2.0,authority
agreement,10,qwen:72b,moderate,5.0,authority
agreement,10,qwen:72b,moderate,1.0,authority
agreement,10,qwen:72b,moderate,2.0,authority
agreement,10,qwen:72b,moderate,2.0,authority
agreement,10,qwen:72b,moderate,2.0,authority
agreement,10,qwen:72b,moderate,2.0,authority
agreement,10,qwen:72b,moderate,4.0,authority
agreement,10,qwen:72b,moderate,5.0,authority
agreement,10,qwen:72b,moderate,3.0,authority
agreement,10,qwen:72b,moderate,4.0,authority
agreement,10,qwen:72b,liberal,2.0,authority
agreement,10,qwen:72b,liberal,2.0,authority
agreement,10,qwen:72b,liberal,2.0,authority
agreement,10,qwen:72b,liberal,2.0,authority
agreement,10,qwen:72b,liberal,2.0,authority
agreement,10,qwen:72b,liberal,2.0,authority
agreement,10,qwen:72b,liberal,2.0,authority
agreement,10,qwen:72b,liberal,2.0,authority
agreement,10,qwen:72b,liberal,2.0,authority
agreement,10,qwen:72b,liberal,2.0,authority
agreement,10,qwen:72b,liberal,2.0,authority
agreement,10,qwen:72b,liberal,2.0,authority
agreement,10,qwen:72b,liberal,2.0,authority
agreement,10,qwen:72b,liberal,2.0,authority
agreement,10,qwen:72b,liberal,2.0,authority
agreement,10,qwen:72b,liberal,2.0,authority
agreement,10,qwen:72b,liberal,2.0,authority
agreement,10,qwen:72b,liberal,2.0,authority
agreement,10,qwen:72b,liberal,2.0,authority
agreement,10,qwen:72b,liberal,5.0,authority
agreement,10,qwen:72b,liberal,2.0,authority
agreement,10,qwen:72b,liberal,2.0,authority
agreement,10,qwen:72b,liberal,2.0,authority
agreement,10,qwen:72b,liberal,2.0,authority
agreement,10,qwen:72b,liberal,2.0,authority
agreement,10,qwen:72b,liberal,2.0,authority
agreement,10,qwen:72b,liberal,2.0,authority
agreement,10,qwen:72b,liberal,2.0,authority
agreement,10,qwen:72b,liberal,2.0,authority
agreement,10,qwen:72b,liberal,2.0,authority
agreement,10,qwen:72b,liberal,2.0,authority
agreement,10,qwen:72b,liberal,2.0,authority
agreement,10,qwen:72b,liberal,2.0,authority
agreement,10,qwen:72b,liberal,1.0,authority
agreement,10,qwen:72b,liberal,1.0,authority
agreement,10,qwen:72b,liberal,2.0,authority
agreement,10,qwen:72b,liberal,2.0,authority
agreement,10,qwen:72b,liberal,2.0,authority
agreement,10,qwen:72b,liberal,1.0,authority
agreement,10,qwen:72b,liberal,2.0,authority
agreement,10,qwen:72b,liberal,1.0,authority
agreement,10,qwen:72b,liberal,2.0,authority
agreement,10,qwen:72b,liberal,2.0,authority
agreement,10,qwen:72b,liberal,2.0,authority
agreement,10,qwen:72b,liberal,2.0,authority
agreement,10,qwen:72b,liberal,1.0,authority
agreement,10,qwen:72b,liberal,2.0,authority
agreement,10,qwen:72b,liberal,2.0,authority
agreement,10,qwen:72b,liberal,2.0,authority
agreement,10,qwen:72b,liberal,1.0,authority
agreement,10,qwen2:72b,conservative,4.0,authority
agreement,10,qwen2:72b,conservative,4.0,authority
agreement,10,qwen2:72b,conservative,5.0,authority
agreement,10,qwen2:72b,conservative,4.0,authority
agreement,10,qwen2:72b,conservative,4.0,authority
agreement,10,qwen2:72b,conservative,4.0,authority
agreement,10,qwen2:72b,conservative,4.0,authority
agreement,10,qwen2:72b,conservative,4.0,authority
agreement,10,qwen2:72b,conservative,5.0,authority
agreement,10,qwen2:72b,conservative,4.0,authority
agreement,10,qwen2:72b,conservative,5.0,authority
agreement,10,qwen2:72b,conservative,4.0,authority
agreement,10,qwen2:72b,conservative,4.0,authority
agreement,10,qwen2:72b,conservative,5.0,authority
agreement,10,qwen2:72b,conservative,4.0,authority
agreement,10,qwen2:72b,conservative,4.0,authority
agreement,10,qwen2:72b,conservative,4.0,authority
agreement,10,qwen2:72b,conservative,5.0,authority
agreement,10,qwen2:72b,conservative,5.0,authority
agreement,10,qwen2:72b,conservative,5.0,authority
agreement,10,qwen2:72b,conservative,5.0,authority
agreement,10,qwen2:72b,conservative,4.0,authority
agreement,10,qwen2:72b,conservative,4.0,authority
agreement,10,qwen2:72b,conservative,5.0,authority
agreement,10,qwen2:72b,conservative,4.0,authority
agreement,10,qwen2:72b,conservative,4.0,authority
agreement,10,qwen2:72b,conservative,4.0,authority
agreement,10,qwen2:72b,conservative,5.0,authority
agreement,10,qwen2:72b,conservative,4.0,authority
agreement,10,qwen2:72b,conservative,4.0,authority
agreement,10,qwen2:72b,conservative,4.0,authority
agreement,10,qwen2:72b,conservative,5.0,authority
agreement,10,qwen2:72b,conservative,5.0,authority
agreement,10,qwen2:72b,conservative,5.0,authority
agreement,10,qwen2:72b,conservative,4.0,authority
agreement,10,qwen2:72b,conservative,4.0,authority
agreement,10,qwen2:72b,conservative,4.0,authority
agreement,10,qwen2:72b,conservative,4.0,authority
agreement,10,qwen2:72b,conservative,4.0,authority
agreement,10,qwen2:72b,conservative,4.0,authority
agreement,10,qwen2:72b,conservative,4.0,authority
agreement,10,qwen2:72b,conservative,4.0,authority
agreement,10,qwen2:72b,conservative,5.0,authority
agreement,10,qwen2:72b,conservative,4.0,authority
agreement,10,qwen2:72b,conservative,5.0,authority
agreement,10,qwen2:72b,conservative,5.0,authority
agreement,10,qwen2:72b,conservative,4.0,authority
agreement,10,qwen2:72b,conservative,4.0,authority
agreement,10,qwen2:72b,conservative,4.0,authority
agreement,10,qwen2:72b,conservative,4.0,authority
agreement,10,qwen2:72b,moderate,2.0,authority
agreement,10,qwen2:72b,moderate,2.0,authority
agreement,10,qwen2:72b,moderate,2.0,authority
agreement,10,qwen2:72b,moderate,2.0,authority
agreement,10,qwen2:72b,moderate,2.0,authority
agreement,10,qwen2:72b,moderate,2.0,authority
agreement,10,qwen2:72b,moderate,2.0,authority
agreement,10,qwen2:72b,moderate,2.0,authority
agreement,10,qwen2:72b,moderate,2.0,authority
agreement,10,qwen2:72b,moderate,2.0,authority
agreement,10,qwen2:72b,moderate,2.0,authority
agreement,10,qwen2:72b,moderate,2.0,authority
agreement,10,qwen2:72b,moderate,2.0,authority
agreement,10,qwen2:72b,moderate,2.0,authority
agreement,10,qwen2:72b,moderate,2.0,authority
agreement,10,qwen2:72b,moderate,2.0,authority
agreement,10,qwen2:72b,moderate,2.0,authority
agreement,10,qwen2:72b,moderate,2.0,authority
agreement,10,qwen2:72b,moderate,2.0,authority
agreement,10,qwen2:72b,moderate,2.0,authority
agreement,10,qwen2:72b,moderate,2.0,authority
agreement,10,qwen2:72b,moderate,2.0,authority
agreement,10,qwen2:72b,moderate,2.0,authority
agreement,10,qwen2:72b,moderate,2.0,authority
agreement,10,qwen2:72b,moderate,2.0,authority
agreement,10,qwen2:72b,moderate,2.0,authority
agreement,10,qwen2:72b,moderate,2.0,authority
agreement,10,qwen2:72b,moderate,2.0,authority
agreement,10,qwen2:72b,moderate,2.0,authority
agreement,10,qwen2:72b,moderate,2.0,authority
agreement,10,qwen2:72b,moderate,2.0,authority
agreement,10,qwen2:72b,moderate,2.0,authority
agreement,10,qwen2:72b,moderate,2.0,authority
agreement,10,qwen2:72b,moderate,2.0,authority
agreement,10,qwen2:72b,moderate,2.0,authority
agreement,10,qwen2:72b,moderate,2.0,authority
agreement,10,qwen2:72b,moderate,2.0,authority
agreement,10,qwen2:72b,moderate,2.0,authority
agreement,10,qwen2:72b,moderate,2.0,authority
agreement,10,qwen2:72b,moderate,2.0,authority
agreement,10,qwen2:72b,moderate,2.0,authority
agreement,10,qwen2:72b,moderate,2.0,authority
agreement,10,qwen2:72b,moderate,2.0,authority
agreement,10,qwen2:72b,moderate,2.0,authority
agreement,10,qwen2:72b,moderate,2.0,authority
agreement,10,qwen2:72b,moderate,2.0,authority
agreement,10,qwen2:72b,moderate,2.0,authority
agreement,10,qwen2:72b,moderate,2.0,authority
agreement,10,qwen2:72b,moderate,2.0,authority
agreement,10,qwen2:72b,moderate,2.0,authority
agreement,10,qwen2:72b,liberal,1.0,authority
agreement,10,qwen2:72b,liberal,1.0,authority
agreement,10,qwen2:72b,liberal,1.0,authority
agreement,10,qwen2:72b,liberal,2.0,authority
agreement,10,qwen2:72b,liberal,2.0,authority
agreement,10,qwen2:72b,liberal,1.0,authority
agreement,10,qwen2:72b,liberal,2.0,authority
agreement,10,qwen2:72b,liberal,1.0,authority
agreement,10,qwen2:72b,liberal,2.0,authority
agreement,10,qwen2:72b,liberal,2.0,authority
agreement,10,qwen2:72b,liberal,2.0,authority
agreement,10,qwen2:72b,liberal,2.0,authority
agreement,10,qwen2:72b,liberal,1.0,authority
agreement,10,qwen2:72b,liberal,2.0,authority
agreement,10,qwen2:72b,liberal,2.0,authority
agreement,10,qwen2:72b,liberal,2.0,authority
agreement,10,qwen2:72b,liberal,2.0,authority
agreement,10,qwen2:72b,liberal,2.0,authority
agreement,10,qwen2:72b,liberal,2.0,authority
agreement,10,qwen2:72b,liberal,1.0,authority
agreement,10,qwen2:72b,liberal,1.0,authority
agreement,10,qwen2:72b,liberal,1.0,authority
agreement,10,qwen2:72b,liberal,1.0,authority
agreement,10,qwen2:72b,liberal,2.0,authority
agreement,10,qwen2:72b,liberal,2.0,authority
agreement,10,qwen2:72b,liberal,2.0,authority
agreement,10,qwen2:72b,liberal,1.0,authority
agreement,10,qwen2:72b,liberal,1.0,authority
agreement,10,qwen2:72b,liberal,2.0,authority
agreement,10,qwen2:72b,liberal,2.0,authority
agreement,10,qwen2:72b,liberal,2.0,authority
agreement,10,qwen2:72b,liberal,2.0,authority
agreement,10,qwen2:72b,liberal,1.0,authority
agreement,10,qwen2:72b,liberal,1.0,authority
agreement,10,qwen2:72b,liberal,1.0,authority
agreement,10,qwen2:72b,liberal,2.0,authority
agreement,10,qwen2:72b,liberal,2.0,authority
agreement,10,qwen2:72b,liberal,2.0,authority
agreement,10,qwen2:72b,liberal,2.0,authority
agreement,10,qwen2:72b,liberal,1.0,authority
agreement,10,qwen2:72b,liberal,2.0,authority
agreement,10,qwen2:72b,liberal,2.0,authority
agreement,10,qwen2:72b,liberal,2.0,authority
agreement,10,qwen2:72b,liberal,1.0,authority
agreement,10,qwen2:72b,liberal,1.0,authority
agreement,10,qwen2:72b,liberal,1.0,authority
agreement,10,qwen2:72b,liberal,1.0,authority
agreement,10,qwen2:72b,liberal,2.0,authority
agreement,10,qwen2:72b,liberal,1.0,authority
agreement,10,qwen2:72b,liberal,2.0,authority
agreement,11,llama3.1:8b,conservative,5.0,purity
agreement,11,llama3.1:8b,conservative,0.0,purity
agreement,11,llama3.1:8b,conservative,5.0,purity
agreement,11,llama3.1:8b,conservative,1.0,purity
agreement,11,llama3.1:8b,conservative,5.0,purity
agreement,11,llama3.1:8b,conservative,5.0,purity
agreement,11,llama3.1:8b,conservative,4.0,purity
agreement,11,llama3.1:8b,conservative,1.0,purity
agreement,11,llama3.1:8b,conservative,5.0,purity
agreement,11,llama3.1:8b,conservative,0.0,purity
agreement,11,llama3.1:8b,conservative,1.0,purity
agreement,11,llama3.1:8b,conservative,4.0,purity
agreement,11,llama3.1:8b,conservative,4.0,purity
agreement,11,llama3.1:8b,conservative,1.0,purity
agreement,11,llama3.1:8b,conservative,5.0,purity
agreement,11,llama3.1:8b,conservative,2.0,purity
agreement,11,llama3.1:8b,conservative,2.0,purity
agreement,11,llama3.1:8b,conservative,5.0,purity
agreement,11,llama3.1:8b,conservative,4.0,purity
agreement,11,llama3.1:8b,conservative,0.0,purity
agreement,11,llama3.1:8b,conservative,2.0,purity
agreement,11,llama3.1:8b,conservative,5.0,purity
agreement,11,llama3.1:8b,conservative,5.0,purity
agreement,11,llama3.1:8b,conservative,5.0,purity
agreement,11,llama3.1:8b,conservative,5.0,purity
agreement,11,llama3.1:8b,conservative,1.0,purity
agreement,11,llama3.1:8b,conservative,2.0,purity
agreement,11,llama3.1:8b,conservative,5.0,purity
agreement,11,llama3.1:8b,conservative,4.0,purity
agreement,11,llama3.1:8b,conservative,0.0,purity
agreement,11,llama3.1:8b,conservative,0.0,purity
agreement,11,llama3.1:8b,conservative,2.0,purity
agreement,11,llama3.1:8b,conservative,0.0,purity
agreement,11,llama3.1:8b,conservative,2.0,purity
agreement,11,llama3.1:8b,conservative,2.0,purity
agreement,11,llama3.1:8b,conservative,5.0,purity
agreement,11,llama3.1:8b,conservative,5.0,purity
agreement,11,llama3.1:8b,conservative,0.0,purity
agreement,11,llama3.1:8b,conservative,5.0,purity
agreement,11,llama3.1:8b,conservative,4.0,purity
agreement,11,llama3.1:8b,conservative,4.0,purity
agreement,11,llama3.1:8b,conservative,4.0,purity
agreement,11,llama3.1:8b,conservative,5.0,purity
agreement,11,llama3.1:8b,conservative,2.0,purity
agreement,11,llama3.1:8b,conservative,5.0,purity
agreement,11,llama3.1:8b,conservative,4.0,purity
agreement,11,llama3.1:8b,conservative,5.0,purity
agreement,11,llama3.1:8b,conservative,2.0,purity
agreement,11,llama3.1:8b,conservative,4.0,purity
agreement,11,llama3.1:8b,conservative,4.0,purity
agreement,11,llama3.1:8b,moderate,5.0,purity
agreement,11,llama3.1:8b,moderate,2.0,purity
agreement,11,llama3.1:8b,moderate,1.0,purity
agreement,11,llama3.1:8b,moderate,4.0,purity
agreement,11,llama3.1:8b,moderate,4.0,purity
agreement,11,llama3.1:8b,moderate,5.0,purity
agreement,11,llama3.1:8b,moderate,1.0,purity
agreement,11,llama3.1:8b,moderate,1.0,purity
agreement,11,llama3.1:8b,moderate,2.0,purity
agreement,11,llama3.1:8b,moderate,1.0,purity
agreement,11,llama3.1:8b,moderate,1.0,purity
agreement,11,llama3.1:8b,moderate,4.0,purity
agreement,11,llama3.1:8b,moderate,5.0,purity
agreement,11,llama3.1:8b,moderate,2.0,purity
agreement,11,llama3.1:8b,moderate,1.0,purity
agreement,11,llama3.1:8b,moderate,3.0,purity
agreement,11,llama3.1:8b,moderate,3.0,purity
agreement,11,llama3.1:8b,moderate,5.0,purity
agreement,11,llama3.1:8b,moderate,4.0,purity
agreement,11,llama3.1:8b,moderate,5.0,purity
agreement,11,llama3.1:8b,moderate,4.0,purity
agreement,11,llama3.1:8b,moderate,1.0,purity
agreement,11,llama3.1:8b,moderate,2.0,purity
agreement,11,llama3.1:8b,moderate,2.0,purity
agreement,11,llama3.1:8b,moderate,2.0,purity
agreement,11,llama3.1:8b,moderate,5.0,purity
agreement,11,llama3.1:8b,moderate,4.0,purity
agreement,11,llama3.1:8b,moderate,2.0,purity
agreement,11,llama3.1:8b,moderate,2.0,purity
agreement,11,llama3.1:8b,moderate,4.0,purity
agreement,11,llama3.1:8b,moderate,5.0,purity
agreement,11,llama3.1:8b,moderate,2.0,purity
agreement,11,llama3.1:8b,moderate,2.0,purity
agreement,11,llama3.1:8b,moderate,4.0,purity
agreement,11,llama3.1:8b,moderate,1.0,purity
agreement,11,llama3.1:8b,moderate,4.0,purity
agreement,11,llama3.1:8b,moderate,4.0,purity
agreement,11,llama3.1:8b,moderate,2.0,purity
agreement,11,llama3.1:8b,moderate,3.0,purity
agreement,11,llama3.1:8b,moderate,4.0,purity
agreement,11,llama3.1:8b,moderate,3.0,purity
agreement,11,llama3.1:8b,moderate,2.0,purity
agreement,11,llama3.1:8b,moderate,2.0,purity
agreement,11,llama3.1:8b,moderate,4.0,purity
agreement,11,llama3.1:8b,moderate,2.0,purity
agreement,11,llama3.1:8b,moderate,2.0,purity
agreement,11,llama3.1:8b,moderate,2.0,purity
agreement,11,llama3.1:8b,moderate,1.0,purity
agreement,11,llama3.1:8b,moderate,5.0,purity
agreement,11,llama3.1:8b,moderate,5.0,purity
agreement,11,llama3.1:8b,liberal,1.0,purity
agreement,11,llama3.1:8b,liberal,0.0,purity
agreement,11,llama3.1:8b,liberal,0.0,purity
agreement,11,llama3.1:8b,liberal,1.0,purity
agreement,11,llama3.1:8b,liberal,0.0,purity
agreement,11,llama3.1:8b,liberal,0.0,purity
agreement,11,llama3.1:8b,liberal,0.0,purity
agreement,11,llama3.1:8b,liberal,0.0,purity
agreement,11,llama3.1:8b,liberal,0.0,purity
agreement,11,llama3.1:8b,liberal,4.0,purity
agreement,11,llama3.1:8b,liberal,0.0,purity
agreement,11,llama3.1:8b,liberal,0.0,purity
agreement,11,llama3.1:8b,liberal,2.0,purity
agreement,11,llama3.1:8b,liberal,0.0,purity
agreement,11,llama3.1:8b,liberal,5.0,purity
agreement,11,llama3.1:8b,liberal,1.0,purity
agreement,11,llama3.1:8b,liberal,2.0,purity
agreement,11,llama3.1:8b,liberal,0.0,purity
agreement,11,llama3.1:8b,liberal,0.0,purity
agreement,11,llama3.1:8b,liberal,4.0,purity
agreement,11,llama3.1:8b,liberal,0.0,purity
agreement,11,llama3.1:8b,liberal,0.0,purity
agreement,11,llama3.1:8b,liberal,0.0,purity
agreement,11,llama3.1:8b,liberal,0.0,purity
agreement,11,llama3.1:8b,liberal,0.0,purity
agreement,11,llama3.1:8b,liberal,0.0,purity
agreement,11,llama3.1:8b,liberal,0.0,purity
agreement,11,llama3.1:8b,liberal,0.0,purity
agreement,11,llama3.1:8b,liberal,5.0,purity
agreement,11,llama3.1:8b,liberal,1.0,purity
agreement,11,llama3.1:8b,liberal,5.0,purity
agreement,11,llama3.1:8b,liberal,0.0,purity
agreement,11,llama3.1:8b,liberal,2.0,purity
agreement,11,llama3.1:8b,liberal,1.0,purity
agreement,11,llama3.1:8b,liberal,1.0,purity
agreement,11,llama3.1:8b,liberal,0.0,purity
agreement,11,llama3.1:8b,liberal,5.0,purity
agreement,11,llama3.1:8b,liberal,0.0,purity
agreement,11,llama3.1:8b,liberal,0.0,purity
agreement,11,llama3.1:8b,liberal,0.0,purity
agreement,11,llama3.1:8b,liberal,0.0,purity
agreement,11,llama3.1:8b,liberal,0.0,purity
agreement,11,llama3.1:8b,liberal,0.0,purity
agreement,11,llama3.1:8b,liberal,0.0,purity
agreement,11,llama3.1:8b,liberal,0.0,purity
agreement,11,llama3.1:8b,liberal,0.0,purity
agreement,11,llama3.1:8b,liberal,1.0,purity
agreement,11,llama3.1:8b,liberal,5.0,purity
agreement,11,llama3.1:8b,liberal,1.0,purity
agreement,11,llama3.1:8b,liberal,0.0,purity
agreement,11,llama2:70b,conservative,1.0,purity
agreement,11,llama2:70b,conservative,1.0,purity
agreement,11,llama2:70b,conservative,1.0,purity
agreement,11,llama2:70b,conservative,4.0,purity
agreement,11,llama2:70b,conservative,1.0,purity
agreement,11,llama2:70b,conservative,4.0,purity
agreement,11,llama2:70b,conservative,1.0,purity
agreement,11,llama2:70b,conservative,1.0,purity
agreement,11,llama2:70b,conservative,4.0,purity
agreement,11,llama2:70b,conservative,1.0,purity
agreement,11,llama2:70b,conservative,1.0,purity
agreement,11,llama2:70b,conservative,1.0,purity
agreement,11,llama2:70b,conservative,1.0,purity
agreement,11,llama2:70b,conservative,1.0,purity
agreement,11,llama2:70b,conservative,1.0,purity
agreement,11,llama2:70b,conservative,1.0,purity
agreement,11,llama2:70b,conservative,1.0,purity
agreement,11,llama2:70b,conservative,4.0,purity
agreement,11,llama2:70b,conservative,4.0,purity
agreement,11,llama2:70b,conservative,1.0,purity
agreement,11,llama2:70b,conservative,4.0,purity
agreement,11,llama2:70b,conservative,1.0,purity
agreement,11,llama2:70b,conservative,1.0,purity
agreement,11,llama2:70b,conservative,1.0,purity
agreement,11,llama2:70b,conservative,1.0,purity
agreement,11,llama2:70b,conservative,4.0,purity
agreement,11,llama2:70b,conservative,1.0,purity
agreement,11,llama2:70b,conservative,1.0,purity
agreement,11,llama2:70b,conservative,1.0,purity
agreement,11,llama2:70b,conservative,4.0,purity
agreement,11,llama2:70b,conservative,1.0,purity
agreement,11,llama2:70b,conservative,4.0,purity
agreement,11,llama2:70b,conservative,1.0,purity
agreement,11,llama2:70b,conservative,1.0,purity
agreement,11,llama2:70b,conservative,1.0,purity
agreement,11,llama2:70b,conservative,4.0,purity
agreement,11,llama2:70b,conservative,1.0,purity
agreement,11,llama2:70b,conservative,1.0,purity
agreement,11,llama2:70b,conservative,1.0,purity
agreement,11,llama2:70b,conservative,1.0,purity
agreement,11,llama2:70b,conservative,1.0,purity
agreement,11,llama2:70b,conservative,1.0,purity
agreement,11,llama2:70b,conservative,1.0,purity
agreement,11,llama2:70b,conservative,1.0,purity
agreement,11,llama2:70b,conservative,1.0,purity
agreement,11,llama2:70b,conservative,4.0,purity
agreement,11,llama2:70b,conservative,1.0,purity
agreement,11,llama2:70b,conservative,1.0,purity
agreement,11,llama2:70b,conservative,1.0,purity
agreement,11,llama2:70b,conservative,4.0,purity
agreement,11,llama2:70b,moderate,2.0,purity
agreement,11,llama2:70b,moderate,1.0,purity
agreement,11,llama2:70b,moderate,4.0,purity
agreement,11,llama2:70b,moderate,4.0,purity
agreement,11,llama2:70b,moderate,4.0,purity
agreement,11,llama2:70b,moderate,4.0,purity
agreement,11,llama2:70b,moderate,2.0,purity
agreement,11,llama2:70b,moderate,2.0,purity
agreement,11,llama2:70b,moderate,1.0,purity
agreement,11,llama2:70b,moderate,1.0,purity
agreement,11,llama2:70b,moderate,1.0,purity
agreement,11,llama2:70b,moderate,2.0,purity
agreement,11,llama2:70b,moderate,1.0,purity
agreement,11,llama2:70b,moderate,1.0,purity
agreement,11,llama2:70b,moderate,1.0,purity
agreement,11,llama2:70b,moderate,1.0,purity
agreement,11,llama2:70b,moderate,4.0,purity
agreement,11,llama2:70b,moderate,1.0,purity
agreement,11,llama2:70b,moderate,4.0,purity
agreement,11,llama2:70b,moderate,1.0,purity
agreement,11,llama2:70b,moderate,1.0,purity
agreement,11,llama2:70b,moderate,4.0,purity
agreement,11,llama2:70b,moderate,1.0,purity
agreement,11,llama2:70b,moderate,4.0,purity
agreement,11,llama2:70b,moderate,2.0,purity
agreement,11,llama2:70b,moderate,4.0,purity
agreement,11,llama2:70b,moderate,1.0,purity
agreement,11,llama2:70b,moderate,4.0,purity
agreement,11,llama2:70b,moderate,2.0,purity
agreement,11,llama2:70b,moderate,4.0,purity
agreement,11,llama2:70b,moderate,4.0,purity
agreement,11,llama2:70b,moderate,1.0,purity
agreement,11,llama2:70b,moderate,2.0,purity
agreement,11,llama2:70b,moderate,1.0,purity
agreement,11,llama2:70b,moderate,1.0,purity
agreement,11,llama2:70b,moderate,1.0,purity
agreement,11,llama2:70b,moderate,1.0,purity
agreement,11,llama2:70b,moderate,4.0,purity
agreement,11,llama2:70b,moderate,1.0,purity
agreement,11,llama2:70b,moderate,1.0,purity
agreement,11,llama2:70b,moderate,4.0,purity
agreement,11,llama2:70b,moderate,4.0,purity
agreement,11,llama2:70b,moderate,4.0,purity
agreement,11,llama2:70b,moderate,1.0,purity
agreement,11,llama2:70b,moderate,4.0,purity
agreement,11,llama2:70b,moderate,4.0,purity
agreement,11,llama2:70b,moderate,4.0,purity
agreement,11,llama2:70b,moderate,1.0,purity
agreement,11,llama2:70b,moderate,4.0,purity
agreement,11,llama2:70b,moderate,4.0,purity
agreement,11,llama2:70b,liberal,1.0,purity
agreement,11,llama2:70b,liberal,1.0,purity
agreement,11,llama2:70b,liberal,1.0,purity
agreement,11,llama2:70b,liberal,1.0,purity
agreement,11,llama2:70b,liberal,1.0,purity
agreement,11,llama2:70b,liberal,1.0,purity
agreement,11,llama2:70b,liberal,1.0,purity
agreement,11,llama2:70b,liberal,1.0,purity
agreement,11,llama2:70b,liberal,1.0,purity
agreement,11,llama2:70b,liberal,1.0,purity
agreement,11,llama2:70b,liberal,1.0,purity
agreement,11,llama2:70b,liberal,1.0,purity
agreement,11,llama2:70b,liberal,1.0,purity
agreement,11,llama2:70b,liberal,1.0,purity
agreement,11,llama2:70b,liberal,1.0,purity
agreement,11,llama2:70b,liberal,1.0,purity
agreement,11,llama2:70b,liberal,1.0,purity
agreement,11,llama2:70b,liberal,1.0,purity
agreement,11,llama2:70b,liberal,1.0,purity
agreement,11,llama2:70b,liberal,1.0,purity
agreement,11,llama2:70b,liberal,1.0,purity
agreement,11,llama2:70b,liberal,1.0,purity
agreement,11,llama2:70b,liberal,1.0,purity
agreement,11,llama2:70b,liberal,1.0,purity
agreement,11,llama2:70b,liberal,1.0,purity
agreement,11,llama2:70b,liberal,1.0,purity
agreement,11,llama2:70b,liberal,1.0,purity
agreement,11,llama2:70b,liberal,1.0,purity
agreement,11,llama2:70b,liberal,1.0,purity
agreement,11,llama2:70b,liberal,1.0,purity
agreement,11,llama2:70b,liberal,1.0,purity
agreement,11,llama2:70b,liberal,1.0,purity
agreement,11,llama2:70b,liberal,1.0,purity
agreement,11,llama2:70b,liberal,1.0,purity
agreement,11,llama2:70b,liberal,1.0,purity
agreement,11,llama2:70b,liberal,1.0,purity
agreement,11,llama2:70b,liberal,1.0,purity
agreement,11,llama2:70b,liberal,1.0,purity
agreement,11,llama2:70b,liberal,1.0,purity
agreement,11,llama2:70b,liberal,1.0,purity
agreement,11,llama2:70b,liberal,1.0,purity
agreement,11,llama2:70b,liberal,1.0,purity
agreement,11,llama2:70b,liberal,1.0,purity
agreement,11,llama2:70b,liberal,1.0,purity
agreement,11,llama2:70b,liberal,1.0,purity
agreement,11,llama2:70b,liberal,1.0,purity
agreement,11,llama2:70b,liberal,1.0,purity
agreement,11,llama2:70b,liberal,1.0,purity
agreement,11,llama2:70b,liberal,1.0,purity
agreement,11,llama2:70b,liberal,1.0,purity
agreement,11,llama3:70b,conservative,5.0,purity
agreement,11,llama3:70b,conservative,5.0,purity
agreement,11,llama3:70b,conservative,5.0,purity
agreement,11,llama3:70b,conservative,5.0,purity
agreement,11,llama3:70b,conservative,5.0,purity
agreement,11,llama3:70b,conservative,5.0,purity
agreement,11,llama3:70b,conservative,5.0,purity
agreement,11,llama3:70b,conservative,5.0,purity
agreement,11,llama3:70b,conservative,5.0,purity
agreement,11,llama3:70b,conservative,5.0,purity
agreement,11,llama3:70b,conservative,5.0,purity
agreement,11,llama3:70b,conservative,5.0,purity
agreement,11,llama3:70b,conservative,5.0,purity
agreement,11,llama3:70b,conservative,5.0,purity
agreement,11,llama3:70b,conservative,5.0,purity
agreement,11,llama3:70b,conservative,5.0,purity
agreement,11,llama3:70b,conservative,5.0,purity
agreement,11,llama3:70b,conservative,5.0,purity
agreement,11,llama3:70b,conservative,5.0,purity
agreement,11,llama3:70b,conservative,5.0,purity
agreement,11,llama3:70b,conservative,5.0,purity
agreement,11,llama3:70b,conservative,5.0,purity
agreement,11,llama3:70b,conservative,5.0,purity
agreement,11,llama3:70b,conservative,5.0,purity
agreement,11,llama3:70b,conservative,5.0,purity
agreement,11,llama3:70b,conservative,5.0,purity
agreement,11,llama3:70b,conservative,5.0,purity
agreement,11,llama3:70b,conservative,5.0,purity
agreement,11,llama3:70b,conservative,5.0,purity
agreement,11,llama3:70b,conservative,5.0,purity
agreement,11,llama3:70b,conservative,5.0,purity
agreement,11,llama3:70b,conservative,5.0,purity
agreement,11,llama3:70b,conservative,5.0,purity
agreement,11,llama3:70b,conservative,5.0,purity
agreement,11,llama3:70b,conservative,5.0,purity
agreement,11,llama3:70b,conservative,5.0,purity
agreement,11,llama3:70b,conservative,5.0,purity
agreement,11,llama3:70b,conservative,5.0,purity
agreement,11,llama3:70b,conservative,5.0,purity
agreement,11,llama3:70b,conservative,5.0,purity
agreement,11,llama3:70b,conservative,5.0,purity
agreement,11,llama3:70b,conservative,5.0,purity
agreement,11,llama3:70b,conservative,5.0,purity
agreement,11,llama3:70b,conservative,5.0,purity
agreement,11,llama3:70b,conservative,5.0,purity
agreement,11,llama3:70b,conservative,5.0,purity
agreement,11,llama3:70b,conservative,5.0,purity
agreement,11,llama3:70b,conservative,5.0,purity
agreement,11,llama3:70b,conservative,5.0,purity
agreement,11,llama3:70b,conservative,5.0,purity
agreement,11,llama3:70b,moderate,0.0,purity
agreement,11,llama3:70b,moderate,0.0,purity
agreement,11,llama3:70b,moderate,0.0,purity
agreement,11,llama3:70b,moderate,0.0,purity
agreement,11,llama3:70b,moderate,2.0,purity
agreement,11,llama3:70b,moderate,0.0,purity
agreement,11,llama3:70b,moderate,2.0,purity
agreement,11,llama3:70b,moderate,2.0,purity
agreement,11,llama3:70b,moderate,2.0,purity
agreement,11,llama3:70b,moderate,0.0,purity
agreement,11,llama3:70b,moderate,2.0,purity
agreement,11,llama3:70b,moderate,2.0,purity
agreement,11,llama3:70b,moderate,0.0,purity
agreement,11,llama3:70b,moderate,0.0,purity
agreement,11,llama3:70b,moderate,0.0,purity
agreement,11,llama3:70b,moderate,0.0,purity
agreement,11,llama3:70b,moderate,0.0,purity
agreement,11,llama3:70b,moderate,0.0,purity
agreement,11,llama3:70b,moderate,2.0,purity
agreement,11,llama3:70b,moderate,0.0,purity
agreement,11,llama3:70b,moderate,2.0,purity
agreement,11,llama3:70b,moderate,2.0,purity
agreement,11,llama3:70b,moderate,0.0,purity
agreement,11,llama3:70b,moderate,2.0,purity
agreement,11,llama3:70b,moderate,2.0,purity
agreement,11,llama3:70b,moderate,0.0,purity
agreement,11,llama3:70b,moderate,0.0,purity
agreement,11,llama3:70b,moderate,2.0,purity
agreement,11,llama3:70b,moderate,2.0,purity
agreement,11,llama3:70b,moderate,2.0,purity
agreement,11,llama3:70b,moderate,0.0,purity
agreement,11,llama3:70b,moderate,2.0,purity
agreement,11,llama3:70b,moderate,0.0,purity
agreement,11,llama3:70b,moderate,0.0,purity
agreement,11,llama3:70b,moderate,0.0,purity
agreement,11,llama3:70b,moderate,0.0,purity
agreement,11,llama3:70b,moderate,2.0,purity
agreement,11,llama3:70b,moderate,0.0,purity
agreement,11,llama3:70b,moderate,0.0,purity
agreement,11,llama3:70b,moderate,2.0,purity
agreement,11,llama3:70b,moderate,2.0,purity
agreement,11,llama3:70b,moderate,2.0,purity
agreement,11,llama3:70b,moderate,0.0,purity
agreement,11,llama3:70b,moderate,0.0,purity
agreement,11,llama3:70b,moderate,0.0,purity
agreement,11,llama3:70b,moderate,2.0,purity
agreement,11,llama3:70b,moderate,0.0,purity
agreement,11,llama3:70b,moderate,0.0,purity
agreement,11,llama3:70b,moderate,2.0,purity
agreement,11,llama3:70b,moderate,0.0,purity
agreement,11,llama3:70b,liberal,0.0,purity
agreement,11,llama3:70b,liberal,0.0,purity
agreement,11,llama3:70b,liberal,0.0,purity
agreement,11,llama3:70b,liberal,0.0,purity
agreement,11,llama3:70b,liberal,0.0,purity
agreement,11,llama3:70b,liberal,0.0,purity
agreement,11,llama3:70b,liberal,0.0,purity
agreement,11,llama3:70b,liberal,0.0,purity
agreement,11,llama3:70b,liberal,0.0,purity
agreement,11,llama3:70b,liberal,0.0,purity
agreement,11,llama3:70b,liberal,0.0,purity
agreement,11,llama3:70b,liberal,0.0,purity
agreement,11,llama3:70b,liberal,0.0,purity
agreement,11,llama3:70b,liberal,0.0,purity
agreement,11,llama3:70b,liberal,0.0,purity
agreement,11,llama3:70b,liberal,0.0,purity
agreement,11,llama3:70b,liberal,0.0,purity
agreement,11,llama3:70b,liberal,0.0,purity
agreement,11,llama3:70b,liberal,0.0,purity
agreement,11,llama3:70b,liberal,0.0,purity
agreement,11,llama3:70b,liberal,0.0,purity
agreement,11,llama3:70b,liberal,0.0,purity
agreement,11,llama3:70b,liberal,0.0,purity
agreement,11,llama3:70b,liberal,0.0,purity
agreement,11,llama3:70b,liberal,0.0,purity
agreement,11,llama3:70b,liberal,0.0,purity
agreement,11,llama3:70b,liberal,0.0,purity
agreement,11,llama3:70b,liberal,0.0,purity
agreement,11,llama3:70b,liberal,0.0,purity
agreement,11,llama3:70b,liberal,0.0,purity
agreement,11,llama3:70b,liberal,0.0,purity
agreement,11,llama3:70b,liberal,0.0,purity
agreement,11,llama3:70b,liberal,0.0,purity
agreement,11,llama3:70b,liberal,0.0,purity
agreement,11,llama3:70b,liberal,0.0,purity
agreement,11,llama3:70b,liberal,0.0,purity
agreement,11,llama3:70b,liberal,0.0,purity
agreement,11,llama3:70b,liberal,0.0,purity
agreement,11,llama3:70b,liberal,0.0,purity
agreement,11,llama3:70b,liberal,0.0,purity
agreement,11,llama3:70b,liberal,0.0,purity
agreement,11,llama3:70b,liberal,0.0,purity
agreement,11,llama3:70b,liberal,0.0,purity
agreement,11,llama3:70b,liberal,0.0,purity
agreement,11,llama3:70b,liberal,0.0,purity
agreement,11,llama3:70b,liberal,0.0,purity
agreement,11,llama3:70b,liberal,0.0,purity
agreement,11,llama3:70b,liberal,0.0,purity
agreement,11,llama3:70b,liberal,0.0,purity
agreement,11,llama3:70b,liberal,0.0,purity
agreement,11,llama3.1:70b,conservative,5.0,purity
agreement,11,llama3.1:70b,conservative,5.0,purity
agreement,11,llama3.1:70b,conservative,5.0,purity
agreement,11,llama3.1:70b,conservative,5.0,purity
agreement,11,llama3.1:70b,conservative,5.0,purity
agreement,11,llama3.1:70b,conservative,5.0,purity
agreement,11,llama3.1:70b,conservative,5.0,purity
agreement,11,llama3.1:70b,conservative,5.0,purity
agreement,11,llama3.1:70b,conservative,5.0,purity
agreement,11,llama3.1:70b,conservative,5.0,purity
agreement,11,llama3.1:70b,conservative,5.0,purity
agreement,11,llama3.1:70b,conservative,5.0,purity
agreement,11,llama3.1:70b,conservative,5.0,purity
agreement,11,llama3.1:70b,conservative,5.0,purity
agreement,11,llama3.1:70b,conservative,5.0,purity
agreement,11,llama3.1:70b,conservative,5.0,purity
agreement,11,llama3.1:70b,conservative,5.0,purity
agreement,11,llama3.1:70b,conservative,5.0,purity
agreement,11,llama3.1:70b,conservative,5.0,purity
agreement,11,llama3.1:70b,conservative,5.0,purity
agreement,11,llama3.1:70b,conservative,5.0,purity
agreement,11,llama3.1:70b,conservative,5.0,purity
agreement,11,llama3.1:70b,conservative,5.0,purity
agreement,11,llama3.1:70b,conservative,5.0,purity
agreement,11,llama3.1:70b,conservative,5.0,purity
agreement,11,llama3.1:70b,conservative,5.0,purity
agreement,11,llama3.1:70b,conservative,5.0,purity
agreement,11,llama3.1:70b,conservative,5.0,purity
agreement,11,llama3.1:70b,conservative,5.0,purity
agreement,11,llama3.1:70b,conservative,5.0,purity
agreement,11,llama3.1:70b,conservative,5.0,purity
agreement,11,llama3.1:70b,conservative,5.0,purity
agreement,11,llama3.1:70b,conservative,5.0,purity
agreement,11,llama3.1:70b,conservative,5.0,purity
agreement,11,llama3.1:70b,conservative,5.0,purity
agreement,11,llama3.1:70b,conservative,5.0,purity
agreement,11,llama3.1:70b,conservative,5.0,purity
agreement,11,llama3.1:70b,conservative,5.0,purity
agreement,11,llama3.1:70b,conservative,5.0,purity
agreement,11,llama3.1:70b,conservative,5.0,purity
agreement,11,llama3.1:70b,conservative,5.0,purity
agreement,11,llama3.1:70b,conservative,5.0,purity
agreement,11,llama3.1:70b,conservative,5.0,purity
agreement,11,llama3.1:70b,conservative,5.0,purity
agreement,11,llama3.1:70b,conservative,5.0,purity
agreement,11,llama3.1:70b,conservative,5.0,purity
agreement,11,llama3.1:70b,conservative,5.0,purity
agreement,11,llama3.1:70b,conservative,5.0,purity
agreement,11,llama3.1:70b,conservative,5.0,purity
agreement,11,llama3.1:70b,conservative,5.0,purity
agreement,11,llama3.1:70b,moderate,0.0,purity
agreement,11,llama3.1:70b,moderate,0.0,purity
agreement,11,llama3.1:70b,moderate,0.0,purity
agreement,11,llama3.1:70b,moderate,2.0,purity
agreement,11,llama3.1:70b,moderate,2.0,purity
agreement,11,llama3.1:70b,moderate,0.0,purity
agreement,11,llama3.1:70b,moderate,2.0,purity
agreement,11,llama3.1:70b,moderate,2.0,purity
agreement,11,llama3.1:70b,moderate,2.0,purity
agreement,11,llama3.1:70b,moderate,2.0,purity
agreement,11,llama3.1:70b,moderate,2.0,purity
agreement,11,llama3.1:70b,moderate,2.0,purity
agreement,11,llama3.1:70b,moderate,0.0,purity
agreement,11,llama3.1:70b,moderate,2.0,purity
agreement,11,llama3.1:70b,moderate,2.0,purity
agreement,11,llama3.1:70b,moderate,2.0,purity
agreement,11,llama3.1:70b,moderate,2.0,purity
agreement,11,llama3.1:70b,moderate,2.0,purity
agreement,11,llama3.1:70b,moderate,0.0,purity
agreement,11,llama3.1:70b,moderate,2.0,purity
agreement,11,llama3.1:70b,moderate,0.0,purity
agreement,11,llama3.1:70b,moderate,0.0,purity
agreement,11,llama3.1:70b,moderate,2.0,purity
agreement,11,llama3.1:70b,moderate,0.0,purity
agreement,11,llama3.1:70b,moderate,1.0,purity
agreement,11,llama3.1:70b,moderate,2.0,purity
agreement,11,llama3.1:70b,moderate,2.0,purity
agreement,11,llama3.1:70b,moderate,2.0,purity
agreement,11,llama3.1:70b,moderate,0.0,purity
agreement,11,llama3.1:70b,moderate,2.0,purity
agreement,11,llama3.1:70b,moderate,0.0,purity
agreement,11,llama3.1:70b,moderate,2.0,purity
agreement,11,llama3.1:70b,moderate,2.0,purity
agreement,11,llama3.1:70b,moderate,2.0,purity
agreement,11,llama3.1:70b,moderate,1.0,purity
agreement,11,llama3.1:70b,moderate,0.0,purity
agreement,11,llama3.1:70b,moderate,0.0,purity
agreement,11,llama3.1:70b,moderate,2.0,purity
agreement,11,llama3.1:70b,moderate,2.0,purity
agreement,11,llama3.1:70b,moderate,2.0,purity
agreement,11,llama3.1:70b,moderate,2.0,purity
agreement,11,llama3.1:70b,moderate,0.0,purity
agreement,11,llama3.1:70b,moderate,2.0,purity
agreement,11,llama3.1:70b,moderate,2.0,purity
agreement,11,llama3.1:70b,moderate,2.0,purity
agreement,11,llama3.1:70b,moderate,2.0,purity
agreement,11,llama3.1:70b,moderate,2.0,purity
agreement,11,llama3.1:70b,moderate,2.0,purity
agreement,11,llama3.1:70b,moderate,2.0,purity
agreement,11,llama3.1:70b,moderate,2.0,purity
agreement,11,llama3.1:70b,liberal,0.0,purity
agreement,11,llama3.1:70b,liberal,0.0,purity
agreement,11,llama3.1:70b,liberal,0.0,purity
agreement,11,llama3.1:70b,liberal,0.0,purity
agreement,11,llama3.1:70b,liberal,0.0,purity
agreement,11,llama3.1:70b,liberal,0.0,purity
agreement,11,llama3.1:70b,liberal,0.0,purity
agreement,11,llama3.1:70b,liberal,0.0,purity
agreement,11,llama3.1:70b,liberal,0.0,purity
agreement,11,llama3.1:70b,liberal,0.0,purity
agreement,11,llama3.1:70b,liberal,0.0,purity
agreement,11,llama3.1:70b,liberal,0.0,purity
agreement,11,llama3.1:70b,liberal,0.0,purity
agreement,11,llama3.1:70b,liberal,0.0,purity
agreement,11,llama3.1:70b,liberal,0.0,purity
agreement,11,llama3.1:70b,liberal,0.0,purity
agreement,11,llama3.1:70b,liberal,0.0,purity
agreement,11,llama3.1:70b,liberal,0.0,purity
agreement,11,llama3.1:70b,liberal,0.0,purity
agreement,11,llama3.1:70b,liberal,0.0,purity
agreement,11,llama3.1:70b,liberal,0.0,purity
agreement,11,llama3.1:70b,liberal,0.0,purity
agreement,11,llama3.1:70b,liberal,0.0,purity
agreement,11,llama3.1:70b,liberal,0.0,purity
agreement,11,llama3.1:70b,liberal,0.0,purity
agreement,11,llama3.1:70b,liberal,0.0,purity
agreement,11,llama3.1:70b,liberal,0.0,purity
agreement,11,llama3.1:70b,liberal,0.0,purity
agreement,11,llama3.1:70b,liberal,0.0,purity
agreement,11,llama3.1:70b,liberal,0.0,purity
agreement,11,llama3.1:70b,liberal,0.0,purity
agreement,11,llama3.1:70b,liberal,0.0,purity
agreement,11,llama3.1:70b,liberal,0.0,purity
agreement,11,llama3.1:70b,liberal,0.0,purity
agreement,11,llama3.1:70b,liberal,0.0,purity
agreement,11,llama3.1:70b,liberal,0.0,purity
agreement,11,llama3.1:70b,liberal,0.0,purity
agreement,11,llama3.1:70b,liberal,0.0,purity
agreement,11,llama3.1:70b,liberal,0.0,purity
agreement,11,llama3.1:70b,liberal,0.0,purity
agreement,11,llama3.1:70b,liberal,0.0,purity
agreement,11,llama3.1:70b,liberal,0.0,purity
agreement,11,llama3.1:70b,liberal,0.0,purity
agreement,11,llama3.1:70b,liberal,0.0,purity
agreement,11,llama3.1:70b,liberal,0.0,purity
agreement,11,llama3.1:70b,liberal,0.0,purity
agreement,11,llama3.1:70b,liberal,0.0,purity
agreement,11,llama3.1:70b,liberal,0.0,purity
agreement,11,llama3.1:70b,liberal,0.0,purity
agreement,11,llama3.1:70b,liberal,0.0,purity
agreement,11,mistral:7b,conservative,3.0,purity
agreement,11,mistral:7b,conservative,3.0,purity
agreement,11,mistral:7b,conservative,3.0,purity
agreement,11,mistral:7b,conservative,3.0,purity
agreement,11,mistral:7b,conservative,3.0,purity
agreement,11,mistral:7b,conservative,3.0,purity
agreement,11,mistral:7b,conservative,3.0,purity
agreement,11,mistral:7b,conservative,3.0,purity
agreement,11,mistral:7b,conservative,5.0,purity
agreement,11,mistral:7b,conservative,5.0,purity
agreement,11,mistral:7b,conservative,4.0,purity
agreement,11,mistral:7b,conservative,3.0,purity
agreement,11,mistral:7b,conservative,4.0,purity
agreement,11,mistral:7b,conservative,3.0,purity
agreement,11,mistral:7b,conservative,3.0,purity
agreement,11,mistral:7b,conservative,3.0,purity
agreement,11,mistral:7b,conservative,4.0,purity
agreement,11,mistral:7b,conservative,1.0,purity
agreement,11,mistral:7b,conservative,1.0,purity
agreement,11,mistral:7b,conservative,3.0,purity
agreement,11,mistral:7b,conservative,3.0,purity
agreement,11,mistral:7b,conservative,3.0,purity
agreement,11,mistral:7b,conservative,3.0,purity
agreement,11,mistral:7b,conservative,5.0,purity
agreement,11,mistral:7b,conservative,3.0,purity
agreement,11,mistral:7b,conservative,3.0,purity
agreement,11,mistral:7b,conservative,4.0,purity
agreement,11,mistral:7b,conservative,3.0,purity
agreement,11,mistral:7b,conservative,5.0,purity
agreement,11,mistral:7b,conservative,3.0,purity
agreement,11,mistral:7b,conservative,3.0,purity
agreement,11,mistral:7b,conservative,3.0,purity
agreement,11,mistral:7b,conservative,3.0,purity
agreement,11,mistral:7b,conservative,3.0,purity
agreement,11,mistral:7b,conservative,3.0,purity
agreement,11,mistral:7b,conservative,3.0,purity
agreement,11,mistral:7b,conservative,3.0,purity
agreement,11,mistral:7b,conservative,3.0,purity
agreement,11,mistral:7b,conservative,3.0,purity
agreement,11,mistral:7b,conservative,3.0,purity
agreement,11,mistral:7b,conservative,3.0,purity
agreement,11,mistral:7b,conservative,3.0,purity
agreement,11,mistral:7b,conservative,5.0,purity
agreement,11,mistral:7b,conservative,3.0,purity
agreement,11,mistral:7b,conservative,3.0,purity
agreement,11,mistral:7b,conservative,5.0,purity
agreement,11,mistral:7b,conservative,1.0,purity
agreement,11,mistral:7b,conservative,3.0,purity
agreement,11,mistral:7b,conservative,5.0,purity
agreement,11,mistral:7b,conservative,3.0,purity
agreement,11,mistral:7b,moderate,3.0,purity
agreement,11,mistral:7b,moderate,0.0,purity
agreement,11,mistral:7b,moderate,0.0,purity
agreement,11,mistral:7b,moderate,2.0,purity
agreement,11,mistral:7b,moderate,0.0,purity
agreement,11,mistral:7b,moderate,0.0,purity
agreement,11,mistral:7b,moderate,0.0,purity
agreement,11,mistral:7b,moderate,2.0,purity
agreement,11,mistral:7b,moderate,0.0,purity
agreement,11,mistral:7b,moderate,0.0,purity
agreement,11,mistral:7b,moderate,3.0,purity
agreement,11,mistral:7b,moderate,0.0,purity
agreement,11,mistral:7b,moderate,0.0,purity
agreement,11,mistral:7b,moderate,2.0,purity
agreement,11,mistral:7b,moderate,0.0,purity
agreement,11,mistral:7b,moderate,0.0,purity
agreement,11,mistral:7b,moderate,0.0,purity
agreement,11,mistral:7b,moderate,0.0,purity
agreement,11,mistral:7b,moderate,0.0,purity
agreement,11,mistral:7b,moderate,0.0,purity
agreement,11,mistral:7b,moderate,0.0,purity
agreement,11,mistral:7b,moderate,0.0,purity
agreement,11,mistral:7b,moderate,0.0,purity
agreement,11,mistral:7b,moderate,0.0,purity
agreement,11,mistral:7b,moderate,0.0,purity
agreement,11,mistral:7b,moderate,0.0,purity
agreement,11,mistral:7b,moderate,0.0,purity
agreement,11,mistral:7b,moderate,0.0,purity
agreement,11,mistral:7b,moderate,0.0,purity
agreement,11,mistral:7b,moderate,0.0,purity
agreement,11,mistral:7b,moderate,3.0,purity
agreement,11,mistral:7b,moderate,0.0,purity
agreement,11,mistral:7b,moderate,0.0,purity
agreement,11,mistral:7b,moderate,0.0,purity
agreement,11,mistral:7b,moderate,3.0,purity
agreement,11,mistral:7b,moderate,0.0,purity
agreement,11,mistral:7b,moderate,3.0,purity
agreement,11,mistral:7b,moderate,3.0,purity
agreement,11,mistral:7b,moderate,2.0,purity
agreement,11,mistral:7b,moderate,2.0,purity
agreement,11,mistral:7b,moderate,0.0,purity
agreement,11,mistral:7b,moderate,2.0,purity
agreement,11,mistral:7b,moderate,0.0,purity
agreement,11,mistral:7b,moderate,0.0,purity
agreement,11,mistral:7b,moderate,0.0,purity
agreement,11,mistral:7b,moderate,0.0,purity
agreement,11,mistral:7b,moderate,2.0,purity
agreement,11,mistral:7b,moderate,0.0,purity
agreement,11,mistral:7b,liberal,0.0,purity
agreement,11,mistral:7b,liberal,0.0,purity
agreement,11,mistral:7b,liberal,0.0,purity
agreement,11,mistral:7b,liberal,0.0,purity
agreement,11,mistral:7b,liberal,0.0,purity
agreement,11,mistral:7b,liberal,0.0,purity
agreement,11,mistral:7b,liberal,0.0,purity
agreement,11,mistral:7b,liberal,0.0,purity
agreement,11,mistral:7b,liberal,0.0,purity
agreement,11,mistral:7b,liberal,0.0,purity
agreement,11,mistral:7b,liberal,0.0,purity
agreement,11,mistral:7b,liberal,0.0,purity
agreement,11,mistral:7b,liberal,0.0,purity
agreement,11,mistral:7b,liberal,0.0,purity
agreement,11,mistral:7b,liberal,0.0,purity
agreement,11,mistral:7b,liberal,0.0,purity
agreement,11,mistral:7b,liberal,0.0,purity
agreement,11,mistral:7b,liberal,0.0,purity
agreement,11,mistral:7b,liberal,0.0,purity
agreement,11,mistral:7b,liberal,0.0,purity
agreement,11,mistral:7b,liberal,0.0,purity
agreement,11,mistral:7b,liberal,0.0,purity
agreement,11,mistral:7b,liberal,0.0,purity
agreement,11,mistral:7b,liberal,0.0,purity
agreement,11,mistral:7b,liberal,0.0,purity
agreement,11,mistral:7b,liberal,0.0,purity
agreement,11,mistral:7b,liberal,0.0,purity
agreement,11,mistral:7b,liberal,0.0,purity
agreement,11,mistral:7b,liberal,0.0,purity
agreement,11,mistral:7b,liberal,0.0,purity
agreement,11,mistral:7b,liberal,0.0,purity
agreement,11,mistral:7b,liberal,0.0,purity
agreement,11,mistral:7b,liberal,0.0,purity
agreement,11,mistral:7b,liberal,0.0,purity
agreement,11,mistral:7b,liberal,0.0,purity
agreement,11,mistral:7b,liberal,0.0,purity
agreement,11,mistral:7b,liberal,0.0,purity
agreement,11,mistral:7b,liberal,0.0,purity
agreement,11,mistral:7b,liberal,0.0,purity
agreement,11,mistral:7b,liberal,0.0,purity
agreement,11,mistral:7b,liberal,0.0,purity
agreement,11,mistral:7b,liberal,0.0,purity
agreement,11,mistral:7b,liberal,0.0,purity
agreement,11,mistral:7b,liberal,0.0,purity
agreement,11,mistral:7b,liberal,0.0,purity
agreement,11,mistral:7b,liberal,0.0,purity
agreement,11,mistral:7b,liberal,0.0,purity
agreement,11,mistral:7b,liberal,0.0,purity
agreement,11,mistral:7b,liberal,0.0,purity
agreement,11,mistral:7b,liberal,0.0,purity
agreement,11,mixtral:8x22b,conservative,4.0,purity
agreement,11,mixtral:8x22b,conservative,3.0,purity
agreement,11,mixtral:8x22b,conservative,3.0,purity
agreement,11,mixtral:8x22b,conservative,4.0,purity
agreement,11,mixtral:8x22b,conservative,4.0,purity
agreement,11,mixtral:8x22b,conservative,4.0,purity
agreement,11,mixtral:8x22b,conservative,4.0,purity
agreement,11,mixtral:8x22b,conservative,5.0,purity
agreement,11,mixtral:8x22b,conservative,5.0,purity
agreement,11,mixtral:8x22b,conservative,3.0,purity
agreement,11,mixtral:8x22b,conservative,3.0,purity
agreement,11,mixtral:8x22b,conservative,4.0,purity
agreement,11,mixtral:8x22b,conservative,4.0,purity
agreement,11,mixtral:8x22b,conservative,4.0,purity
agreement,11,mixtral:8x22b,conservative,4.0,purity
agreement,11,mixtral:8x22b,conservative,4.0,purity
agreement,11,mixtral:8x22b,conservative,4.0,purity
agreement,11,mixtral:8x22b,conservative,3.0,purity
agreement,11,mixtral:8x22b,conservative,3.0,purity
agreement,11,mixtral:8x22b,conservative,4.0,purity
agreement,11,mixtral:8x22b,conservative,4.0,purity
agreement,11,mixtral:8x22b,conservative,3.0,purity
agreement,11,mixtral:8x22b,conservative,4.0,purity
agreement,11,mixtral:8x22b,conservative,4.0,purity
agreement,11,mixtral:8x22b,conservative,5.0,purity
agreement,11,mixtral:8x22b,conservative,3.0,purity
agreement,11,mixtral:8x22b,conservative,3.0,purity
agreement,11,mixtral:8x22b,conservative,4.0,purity
agreement,11,mixtral:8x22b,conservative,4.0,purity
agreement,11,mixtral:8x22b,conservative,4.0,purity
agreement,11,mixtral:8x22b,conservative,3.0,purity
agreement,11,mixtral:8x22b,conservative,4.0,purity
agreement,11,mixtral:8x22b,conservative,3.0,purity
agreement,11,mixtral:8x22b,conservative,4.0,purity
agreement,11,mixtral:8x22b,conservative,5.0,purity
agreement,11,mixtral:8x22b,conservative,4.0,purity
agreement,11,mixtral:8x22b,conservative,3.0,purity
agreement,11,mixtral:8x22b,conservative,4.0,purity
agreement,11,mixtral:8x22b,conservative,5.0,purity
agreement,11,mixtral:8x22b,conservative,4.0,purity
agreement,11,mixtral:8x22b,conservative,3.0,purity
agreement,11,mixtral:8x22b,conservative,4.0,purity
agreement,11,mixtral:8x22b,conservative,4.0,purity
agreement,11,mixtral:8x22b,conservative,4.0,purity
agreement,11,mixtral:8x22b,conservative,3.0,purity
agreement,11,mixtral:8x22b,conservative,4.0,purity
agreement,11,mixtral:8x22b,conservative,3.0,purity
agreement,11,mixtral:8x22b,conservative,3.0,purity
agreement,11,mixtral:8x22b,conservative,4.0,purity
agreement,11,mixtral:8x22b,conservative,4.0,purity
agreement,11,mixtral:8x22b,moderate,4.0,purity
agreement,11,mixtral:8x22b,moderate,4.0,purity
agreement,11,mixtral:8x22b,moderate,3.0,purity
agreement,11,mixtral:8x22b,moderate,3.0,purity
agreement,11,mixtral:8x22b,moderate,5.0,purity
agreement,11,mixtral:8x22b,moderate,4.0,purity
agreement,11,mixtral:8x22b,moderate,4.0,purity
agreement,11,mixtral:8x22b,moderate,4.0,purity
agreement,11,mixtral:8x22b,moderate,4.0,purity
agreement,11,mixtral:8x22b,moderate,4.0,purity
agreement,11,mixtral:8x22b,moderate,4.0,purity
agreement,11,mixtral:8x22b,moderate,4.0,purity
agreement,11,mixtral:8x22b,moderate,4.0,purity
agreement,11,mixtral:8x22b,moderate,4.0,purity
agreement,11,mixtral:8x22b,moderate,3.0,purity
agreement,11,mixtral:8x22b,moderate,3.0,purity
agreement,11,mixtral:8x22b,moderate,4.0,purity
agreement,11,mixtral:8x22b,moderate,4.0,purity
agreement,11,mixtral:8x22b,moderate,4.0,purity
agreement,11,mixtral:8x22b,moderate,4.0,purity
agreement,11,mixtral:8x22b,moderate,4.0,purity
agreement,11,mixtral:8x22b,moderate,4.0,purity
agreement,11,mixtral:8x22b,moderate,4.0,purity
agreement,11,mixtral:8x22b,moderate,4.0,purity
agreement,11,mixtral:8x22b,moderate,3.0,purity
agreement,11,mixtral:8x22b,moderate,4.0,purity
agreement,11,mixtral:8x22b,moderate,4.0,purity
agreement,11,mixtral:8x22b,moderate,4.0,purity
agreement,11,mixtral:8x22b,moderate,4.0,purity
agreement,11,mixtral:8x22b,moderate,3.0,purity
agreement,11,mixtral:8x22b,moderate,4.0,purity
agreement,11,mixtral:8x22b,moderate,4.0,purity
agreement,11,mixtral:8x22b,moderate,3.0,purity
agreement,11,mixtral:8x22b,moderate,3.0,purity
agreement,11,mixtral:8x22b,moderate,4.0,purity
agreement,11,mixtral:8x22b,moderate,4.0,purity
agreement,11,mixtral:8x22b,moderate,4.0,purity
agreement,11,mixtral:8x22b,moderate,4.0,purity
agreement,11,mixtral:8x22b,moderate,4.0,purity
agreement,11,mixtral:8x22b,moderate,4.0,purity
agreement,11,mixtral:8x22b,moderate,5.0,purity
agreement,11,mixtral:8x22b,moderate,4.0,purity
agreement,11,mixtral:8x22b,moderate,5.0,purity
agreement,11,mixtral:8x22b,moderate,4.0,purity
agreement,11,mixtral:8x22b,moderate,3.0,purity
agreement,11,mixtral:8x22b,moderate,4.0,purity
agreement,11,mixtral:8x22b,moderate,4.0,purity
agreement,11,mixtral:8x22b,moderate,4.0,purity
agreement,11,mixtral:8x22b,moderate,4.0,purity
agreement,11,mixtral:8x22b,moderate,3.0,purity
agreement,11,mixtral:8x22b,liberal,1.0,purity
agreement,11,mixtral:8x22b,liberal,1.0,purity
agreement,11,mixtral:8x22b,liberal,2.0,purity
agreement,11,mixtral:8x22b,liberal,2.0,purity
agreement,11,mixtral:8x22b,liberal,2.0,purity
agreement,11,mixtral:8x22b,liberal,2.0,purity
agreement,11,mixtral:8x22b,liberal,2.0,purity
agreement,11,mixtral:8x22b,liberal,2.0,purity
agreement,11,mixtral:8x22b,liberal,1.0,purity
agreement,11,mixtral:8x22b,liberal,2.0,purity
agreement,11,mixtral:8x22b,liberal,2.0,purity
agreement,11,mixtral:8x22b,liberal,2.0,purity
agreement,11,mixtral:8x22b,liberal,2.0,purity
agreement,11,mixtral:8x22b,liberal,2.0,purity
agreement,11,mixtral:8x22b,liberal,1.0,purity
agreement,11,mixtral:8x22b,liberal,2.0,purity
agreement,11,mixtral:8x22b,liberal,1.0,purity
agreement,11,mixtral:8x22b,liberal,1.0,purity
agreement,11,mixtral:8x22b,liberal,2.0,purity
agreement,11,mixtral:8x22b,liberal,2.0,purity
agreement,11,mixtral:8x22b,liberal,1.0,purity
agreement,11,mixtral:8x22b,liberal,1.0,purity
agreement,11,mixtral:8x22b,liberal,2.0,purity
agreement,11,mixtral:8x22b,liberal,1.0,purity
agreement,11,mixtral:8x22b,liberal,2.0,purity
agreement,11,mixtral:8x22b,liberal,1.0,purity
agreement,11,mixtral:8x22b,liberal,1.0,purity
agreement,11,mixtral:8x22b,liberal,2.0,purity
agreement,11,mixtral:8x22b,liberal,1.0,purity
agreement,11,mixtral:8x22b,liberal,2.0,purity
agreement,11,mixtral:8x22b,liberal,1.0,purity
agreement,11,mixtral:8x22b,liberal,2.0,purity
agreement,11,mixtral:8x22b,liberal,1.0,purity
agreement,11,mixtral:8x22b,liberal,2.0,purity
agreement,11,mixtral:8x22b,liberal,1.0,purity
agreement,11,mixtral:8x22b,liberal,1.0,purity
agreement,11,mixtral:8x22b,liberal,1.0,purity
agreement,11,mixtral:8x22b,liberal,1.0,purity
agreement,11,mixtral:8x22b,liberal,2.0,purity
agreement,11,mixtral:8x22b,liberal,1.0,purity
agreement,11,mixtral:8x22b,liberal,1.0,purity
agreement,11,mixtral:8x22b,liberal,2.0,purity
agreement,11,mixtral:8x22b,liberal,1.0,purity
agreement,11,mixtral:8x22b,liberal,1.0,purity
agreement,11,mixtral:8x22b,liberal,2.0,purity
agreement,11,mixtral:8x22b,liberal,1.0,purity
agreement,11,mixtral:8x22b,liberal,2.0,purity
agreement,11,mixtral:8x22b,liberal,2.0,purity
agreement,11,mixtral:8x22b,liberal,2.0,purity
agreement,11,mixtral:8x22b,liberal,2.0,purity
agreement,11,mixtral:8x7b,conservative,4.0,purity
agreement,11,mixtral:8x7b,conservative,5.0,purity
agreement,11,mixtral:8x7b,conservative,5.0,purity
agreement,11,mixtral:8x7b,conservative,4.0,purity
agreement,11,mixtral:8x7b,conservative,4.0,purity
agreement,11,mixtral:8x7b,conservative,4.0,purity
agreement,11,mixtral:8x7b,conservative,4.0,purity
agreement,11,mixtral:8x7b,conservative,5.0,purity
agreement,11,mixtral:8x7b,conservative,5.0,purity
agreement,11,mixtral:8x7b,conservative,5.0,purity
agreement,11,mixtral:8x7b,conservative,4.0,purity
agreement,11,mixtral:8x7b,conservative,4.0,purity
agreement,11,mixtral:8x7b,conservative,5.0,purity
agreement,11,mixtral:8x7b,conservative,4.0,purity
agreement,11,mixtral:8x7b,conservative,4.0,purity
agreement,11,mixtral:8x7b,conservative,5.0,purity
agreement,11,mixtral:8x7b,conservative,5.0,purity
agreement,11,mixtral:8x7b,conservative,4.0,purity
agreement,11,mixtral:8x7b,conservative,5.0,purity
agreement,11,mixtral:8x7b,conservative,5.0,purity
agreement,11,mixtral:8x7b,conservative,4.0,purity
agreement,11,mixtral:8x7b,conservative,5.0,purity
agreement,11,mixtral:8x7b,conservative,5.0,purity
agreement,11,mixtral:8x7b,conservative,4.0,purity
agreement,11,mixtral:8x7b,conservative,5.0,purity
agreement,11,mixtral:8x7b,conservative,4.0,purity
agreement,11,mixtral:8x7b,conservative,5.0,purity
agreement,11,mixtral:8x7b,conservative,4.0,purity
agreement,11,mixtral:8x7b,conservative,5.0,purity
agreement,11,mixtral:8x7b,conservative,4.0,purity
agreement,11,mixtral:8x7b,conservative,4.0,purity
agreement,11,mixtral:8x7b,conservative,5.0,purity
agreement,11,mixtral:8x7b,conservative,5.0,purity
agreement,11,mixtral:8x7b,conservative,5.0,purity
agreement,11,mixtral:8x7b,conservative,4.0,purity
agreement,11,mixtral:8x7b,conservative,5.0,purity
agreement,11,mixtral:8x7b,conservative,4.0,purity
agreement,11,mixtral:8x7b,conservative,5.0,purity
agreement,11,mixtral:8x7b,conservative,5.0,purity
agreement,11,mixtral:8x7b,conservative,4.0,purity
agreement,11,mixtral:8x7b,conservative,5.0,purity
agreement,11,mixtral:8x7b,conservative,5.0,purity
agreement,11,mixtral:8x7b,conservative,4.0,purity
agreement,11,mixtral:8x7b,conservative,5.0,purity
agreement,11,mixtral:8x7b,conservative,4.0,purity
agreement,11,mixtral:8x7b,conservative,5.0,purity
agreement,11,mixtral:8x7b,conservative,5.0,purity
agreement,11,mixtral:8x7b,conservative,4.0,purity
agreement,11,mixtral:8x7b,moderate,2.0,purity
agreement,11,mixtral:8x7b,moderate,2.0,purity
agreement,11,mixtral:8x7b,moderate,2.0,purity
agreement,11,mixtral:8x7b,moderate,2.0,purity
agreement,11,mixtral:8x7b,moderate,2.0,purity
agreement,11,mixtral:8x7b,moderate,2.0,purity
agreement,11,mixtral:8x7b,moderate,2.0,purity
agreement,11,mixtral:8x7b,moderate,2.0,purity
agreement,11,mixtral:8x7b,moderate,2.0,purity
agreement,11,mixtral:8x7b,moderate,2.0,purity
agreement,11,mixtral:8x7b,moderate,2.0,purity
agreement,11,mixtral:8x7b,moderate,2.0,purity
agreement,11,mixtral:8x7b,moderate,2.0,purity
agreement,11,mixtral:8x7b,moderate,2.0,purity
agreement,11,mixtral:8x7b,moderate,2.0,purity
agreement,11,mixtral:8x7b,moderate,2.0,purity
agreement,11,mixtral:8x7b,moderate,2.0,purity
agreement,11,mixtral:8x7b,moderate,2.0,purity
agreement,11,mixtral:8x7b,moderate,2.0,purity
agreement,11,mixtral:8x7b,moderate,2.0,purity
agreement,11,mixtral:8x7b,moderate,2.0,purity
agreement,11,mixtral:8x7b,moderate,2.0,purity
agreement,11,mixtral:8x7b,moderate,2.0,purity
agreement,11,mixtral:8x7b,moderate,2.0,purity
agreement,11,mixtral:8x7b,moderate,2.0,purity
agreement,11,mixtral:8x7b,moderate,2.0,purity
agreement,11,mixtral:8x7b,moderate,2.0,purity
agreement,11,mixtral:8x7b,moderate,2.0,purity
agreement,11,mixtral:8x7b,moderate,2.0,purity
agreement,11,mixtral:8x7b,moderate,2.0,purity
agreement,11,mixtral:8x7b,moderate,2.0,purity
agreement,11,mixtral:8x7b,moderate,2.0,purity
agreement,11,mixtral:8x7b,moderate,2.0,purity
agreement,11,mixtral:8x7b,moderate,2.0,purity
agreement,11,mixtral:8x7b,moderate,2.0,purity
agreement,11,mixtral:8x7b,moderate,2.0,purity
agreement,11,mixtral:8x7b,moderate,2.0,purity
agreement,11,mixtral:8x7b,moderate,2.0,purity
agreement,11,mixtral:8x7b,moderate,2.0,purity
agreement,11,mixtral:8x7b,moderate,2.0,purity
agreement,11,mixtral:8x7b,moderate,2.0,purity
agreement,11,mixtral:8x7b,moderate,2.0,purity
agreement,11,mixtral:8x7b,moderate,2.0,purity
agreement,11,mixtral:8x7b,moderate,2.0,purity
agreement,11,mixtral:8x7b,moderate,2.0,purity
agreement,11,mixtral:8x7b,moderate,2.0,purity
agreement,11,mixtral:8x7b,moderate,2.0,purity
agreement,11,mixtral:8x7b,moderate,2.0,purity
agreement,11,mixtral:8x7b,moderate,2.0,purity
agreement,11,mixtral:8x7b,moderate,2.0,purity
agreement,11,mixtral:8x7b,liberal,1.0,purity
agreement,11,mixtral:8x7b,liberal,1.0,purity
agreement,11,mixtral:8x7b,liberal,1.0,purity
agreement,11,mixtral:8x7b,liberal,1.0,purity
agreement,11,mixtral:8x7b,liberal,1.0,purity
agreement,11,mixtral:8x7b,liberal,1.0,purity
agreement,11,mixtral:8x7b,liberal,1.0,purity
agreement,11,mixtral:8x7b,liberal,1.0,purity
agreement,11,mixtral:8x7b,liberal,1.0,purity
agreement,11,mixtral:8x7b,liberal,1.0,purity
agreement,11,mixtral:8x7b,liberal,1.0,purity
agreement,11,mixtral:8x7b,liberal,1.0,purity
agreement,11,mixtral:8x7b,liberal,1.0,purity
agreement,11,mixtral:8x7b,liberal,1.0,purity
agreement,11,mixtral:8x7b,liberal,1.0,purity
agreement,11,mixtral:8x7b,liberal,1.0,purity
agreement,11,mixtral:8x7b,liberal,1.0,purity
agreement,11,mixtral:8x7b,liberal,1.0,purity
agreement,11,mixtral:8x7b,liberal,1.0,purity
agreement,11,mixtral:8x7b,liberal,1.0,purity
agreement,11,mixtral:8x7b,liberal,1.0,purity
agreement,11,mixtral:8x7b,liberal,1.0,purity
agreement,11,mixtral:8x7b,liberal,1.0,purity
agreement,11,mixtral:8x7b,liberal,1.0,purity
agreement,11,mixtral:8x7b,liberal,1.0,purity
agreement,11,mixtral:8x7b,liberal,1.0,purity
agreement,11,mixtral:8x7b,liberal,1.0,purity
agreement,11,mixtral:8x7b,liberal,1.0,purity
agreement,11,mixtral:8x7b,liberal,1.0,purity
agreement,11,mixtral:8x7b,liberal,1.0,purity
agreement,11,mixtral:8x7b,liberal,1.0,purity
agreement,11,mixtral:8x7b,liberal,1.0,purity
agreement,11,mixtral:8x7b,liberal,1.0,purity
agreement,11,mixtral:8x7b,liberal,1.0,purity
agreement,11,mixtral:8x7b,liberal,1.0,purity
agreement,11,mixtral:8x7b,liberal,1.0,purity
agreement,11,mixtral:8x7b,liberal,1.0,purity
agreement,11,mixtral:8x7b,liberal,1.0,purity
agreement,11,mixtral:8x7b,liberal,1.0,purity
agreement,11,mixtral:8x7b,liberal,1.0,purity
agreement,11,mixtral:8x7b,liberal,1.0,purity
agreement,11,mixtral:8x7b,liberal,1.0,purity
agreement,11,mixtral:8x7b,liberal,1.0,purity
agreement,11,mixtral:8x7b,liberal,1.0,purity
agreement,11,mixtral:8x7b,liberal,1.0,purity
agreement,11,mixtral:8x7b,liberal,1.0,purity
agreement,11,mixtral:8x7b,liberal,1.0,purity
agreement,11,mixtral:8x7b,liberal,1.0,purity
agreement,11,mixtral:8x7b,liberal,1.0,purity
agreement,11,mixtral:8x7b,liberal,1.0,purity
agreement,11,phi3:14b,conservative,3.0,purity
agreement,11,phi3:14b,conservative,5.0,purity
agreement,11,phi3:14b,conservative,3.0,purity
agreement,11,phi3:14b,conservative,3.0,purity
agreement,11,phi3:14b,conservative,3.0,purity
agreement,11,phi3:14b,conservative,4.0,purity
agreement,11,phi3:14b,conservative,0.0,purity
agreement,11,phi3:14b,conservative,3.0,purity
agreement,11,phi3:14b,conservative,0.0,purity
agreement,11,phi3:14b,conservative,0.0,purity
agreement,11,phi3:14b,conservative,0.0,purity
agreement,11,phi3:14b,conservative,4.0,purity
agreement,11,phi3:14b,conservative,3.0,purity
agreement,11,phi3:14b,conservative,5.0,purity
agreement,11,phi3:14b,conservative,0.0,purity
agreement,11,phi3:14b,conservative,4.0,purity
agreement,11,phi3:14b,conservative,0.0,purity
agreement,11,phi3:14b,conservative,5.0,purity
agreement,11,phi3:14b,conservative,4.0,purity
agreement,11,phi3:14b,conservative,0.0,purity
agreement,11,phi3:14b,conservative,2.0,purity
agreement,11,phi3:14b,conservative,0.0,purity
agreement,11,phi3:14b,conservative,5.0,purity
agreement,11,phi3:14b,conservative,0.0,purity
agreement,11,phi3:14b,conservative,0.0,purity
agreement,11,phi3:14b,conservative,2.0,purity
agreement,11,phi3:14b,conservative,3.0,purity
agreement,11,phi3:14b,conservative,0.0,purity
agreement,11,phi3:14b,conservative,0.0,purity
agreement,11,phi3:14b,conservative,0.0,purity
agreement,11,phi3:14b,conservative,0.0,purity
agreement,11,phi3:14b,conservative,4.0,purity
agreement,11,phi3:14b,conservative,0.0,purity
agreement,11,phi3:14b,conservative,0.0,purity
agreement,11,phi3:14b,conservative,3.0,purity
agreement,11,phi3:14b,conservative,4.0,purity
agreement,11,phi3:14b,conservative,0.0,purity
agreement,11,phi3:14b,conservative,3.0,purity
agreement,11,phi3:14b,conservative,4.0,purity
agreement,11,phi3:14b,conservative,0.0,purity
agreement,11,phi3:14b,conservative,4.0,purity
agreement,11,phi3:14b,conservative,0.0,purity
agreement,11,phi3:14b,conservative,0.0,purity
agreement,11,phi3:14b,conservative,3.0,purity
agreement,11,phi3:14b,conservative,0.0,purity
agreement,11,phi3:14b,conservative,0.0,purity
agreement,11,phi3:14b,conservative,5.0,purity
agreement,11,phi3:14b,conservative,0.0,purity
agreement,11,phi3:14b,conservative,2.0,purity
agreement,11,phi3:14b,moderate,1.0,purity
agreement,11,phi3:14b,moderate,0.0,purity
agreement,11,phi3:14b,moderate,0.0,purity
agreement,11,phi3:14b,moderate,0.0,purity
agreement,11,phi3:14b,moderate,2.0,purity
agreement,11,phi3:14b,moderate,0.0,purity
agreement,11,phi3:14b,moderate,2.0,purity
agreement,11,phi3:14b,moderate,0.0,purity
agreement,11,phi3:14b,moderate,0.0,purity
agreement,11,phi3:14b,moderate,0.0,purity
agreement,11,phi3:14b,moderate,0.0,purity
agreement,11,phi3:14b,moderate,0.0,purity
agreement,11,phi3:14b,moderate,0.0,purity
agreement,11,phi3:14b,moderate,2.0,purity
agreement,11,phi3:14b,moderate,0.0,purity
agreement,11,phi3:14b,moderate,0.0,purity
agreement,11,phi3:14b,moderate,0.0,purity
agreement,11,phi3:14b,moderate,0.0,purity
agreement,11,phi3:14b,moderate,0.0,purity
agreement,11,phi3:14b,moderate,0.0,purity
agreement,11,phi3:14b,moderate,0.0,purity
agreement,11,phi3:14b,moderate,0.0,purity
agreement,11,phi3:14b,moderate,2.0,purity
agreement,11,phi3:14b,moderate,0.0,purity
agreement,11,phi3:14b,moderate,2.0,purity
agreement,11,phi3:14b,moderate,1.0,purity
agreement,11,phi3:14b,moderate,0.0,purity
agreement,11,phi3:14b,moderate,0.0,purity
agreement,11,phi3:14b,moderate,0.0,purity
agreement,11,phi3:14b,moderate,2.0,purity
agreement,11,phi3:14b,moderate,0.0,purity
agreement,11,phi3:14b,moderate,0.0,purity
agreement,11,phi3:14b,moderate,0.0,purity
agreement,11,phi3:14b,moderate,2.0,purity
agreement,11,phi3:14b,moderate,0.0,purity
agreement,11,phi3:14b,moderate,0.0,purity
agreement,11,phi3:14b,moderate,3.0,purity
agreement,11,phi3:14b,moderate,2.0,purity
agreement,11,phi3:14b,moderate,0.0,purity
agreement,11,phi3:14b,moderate,0.0,purity
agreement,11,phi3:14b,moderate,0.0,purity
agreement,11,phi3:14b,moderate,0.0,purity
agreement,11,phi3:14b,moderate,0.0,purity
agreement,11,phi3:14b,moderate,3.0,purity
agreement,11,phi3:14b,moderate,3.0,purity
agreement,11,phi3:14b,moderate,0.0,purity
agreement,11,phi3:14b,moderate,2.0,purity
agreement,11,phi3:14b,moderate,0.0,purity
agreement,11,phi3:14b,moderate,0.0,purity
agreement,11,phi3:14b,moderate,0.0,purity
agreement,11,phi3:14b,liberal,2.0,purity
agreement,11,phi3:14b,liberal,0.0,purity
agreement,11,phi3:14b,liberal,0.0,purity
agreement,11,phi3:14b,liberal,0.0,purity
agreement,11,phi3:14b,liberal,0.0,purity
agreement,11,phi3:14b,liberal,2.0,purity
agreement,11,phi3:14b,liberal,0.0,purity
agreement,11,phi3:14b,liberal,0.0,purity
agreement,11,phi3:14b,liberal,0.0,purity
agreement,11,phi3:14b,liberal,0.0,purity
agreement,11,phi3:14b,liberal,0.0,purity
agreement,11,phi3:14b,liberal,0.0,purity
agreement,11,phi3:14b,liberal,0.0,purity
agreement,11,phi3:14b,liberal,0.0,purity
agreement,11,phi3:14b,liberal,0.0,purity
agreement,11,phi3:14b,liberal,0.0,purity
agreement,11,phi3:14b,liberal,0.0,purity
agreement,11,phi3:14b,liberal,0.0,purity
agreement,11,phi3:14b,liberal,0.0,purity
agreement,11,phi3:14b,liberal,0.0,purity
agreement,11,phi3:14b,liberal,0.0,purity
agreement,11,phi3:14b,liberal,1.0,purity
agreement,11,phi3:14b,liberal,0.0,purity
agreement,11,phi3:14b,liberal,0.0,purity
agreement,11,phi3:14b,liberal,2.0,purity
agreement,11,phi3:14b,liberal,0.0,purity
agreement,11,phi3:14b,liberal,0.0,purity
agreement,11,phi3:14b,liberal,0.0,purity
agreement,11,phi3:14b,liberal,0.0,purity
agreement,11,phi3:14b,liberal,0.0,purity
agreement,11,phi3:14b,liberal,0.0,purity
agreement,11,phi3:14b,liberal,0.0,purity
agreement,11,phi3:14b,liberal,0.0,purity
agreement,11,phi3:14b,liberal,0.0,purity
agreement,11,phi3:14b,liberal,0.0,purity
agreement,11,phi3:14b,liberal,0.0,purity
agreement,11,phi3:14b,liberal,0.0,purity
agreement,11,phi3:14b,liberal,0.0,purity
agreement,11,phi3:14b,liberal,0.0,purity
agreement,11,phi3:14b,liberal,0.0,purity
agreement,11,phi3:14b,liberal,0.0,purity
agreement,11,phi3:14b,liberal,0.0,purity
agreement,11,phi3:14b,liberal,0.0,purity
agreement,11,phi3:14b,liberal,0.0,purity
agreement,11,phi3:14b,liberal,0.0,purity
agreement,11,phi3:14b,liberal,0.0,purity
agreement,11,phi3:14b,liberal,0.0,purity
agreement,11,phi3:14b,liberal,0.0,purity
agreement,11,phi3:14b,liberal,0.0,purity
agreement,11,phi3:14b,liberal,2.0,purity
agreement,11,gemma:7b,conservative,2.0,purity
agreement,11,gemma:7b,conservative,2.0,purity
agreement,11,gemma:7b,conservative,2.0,purity
agreement,11,gemma:7b,conservative,3.0,purity
agreement,11,gemma:7b,conservative,3.0,purity
agreement,11,gemma:7b,conservative,2.0,purity
agreement,11,gemma:7b,conservative,2.0,purity
agreement,11,gemma:7b,conservative,2.0,purity
agreement,11,gemma:7b,conservative,2.0,purity
agreement,11,gemma:7b,conservative,2.0,purity
agreement,11,gemma:7b,conservative,2.0,purity
agreement,11,gemma:7b,conservative,2.0,purity
agreement,11,gemma:7b,conservative,3.0,purity
agreement,11,gemma:7b,conservative,2.0,purity
agreement,11,gemma:7b,conservative,2.0,purity
agreement,11,gemma:7b,conservative,3.0,purity
agreement,11,gemma:7b,conservative,2.0,purity
agreement,11,gemma:7b,conservative,2.0,purity
agreement,11,gemma:7b,conservative,2.0,purity
agreement,11,gemma:7b,conservative,2.0,purity
agreement,11,gemma:7b,conservative,2.0,purity
agreement,11,gemma:7b,conservative,2.0,purity
agreement,11,gemma:7b,conservative,2.0,purity
agreement,11,gemma:7b,conservative,2.0,purity
agreement,11,gemma:7b,conservative,2.0,purity
agreement,11,gemma:7b,conservative,2.0,purity
agreement,11,gemma:7b,conservative,2.0,purity
agreement,11,gemma:7b,conservative,2.0,purity
agreement,11,gemma:7b,conservative,2.0,purity
agreement,11,gemma:7b,conservative,3.0,purity
agreement,11,gemma:7b,conservative,2.0,purity
agreement,11,gemma:7b,conservative,2.0,purity
agreement,11,gemma:7b,conservative,2.0,purity
agreement,11,gemma:7b,conservative,2.0,purity
agreement,11,gemma:7b,conservative,3.0,purity
agreement,11,gemma:7b,conservative,2.0,purity
agreement,11,gemma:7b,conservative,2.0,purity
agreement,11,gemma:7b,conservative,2.0,purity
agreement,11,gemma:7b,conservative,2.0,purity
agreement,11,gemma:7b,conservative,2.0,purity
agreement,11,gemma:7b,conservative,2.0,purity
agreement,11,gemma:7b,conservative,2.0,purity
agreement,11,gemma:7b,conservative,2.0,purity
agreement,11,gemma:7b,conservative,2.0,purity
agreement,11,gemma:7b,conservative,2.0,purity
agreement,11,gemma:7b,conservative,2.0,purity
agreement,11,gemma:7b,conservative,2.0,purity
agreement,11,gemma:7b,conservative,2.0,purity
agreement,11,gemma:7b,conservative,2.0,purity
agreement,11,gemma:7b,conservative,3.0,purity
agreement,11,gemma:7b,moderate,2.0,purity
agreement,11,gemma:7b,moderate,2.0,purity
agreement,11,gemma:7b,moderate,2.0,purity
agreement,11,gemma:7b,moderate,2.0,purity
agreement,11,gemma:7b,moderate,2.0,purity
agreement,11,gemma:7b,moderate,4.0,purity
agreement,11,gemma:7b,moderate,2.0,purity
agreement,11,gemma:7b,moderate,2.0,purity
agreement,11,gemma:7b,moderate,2.0,purity
agreement,11,gemma:7b,moderate,2.0,purity
agreement,11,gemma:7b,moderate,4.0,purity
agreement,11,gemma:7b,moderate,2.0,purity
agreement,11,gemma:7b,moderate,4.0,purity
agreement,11,gemma:7b,moderate,2.0,purity
agreement,11,gemma:7b,moderate,2.0,purity
agreement,11,gemma:7b,moderate,2.0,purity
agreement,11,gemma:7b,moderate,2.0,purity
agreement,11,gemma:7b,moderate,2.0,purity
agreement,11,gemma:7b,moderate,2.0,purity
agreement,11,gemma:7b,moderate,2.0,purity
agreement,11,gemma:7b,moderate,2.0,purity
agreement,11,gemma:7b,moderate,2.0,purity
agreement,11,gemma:7b,moderate,2.0,purity
agreement,11,gemma:7b,moderate,2.0,purity
agreement,11,gemma:7b,moderate,2.0,purity
agreement,11,gemma:7b,moderate,2.0,purity
agreement,11,gemma:7b,moderate,2.0,purity
agreement,11,gemma:7b,moderate,2.0,purity
agreement,11,gemma:7b,moderate,3.0,purity
agreement,11,gemma:7b,moderate,2.0,purity
agreement,11,gemma:7b,moderate,2.0,purity
agreement,11,gemma:7b,moderate,2.0,purity
agreement,11,gemma:7b,moderate,2.0,purity
agreement,11,gemma:7b,moderate,2.0,purity
agreement,11,gemma:7b,moderate,2.0,purity
agreement,11,gemma:7b,moderate,2.0,purity
agreement,11,gemma:7b,moderate,2.0,purity
agreement,11,gemma:7b,moderate,2.0,purity
agreement,11,gemma:7b,moderate,2.0,purity
agreement,11,gemma:7b,moderate,2.0,purity
agreement,11,gemma:7b,moderate,2.0,purity
agreement,11,gemma:7b,moderate,2.0,purity
agreement,11,gemma:7b,moderate,2.0,purity
agreement,11,gemma:7b,moderate,2.0,purity
agreement,11,gemma:7b,moderate,2.0,purity
agreement,11,gemma:7b,moderate,2.0,purity
agreement,11,gemma:7b,moderate,2.0,purity
agreement,11,gemma:7b,moderate,2.0,purity
agreement,11,gemma:7b,moderate,2.0,purity
agreement,11,gemma:7b,moderate,2.0,purity
agreement,11,gemma:7b,liberal,2.0,purity
agreement,11,gemma:7b,liberal,2.0,purity
agreement,11,gemma:7b,liberal,2.0,purity
agreement,11,gemma:7b,liberal,2.0,purity
agreement,11,gemma:7b,liberal,2.0,purity
agreement,11,gemma:7b,liberal,2.0,purity
agreement,11,gemma:7b,liberal,2.0,purity
agreement,11,gemma:7b,liberal,2.0,purity
agreement,11,gemma:7b,liberal,2.0,purity
agreement,11,gemma:7b,liberal,2.0,purity
agreement,11,gemma:7b,liberal,2.0,purity
agreement,11,gemma:7b,liberal,2.0,purity
agreement,11,gemma:7b,liberal,2.0,purity
agreement,11,gemma:7b,liberal,2.0,purity
agreement,11,gemma:7b,liberal,2.0,purity
agreement,11,gemma:7b,liberal,2.0,purity
agreement,11,gemma:7b,liberal,2.0,purity
agreement,11,gemma:7b,liberal,2.0,purity
agreement,11,gemma:7b,liberal,2.0,purity
agreement,11,gemma:7b,liberal,2.0,purity
agreement,11,gemma:7b,liberal,2.0,purity
agreement,11,gemma:7b,liberal,2.0,purity
agreement,11,gemma:7b,liberal,2.0,purity
agreement,11,gemma:7b,liberal,2.0,purity
agreement,11,gemma:7b,liberal,2.0,purity
agreement,11,gemma:7b,liberal,2.0,purity
agreement,11,gemma:7b,liberal,2.0,purity
agreement,11,gemma:7b,liberal,2.0,purity
agreement,11,gemma:7b,liberal,2.0,purity
agreement,11,gemma:7b,liberal,2.0,purity
agreement,11,gemma:7b,liberal,2.0,purity
agreement,11,gemma:7b,liberal,2.0,purity
agreement,11,gemma:7b,liberal,2.0,purity
agreement,11,gemma:7b,liberal,2.0,purity
agreement,11,gemma:7b,liberal,2.0,purity
agreement,11,gemma:7b,liberal,2.0,purity
agreement,11,gemma:7b,liberal,2.0,purity
agreement,11,gemma:7b,liberal,2.0,purity
agreement,11,gemma:7b,liberal,2.0,purity
agreement,11,gemma:7b,liberal,2.0,purity
agreement,11,gemma:7b,liberal,2.0,purity
agreement,11,gemma:7b,liberal,2.0,purity
agreement,11,gemma:7b,liberal,2.0,purity
agreement,11,gemma:7b,liberal,2.0,purity
agreement,11,gemma:7b,liberal,2.0,purity
agreement,11,gemma:7b,liberal,2.0,purity
agreement,11,gemma:7b,liberal,2.0,purity
agreement,11,gemma:7b,liberal,2.0,purity
agreement,11,gemma:7b,liberal,2.0,purity
agreement,11,gemma:7b,liberal,2.0,purity
agreement,11,gemma2:27b,conservative,4.0,purity
agreement,11,gemma2:27b,conservative,4.0,purity
agreement,11,gemma2:27b,conservative,4.0,purity
agreement,11,gemma2:27b,conservative,4.0,purity
agreement,11,gemma2:27b,conservative,4.0,purity
agreement,11,gemma2:27b,conservative,4.0,purity
agreement,11,gemma2:27b,conservative,4.0,purity
agreement,11,gemma2:27b,conservative,4.0,purity
agreement,11,gemma2:27b,conservative,4.0,purity
agreement,11,gemma2:27b,conservative,4.0,purity
agreement,11,gemma2:27b,conservative,4.0,purity
agreement,11,gemma2:27b,conservative,4.0,purity
agreement,11,gemma2:27b,conservative,4.0,purity
agreement,11,gemma2:27b,conservative,4.0,purity
agreement,11,gemma2:27b,conservative,4.0,purity
agreement,11,gemma2:27b,conservative,4.0,purity
agreement,11,gemma2:27b,conservative,4.0,purity
agreement,11,gemma2:27b,conservative,4.0,purity
agreement,11,gemma2:27b,conservative,4.0,purity
agreement,11,gemma2:27b,conservative,4.0,purity
agreement,11,gemma2:27b,conservative,4.0,purity
agreement,11,gemma2:27b,conservative,4.0,purity
agreement,11,gemma2:27b,conservative,4.0,purity
agreement,11,gemma2:27b,conservative,4.0,purity
agreement,11,gemma2:27b,conservative,4.0,purity
agreement,11,gemma2:27b,conservative,4.0,purity
agreement,11,gemma2:27b,conservative,4.0,purity
agreement,11,gemma2:27b,conservative,4.0,purity
agreement,11,gemma2:27b,conservative,4.0,purity
agreement,11,gemma2:27b,conservative,4.0,purity
agreement,11,gemma2:27b,conservative,4.0,purity
agreement,11,gemma2:27b,conservative,4.0,purity
agreement,11,gemma2:27b,conservative,4.0,purity
agreement,11,gemma2:27b,conservative,4.0,purity
agreement,11,gemma2:27b,conservative,4.0,purity
agreement,11,gemma2:27b,conservative,4.0,purity
agreement,11,gemma2:27b,conservative,4.0,purity
agreement,11,gemma2:27b,conservative,4.0,purity
agreement,11,gemma2:27b,conservative,4.0,purity
agreement,11,gemma2:27b,conservative,4.0,purity
agreement,11,gemma2:27b,conservative,4.0,purity
agreement,11,gemma2:27b,conservative,4.0,purity
agreement,11,gemma2:27b,conservative,4.0,purity
agreement,11,gemma2:27b,conservative,4.0,purity
agreement,11,gemma2:27b,conservative,4.0,purity
agreement,11,gemma2:27b,conservative,4.0,purity
agreement,11,gemma2:27b,conservative,4.0,purity
agreement,11,gemma2:27b,conservative,4.0,purity
agreement,11,gemma2:27b,conservative,4.0,purity
agreement,11,gemma2:27b,conservative,4.0,purity
agreement,11,gemma2:27b,moderate,1.0,purity
agreement,11,gemma2:27b,moderate,2.0,purity
agreement,11,gemma2:27b,moderate,1.0,purity
agreement,11,gemma2:27b,moderate,2.0,purity
agreement,11,gemma2:27b,moderate,2.0,purity
agreement,11,gemma2:27b,moderate,2.0,purity
agreement,11,gemma2:27b,moderate,2.0,purity
agreement,11,gemma2:27b,moderate,1.0,purity
agreement,11,gemma2:27b,moderate,2.0,purity
agreement,11,gemma2:27b,moderate,2.0,purity
agreement,11,gemma2:27b,moderate,2.0,purity
agreement,11,gemma2:27b,moderate,2.0,purity
agreement,11,gemma2:27b,moderate,1.0,purity
agreement,11,gemma2:27b,moderate,2.0,purity
agreement,11,gemma2:27b,moderate,2.0,purity
agreement,11,gemma2:27b,moderate,2.0,purity
agreement,11,gemma2:27b,moderate,2.0,purity
agreement,11,gemma2:27b,moderate,1.0,purity
agreement,11,gemma2:27b,moderate,1.0,purity
agreement,11,gemma2:27b,moderate,1.0,purity
agreement,11,gemma2:27b,moderate,1.0,purity
agreement,11,gemma2:27b,moderate,2.0,purity
agreement,11,gemma2:27b,moderate,2.0,purity
agreement,11,gemma2:27b,moderate,1.0,purity
agreement,11,gemma2:27b,moderate,2.0,purity
agreement,11,gemma2:27b,moderate,1.0,purity
agreement,11,gemma2:27b,moderate,2.0,purity
agreement,11,gemma2:27b,moderate,1.0,purity
agreement,11,gemma2:27b,moderate,2.0,purity
agreement,11,gemma2:27b,moderate,2.0,purity
agreement,11,gemma2:27b,moderate,2.0,purity
agreement,11,gemma2:27b,moderate,1.0,purity
agreement,11,gemma2:27b,moderate,1.0,purity
agreement,11,gemma2:27b,moderate,1.0,purity
agreement,11,gemma2:27b,moderate,2.0,purity
agreement,11,gemma2:27b,moderate,2.0,purity
agreement,11,gemma2:27b,moderate,2.0,purity
agreement,11,gemma2:27b,moderate,2.0,purity
agreement,11,gemma2:27b,moderate,1.0,purity
agreement,11,gemma2:27b,moderate,2.0,purity
agreement,11,gemma2:27b,moderate,1.0,purity
agreement,11,gemma2:27b,moderate,2.0,purity
agreement,11,gemma2:27b,moderate,1.0,purity
agreement,11,gemma2:27b,moderate,2.0,purity
agreement,11,gemma2:27b,moderate,1.0,purity
agreement,11,gemma2:27b,moderate,2.0,purity
agreement,11,gemma2:27b,moderate,1.0,purity
agreement,11,gemma2:27b,moderate,1.0,purity
agreement,11,gemma2:27b,moderate,2.0,purity
agreement,11,gemma2:27b,moderate,2.0,purity
agreement,11,gemma2:27b,liberal,1.0,purity
agreement,11,gemma2:27b,liberal,0.0,purity
agreement,11,gemma2:27b,liberal,1.0,purity
agreement,11,gemma2:27b,liberal,1.0,purity
agreement,11,gemma2:27b,liberal,1.0,purity
agreement,11,gemma2:27b,liberal,1.0,purity
agreement,11,gemma2:27b,liberal,1.0,purity
agreement,11,gemma2:27b,liberal,1.0,purity
agreement,11,gemma2:27b,liberal,1.0,purity
agreement,11,gemma2:27b,liberal,1.0,purity
agreement,11,gemma2:27b,liberal,1.0,purity
agreement,11,gemma2:27b,liberal,1.0,purity
agreement,11,gemma2:27b,liberal,1.0,purity
agreement,11,gemma2:27b,liberal,1.0,purity
agreement,11,gemma2:27b,liberal,0.0,purity
agreement,11,gemma2:27b,liberal,1.0,purity
agreement,11,gemma2:27b,liberal,1.0,purity
agreement,11,gemma2:27b,liberal,1.0,purity
agreement,11,gemma2:27b,liberal,1.0,purity
agreement,11,gemma2:27b,liberal,1.0,purity
agreement,11,gemma2:27b,liberal,1.0,purity
agreement,11,gemma2:27b,liberal,1.0,purity
agreement,11,gemma2:27b,liberal,1.0,purity
agreement,11,gemma2:27b,liberal,1.0,purity
agreement,11,gemma2:27b,liberal,1.0,purity
agreement,11,gemma2:27b,liberal,1.0,purity
agreement,11,gemma2:27b,liberal,1.0,purity
agreement,11,gemma2:27b,liberal,1.0,purity
agreement,11,gemma2:27b,liberal,1.0,purity
agreement,11,gemma2:27b,liberal,1.0,purity
agreement,11,gemma2:27b,liberal,1.0,purity
agreement,11,gemma2:27b,liberal,1.0,purity
agreement,11,gemma2:27b,liberal,1.0,purity
agreement,11,gemma2:27b,liberal,1.0,purity
agreement,11,gemma2:27b,liberal,1.0,purity
agreement,11,gemma2:27b,liberal,1.0,purity
agreement,11,gemma2:27b,liberal,1.0,purity
agreement,11,gemma2:27b,liberal,1.0,purity
agreement,11,gemma2:27b,liberal,1.0,purity
agreement,11,gemma2:27b,liberal,1.0,purity
agreement,11,gemma2:27b,liberal,1.0,purity
agreement,11,gemma2:27b,liberal,1.0,purity
agreement,11,gemma2:27b,liberal,1.0,purity
agreement,11,gemma2:27b,liberal,1.0,purity
agreement,11,gemma2:27b,liberal,1.0,purity
agreement,11,gemma2:27b,liberal,1.0,purity
agreement,11,gemma2:27b,liberal,1.0,purity
agreement,11,gemma2:27b,liberal,1.0,purity
agreement,11,gemma2:27b,liberal,1.0,purity
agreement,11,gemma2:27b,liberal,1.0,purity
agreement,11,qwen:72b,conservative,5.0,purity
agreement,11,qwen:72b,conservative,4.0,purity
agreement,11,qwen:72b,conservative,5.0,purity
agreement,11,qwen:72b,conservative,5.0,purity
agreement,11,qwen:72b,conservative,5.0,purity
agreement,11,qwen:72b,conservative,5.0,purity
agreement,11,qwen:72b,conservative,4.0,purity
agreement,11,qwen:72b,conservative,4.0,purity
agreement,11,qwen:72b,conservative,5.0,purity
agreement,11,qwen:72b,conservative,5.0,purity
agreement,11,qwen:72b,conservative,4.0,purity
agreement,11,qwen:72b,conservative,5.0,purity
agreement,11,qwen:72b,conservative,5.0,purity
agreement,11,qwen:72b,conservative,5.0,purity
agreement,11,qwen:72b,conservative,5.0,purity
agreement,11,qwen:72b,conservative,5.0,purity
agreement,11,qwen:72b,conservative,4.0,purity
agreement,11,qwen:72b,conservative,5.0,purity
agreement,11,qwen:72b,conservative,5.0,purity
agreement,11,qwen:72b,conservative,5.0,purity
agreement,11,qwen:72b,conservative,5.0,purity
agreement,11,qwen:72b,conservative,5.0,purity
agreement,11,qwen:72b,conservative,5.0,purity
agreement,11,qwen:72b,conservative,5.0,purity
agreement,11,qwen:72b,conservative,5.0,purity
agreement,11,qwen:72b,conservative,4.0,purity
agreement,11,qwen:72b,conservative,5.0,purity
agreement,11,qwen:72b,conservative,5.0,purity
agreement,11,qwen:72b,conservative,4.0,purity
agreement,11,qwen:72b,conservative,4.0,purity
agreement,11,qwen:72b,conservative,5.0,purity
agreement,11,qwen:72b,conservative,5.0,purity
agreement,11,qwen:72b,conservative,5.0,purity
agreement,11,qwen:72b,conservative,5.0,purity
agreement,11,qwen:72b,conservative,5.0,purity
agreement,11,qwen:72b,conservative,5.0,purity
agreement,11,qwen:72b,conservative,5.0,purity
agreement,11,qwen:72b,conservative,5.0,purity
agreement,11,qwen:72b,conservative,5.0,purity
agreement,11,qwen:72b,conservative,5.0,purity
agreement,11,qwen:72b,conservative,5.0,purity
agreement,11,qwen:72b,conservative,5.0,purity
agreement,11,qwen:72b,conservative,4.0,purity
agreement,11,qwen:72b,conservative,5.0,purity
agreement,11,qwen:72b,conservative,5.0,purity
agreement,11,qwen:72b,conservative,4.0,purity
agreement,11,qwen:72b,conservative,5.0,purity
agreement,11,qwen:72b,conservative,5.0,purity
agreement,11,qwen:72b,conservative,5.0,purity
agreement,11,qwen:72b,conservative,5.0,purity
agreement,11,qwen:72b,moderate,5.0,purity
agreement,11,qwen:72b,moderate,0.0,purity
agreement,11,qwen:72b,moderate,2.0,purity
agreement,11,qwen:72b,moderate,2.0,purity
agreement,11,qwen:72b,moderate,2.0,purity
agreement,11,qwen:72b,moderate,2.0,purity
agreement,11,qwen:72b,moderate,2.0,purity
agreement,11,qwen:72b,moderate,5.0,purity
agreement,11,qwen:72b,moderate,2.0,purity
agreement,11,qwen:72b,moderate,2.0,purity
agreement,11,qwen:72b,moderate,5.0,purity
agreement,11,qwen:72b,moderate,4.0,purity
agreement,11,qwen:72b,moderate,2.0,purity
agreement,11,qwen:72b,moderate,5.0,purity
agreement,11,qwen:72b,moderate,4.0,purity
agreement,11,qwen:72b,moderate,2.0,purity
agreement,11,qwen:72b,moderate,2.0,purity
agreement,11,qwen:72b,moderate,2.0,purity
agreement,11,qwen:72b,moderate,2.0,purity
agreement,11,qwen:72b,moderate,0.0,purity
agreement,11,qwen:72b,moderate,2.0,purity
agreement,11,qwen:72b,moderate,5.0,purity
agreement,11,qwen:72b,moderate,2.0,purity
agreement,11,qwen:72b,moderate,2.0,purity
agreement,11,qwen:72b,moderate,2.0,purity
agreement,11,qwen:72b,moderate,4.0,purity
agreement,11,qwen:72b,moderate,2.0,purity
agreement,11,qwen:72b,moderate,5.0,purity
agreement,11,qwen:72b,moderate,4.0,purity
agreement,11,qwen:72b,moderate,2.0,purity
agreement,11,qwen:72b,moderate,1.0,purity
agreement,11,qwen:72b,moderate,5.0,purity
agreement,11,qwen:72b,moderate,2.0,purity
agreement,11,qwen:72b,moderate,2.0,purity
agreement,11,qwen:72b,moderate,2.0,purity
agreement,11,qwen:72b,moderate,2.0,purity
agreement,11,qwen:72b,moderate,2.0,purity
agreement,11,qwen:72b,moderate,5.0,purity
agreement,11,qwen:72b,moderate,0.0,purity
agreement,11,qwen:72b,moderate,2.0,purity
agreement,11,qwen:72b,moderate,4.0,purity
agreement,11,qwen:72b,moderate,2.0,purity
agreement,11,qwen:72b,moderate,2.0,purity
agreement,11,qwen:72b,moderate,2.0,purity
agreement,11,qwen:72b,moderate,2.0,purity
agreement,11,qwen:72b,moderate,2.0,purity
agreement,11,qwen:72b,moderate,2.0,purity
agreement,11,qwen:72b,moderate,2.0,purity
agreement,11,qwen:72b,moderate,0.0,purity
agreement,11,qwen:72b,liberal,2.0,purity
agreement,11,qwen:72b,liberal,2.0,purity
agreement,11,qwen:72b,liberal,2.0,purity
agreement,11,qwen:72b,liberal,2.0,purity
agreement,11,qwen:72b,liberal,2.0,purity
agreement,11,qwen:72b,liberal,2.0,purity
agreement,11,qwen:72b,liberal,2.0,purity
agreement,11,qwen:72b,liberal,2.0,purity
agreement,11,qwen:72b,liberal,2.0,purity
agreement,11,qwen:72b,liberal,1.0,purity
agreement,11,qwen:72b,liberal,2.0,purity
agreement,11,qwen:72b,liberal,2.0,purity
agreement,11,qwen:72b,liberal,2.0,purity
agreement,11,qwen:72b,liberal,2.0,purity
agreement,11,qwen:72b,liberal,2.0,purity
agreement,11,qwen:72b,liberal,1.0,purity
agreement,11,qwen:72b,liberal,2.0,purity
agreement,11,qwen:72b,liberal,2.0,purity
agreement,11,qwen:72b,liberal,2.0,purity
agreement,11,qwen:72b,liberal,2.0,purity
agreement,11,qwen:72b,liberal,2.0,purity
agreement,11,qwen:72b,liberal,2.0,purity
agreement,11,qwen:72b,liberal,2.0,purity
agreement,11,qwen:72b,liberal,2.0,purity
agreement,11,qwen:72b,liberal,2.0,purity
agreement,11,qwen:72b,liberal,1.0,purity
agreement,11,qwen:72b,liberal,2.0,purity
agreement,11,qwen:72b,liberal,2.0,purity
agreement,11,qwen:72b,liberal,1.0,purity
agreement,11,qwen:72b,liberal,5.0,purity
agreement,11,qwen:72b,liberal,1.0,purity
agreement,11,qwen:72b,liberal,1.0,purity
agreement,11,qwen:72b,liberal,2.0,purity
agreement,11,qwen:72b,liberal,1.0,purity
agreement,11,qwen:72b,liberal,2.0,purity
agreement,11,qwen:72b,liberal,1.0,purity
agreement,11,qwen:72b,liberal,2.0,purity
agreement,11,qwen:72b,liberal,2.0,purity
agreement,11,qwen:72b,liberal,2.0,purity
agreement,11,qwen:72b,liberal,2.0,purity
agreement,11,qwen:72b,liberal,2.0,purity
agreement,11,qwen:72b,liberal,2.0,purity
agreement,11,qwen:72b,liberal,2.0,purity
agreement,11,qwen:72b,liberal,5.0,purity
agreement,11,qwen:72b,liberal,1.0,purity
agreement,11,qwen:72b,liberal,5.0,purity
agreement,11,qwen:72b,liberal,2.0,purity
agreement,11,qwen:72b,liberal,2.0,purity
agreement,11,qwen:72b,liberal,2.0,purity
agreement,11,qwen:72b,liberal,2.0,purity
agreement,11,qwen2:72b,conservative,5.0,purity
agreement,11,qwen2:72b,conservative,5.0,purity
agreement,11,qwen2:72b,conservative,5.0,purity
agreement,11,qwen2:72b,conservative,5.0,purity
agreement,11,qwen2:72b,conservative,5.0,purity
agreement,11,qwen2:72b,conservative,5.0,purity
agreement,11,qwen2:72b,conservative,5.0,purity
agreement,11,qwen2:72b,conservative,5.0,purity
agreement,11,qwen2:72b,conservative,5.0,purity
agreement,11,qwen2:72b,conservative,5.0,purity
agreement,11,qwen2:72b,conservative,5.0,purity
agreement,11,qwen2:72b,conservative,5.0,purity
agreement,11,qwen2:72b,conservative,5.0,purity
agreement,11,qwen2:72b,conservative,5.0,purity
agreement,11,qwen2:72b,conservative,5.0,purity
agreement,11,qwen2:72b,conservative,5.0,purity
agreement,11,qwen2:72b,conservative,5.0,purity
agreement,11,qwen2:72b,conservative,5.0,purity
agreement,11,qwen2:72b,conservative,5.0,purity
agreement,11,qwen2:72b,conservative,5.0,purity
agreement,11,qwen2:72b,conservative,5.0,purity
agreement,11,qwen2:72b,conservative,5.0,purity
agreement,11,qwen2:72b,conservative,5.0,purity
agreement,11,qwen2:72b,conservative,5.0,purity
agreement,11,qwen2:72b,conservative,5.0,purity
agreement,11,qwen2:72b,conservative,5.0,purity
agreement,11,qwen2:72b,conservative,5.0,purity
agreement,11,qwen2:72b,conservative,5.0,purity
agreement,11,qwen2:72b,conservative,5.0,purity
agreement,11,qwen2:72b,conservative,5.0,purity
agreement,11,qwen2:72b,conservative,5.0,purity
agreement,11,qwen2:72b,conservative,5.0,purity
agreement,11,qwen2:72b,conservative,5.0,purity
agreement,11,qwen2:72b,conservative,5.0,purity
agreement,11,qwen2:72b,conservative,5.0,purity
agreement,11,qwen2:72b,conservative,5.0,purity
agreement,11,qwen2:72b,conservative,5.0,purity
agreement,11,qwen2:72b,conservative,5.0,purity
agreement,11,qwen2:72b,conservative,5.0,purity
agreement,11,qwen2:72b,conservative,5.0,purity
agreement,11,qwen2:72b,conservative,5.0,purity
agreement,11,qwen2:72b,conservative,5.0,purity
agreement,11,qwen2:72b,conservative,5.0,purity
agreement,11,qwen2:72b,conservative,5.0,purity
agreement,11,qwen2:72b,conservative,5.0,purity
agreement,11,qwen2:72b,conservative,5.0,purity
agreement,11,qwen2:72b,conservative,5.0,purity
agreement,11,qwen2:72b,conservative,5.0,purity
agreement,11,qwen2:72b,conservative,5.0,purity
agreement,11,qwen2:72b,conservative,5.0,purity
agreement,11,qwen2:72b,moderate,2.0,purity
agreement,11,qwen2:72b,moderate,2.0,purity
agreement,11,qwen2:72b,moderate,3.0,purity
agreement,11,qwen2:72b,moderate,2.0,purity
agreement,11,qwen2:72b,moderate,2.0,purity
agreement,11,qwen2:72b,moderate,2.0,purity
agreement,11,qwen2:72b,moderate,3.0,purity
agreement,11,qwen2:72b,moderate,2.0,purity
agreement,11,qwen2:72b,moderate,2.0,purity
agreement,11,qwen2:72b,moderate,3.0,purity
agreement,11,qwen2:72b,moderate,2.0,purity
agreement,11,qwen2:72b,moderate,2.0,purity
agreement,11,qwen2:72b,moderate,3.0,purity
agreement,11,qwen2:72b,moderate,2.0,purity
agreement,11,qwen2:72b,moderate,2.0,purity
agreement,11,qwen2:72b,moderate,2.0,purity
agreement,11,qwen2:72b,moderate,2.0,purity
agreement,11,qwen2:72b,moderate,2.0,purity
agreement,11,qwen2:72b,moderate,2.0,purity
agreement,11,qwen2:72b,moderate,2.0,purity
agreement,11,qwen2:72b,moderate,2.0,purity
agreement,11,qwen2:72b,moderate,2.0,purity
agreement,11,qwen2:72b,moderate,2.0,purity
agreement,11,qwen2:72b,moderate,2.0,purity
agreement,11,qwen2:72b,moderate,2.0,purity
agreement,11,qwen2:72b,moderate,3.0,purity
agreement,11,qwen2:72b,moderate,2.0,purity
agreement,11,qwen2:72b,moderate,2.0,purity
agreement,11,qwen2:72b,moderate,2.0,purity
agreement,11,qwen2:72b,moderate,2.0,purity
agreement,11,qwen2:72b,moderate,2.0,purity
agreement,11,qwen2:72b,moderate,2.0,purity
agreement,11,qwen2:72b,moderate,2.0,purity
agreement,11,qwen2:72b,moderate,2.0,purity
agreement,11,qwen2:72b,moderate,2.0,purity
agreement,11,qwen2:72b,moderate,3.0,purity
agreement,11,qwen2:72b,moderate,2.0,purity
agreement,11,qwen2:72b,moderate,2.0,purity
agreement,11,qwen2:72b,moderate,3.0,purity
agreement,11,qwen2:72b,moderate,2.0,purity
agreement,11,qwen2:72b,moderate,2.0,purity
agreement,11,qwen2:72b,moderate,2.0,purity
agreement,11,qwen2:72b,moderate,2.0,purity
agreement,11,qwen2:72b,moderate,2.0,purity
agreement,11,qwen2:72b,moderate,2.0,purity
agreement,11,qwen2:72b,moderate,2.0,purity
agreement,11,qwen2:72b,moderate,2.0,purity
agreement,11,qwen2:72b,moderate,2.0,purity
agreement,11,qwen2:72b,moderate,2.0,purity
agreement,11,qwen2:72b,moderate,2.0,purity
agreement,11,qwen2:72b,liberal,0.0,purity
agreement,11,qwen2:72b,liberal,0.0,purity
agreement,11,qwen2:72b,liberal,0.0,purity
agreement,11,qwen2:72b,liberal,1.0,purity
agreement,11,qwen2:72b,liberal,0.0,purity
agreement,11,qwen2:72b,liberal,1.0,purity
agreement,11,qwen2:72b,liberal,0.0,purity
agreement,11,qwen2:72b,liberal,0.0,purity
agreement,11,qwen2:72b,liberal,0.0,purity
agreement,11,qwen2:72b,liberal,0.0,purity
agreement,11,qwen2:72b,liberal,0.0,purity
agreement,11,qwen2:72b,liberal,0.0,purity
agreement,11,qwen2:72b,liberal,0.0,purity
agreement,11,qwen2:72b,liberal,0.0,purity
agreement,11,qwen2:72b,liberal,0.0,purity
agreement,11,qwen2:72b,liberal,0.0,purity
agreement,11,qwen2:72b,liberal,0.0,purity
agreement,11,qwen2:72b,liberal,0.0,purity
agreement,11,qwen2:72b,liberal,0.0,purity
agreement,11,qwen2:72b,liberal,0.0,purity
agreement,11,qwen2:72b,liberal,0.0,purity
agreement,11,qwen2:72b,liberal,1.0,purity
agreement,11,qwen2:72b,liberal,0.0,purity
agreement,11,qwen2:72b,liberal,0.0,purity
agreement,11,qwen2:72b,liberal,0.0,purity
agreement,11,qwen2:72b,liberal,0.0,purity
agreement,11,qwen2:72b,liberal,0.0,purity
agreement,11,qwen2:72b,liberal,0.0,purity
agreement,11,qwen2:72b,liberal,0.0,purity
agreement,11,qwen2:72b,liberal,0.0,purity
agreement,11,qwen2:72b,liberal,0.0,purity
agreement,11,qwen2:72b,liberal,0.0,purity
agreement,11,qwen2:72b,liberal,0.0,purity
agreement,11,qwen2:72b,liberal,0.0,purity
agreement,11,qwen2:72b,liberal,0.0,purity
agreement,11,qwen2:72b,liberal,0.0,purity
agreement,11,qwen2:72b,liberal,0.0,purity
agreement,11,qwen2:72b,liberal,1.0,purity
agreement,11,qwen2:72b,liberal,0.0,purity
agreement,11,qwen2:72b,liberal,0.0,purity
agreement,11,qwen2:72b,liberal,0.0,purity
agreement,11,qwen2:72b,liberal,0.0,purity
agreement,11,qwen2:72b,liberal,0.0,purity
agreement,11,qwen2:72b,liberal,0.0,purity
agreement,11,qwen2:72b,liberal,0.0,purity
agreement,11,qwen2:72b,liberal,0.0,purity
agreement,11,qwen2:72b,liberal,0.0,purity
agreement,11,qwen2:72b,liberal,0.0,purity
agreement,11,qwen2:72b,liberal,0.0,purity
agreement,11,qwen2:72b,liberal,0.0,purity
agreement,12,llama3.1:8b,conservative,5.0,harm
agreement,12,llama3.1:8b,conservative,5.0,harm
agreement,12,llama3.1:8b,conservative,5.0,harm
agreement,12,llama3.1:8b,conservative,5.0,harm
agreement,12,llama3.1:8b,conservative,5.0,harm
agreement,12,llama3.1:8b,conservative,5.0,harm
agreement,12,llama3.1:8b,conservative,5.0,harm
agreement,12,llama3.1:8b,conservative,5.0,harm
agreement,12,llama3.1:8b,conservative,5.0,harm
agreement,12,llama3.1:8b,conservative,5.0,harm
agreement,12,llama3.1:8b,conservative,5.0,harm
agreement,12,llama3.1:8b,conservative,5.0,harm
agreement,12,llama3.1:8b,conservative,5.0,harm
agreement,12,llama3.1:8b,conservative,5.0,harm
agreement,12,llama3.1:8b,conservative,5.0,harm
agreement,12,llama3.1:8b,conservative,5.0,harm
agreement,12,llama3.1:8b,conservative,5.0,harm
agreement,12,llama3.1:8b,conservative,5.0,harm
agreement,12,llama3.1:8b,conservative,5.0,harm
agreement,12,llama3.1:8b,conservative,5.0,harm
agreement,12,llama3.1:8b,conservative,5.0,harm
agreement,12,llama3.1:8b,conservative,5.0,harm
agreement,12,llama3.1:8b,conservative,5.0,harm
agreement,12,llama3.1:8b,conservative,5.0,harm
agreement,12,llama3.1:8b,conservative,5.0,harm
agreement,12,llama3.1:8b,conservative,5.0,harm
agreement,12,llama3.1:8b,conservative,5.0,harm
agreement,12,llama3.1:8b,conservative,5.0,harm
agreement,12,llama3.1:8b,conservative,5.0,harm
agreement,12,llama3.1:8b,conservative,5.0,harm
agreement,12,llama3.1:8b,conservative,5.0,harm
agreement,12,llama3.1:8b,conservative,5.0,harm
agreement,12,llama3.1:8b,conservative,5.0,harm
agreement,12,llama3.1:8b,conservative,5.0,harm
agreement,12,llama3.1:8b,conservative,5.0,harm
agreement,12,llama3.1:8b,conservative,5.0,harm
agreement,12,llama3.1:8b,conservative,5.0,harm
agreement,12,llama3.1:8b,conservative,5.0,harm
agreement,12,llama3.1:8b,conservative,5.0,harm
agreement,12,llama3.1:8b,conservative,5.0,harm
agreement,12,llama3.1:8b,conservative,5.0,harm
agreement,12,llama3.1:8b,conservative,5.0,harm
agreement,12,llama3.1:8b,conservative,5.0,harm
agreement,12,llama3.1:8b,conservative,5.0,harm
agreement,12,llama3.1:8b,conservative,5.0,harm
agreement,12,llama3.1:8b,conservative,5.0,harm
agreement,12,llama3.1:8b,conservative,5.0,harm
agreement,12,llama3.1:8b,conservative,5.0,harm
agreement,12,llama3.1:8b,conservative,5.0,harm
agreement,12,llama3.1:8b,conservative,5.0,harm
agreement,12,llama3.1:8b,moderate,5.0,harm
agreement,12,llama3.1:8b,moderate,5.0,harm
agreement,12,llama3.1:8b,moderate,5.0,harm
agreement,12,llama3.1:8b,moderate,5.0,harm
agreement,12,llama3.1:8b,moderate,5.0,harm
agreement,12,llama3.1:8b,moderate,5.0,harm
agreement,12,llama3.1:8b,moderate,5.0,harm
agreement,12,llama3.1:8b,moderate,5.0,harm
agreement,12,llama3.1:8b,moderate,5.0,harm
agreement,12,llama3.1:8b,moderate,5.0,harm
agreement,12,llama3.1:8b,moderate,5.0,harm
agreement,12,llama3.1:8b,moderate,5.0,harm
agreement,12,llama3.1:8b,moderate,5.0,harm
agreement,12,llama3.1:8b,moderate,5.0,harm
agreement,12,llama3.1:8b,moderate,5.0,harm
agreement,12,llama3.1:8b,moderate,5.0,harm
agreement,12,llama3.1:8b,moderate,5.0,harm
agreement,12,llama3.1:8b,moderate,5.0,harm
agreement,12,llama3.1:8b,moderate,5.0,harm
agreement,12,llama3.1:8b,moderate,5.0,harm
agreement,12,llama3.1:8b,moderate,5.0,harm
agreement,12,llama3.1:8b,moderate,5.0,harm
agreement,12,llama3.1:8b,moderate,5.0,harm
agreement,12,llama3.1:8b,moderate,5.0,harm
agreement,12,llama3.1:8b,moderate,5.0,harm
agreement,12,llama3.1:8b,moderate,5.0,harm
agreement,12,llama3.1:8b,moderate,5.0,harm
agreement,12,llama3.1:8b,moderate,5.0,harm
agreement,12,llama3.1:8b,moderate,5.0,harm
agreement,12,llama3.1:8b,moderate,5.0,harm
agreement,12,llama3.1:8b,moderate,5.0,harm
agreement,12,llama3.1:8b,moderate,5.0,harm
agreement,12,llama3.1:8b,moderate,5.0,harm
agreement,12,llama3.1:8b,moderate,5.0,harm
agreement,12,llama3.1:8b,moderate,5.0,harm
agreement,12,llama3.1:8b,moderate,5.0,harm
agreement,12,llama3.1:8b,moderate,5.0,harm
agreement,12,llama3.1:8b,moderate,5.0,harm
agreement,12,llama3.1:8b,moderate,5.0,harm
agreement,12,llama3.1:8b,moderate,5.0,harm
agreement,12,llama3.1:8b,moderate,5.0,harm
agreement,12,llama3.1:8b,moderate,5.0,harm
agreement,12,llama3.1:8b,moderate,5.0,harm
agreement,12,llama3.1:8b,moderate,5.0,harm
agreement,12,llama3.1:8b,moderate,5.0,harm
agreement,12,llama3.1:8b,moderate,5.0,harm
agreement,12,llama3.1:8b,moderate,5.0,harm
agreement,12,llama3.1:8b,moderate,5.0,harm
agreement,12,llama3.1:8b,moderate,5.0,harm
agreement,12,llama3.1:8b,moderate,5.0,harm
agreement,12,llama3.1:8b,liberal,5.0,harm
agreement,12,llama3.1:8b,liberal,5.0,harm
agreement,12,llama3.1:8b,liberal,5.0,harm
agreement,12,llama3.1:8b,liberal,5.0,harm
agreement,12,llama3.1:8b,liberal,5.0,harm
agreement,12,llama3.1:8b,liberal,5.0,harm
agreement,12,llama3.1:8b,liberal,5.0,harm
agreement,12,llama3.1:8b,liberal,5.0,harm
agreement,12,llama3.1:8b,liberal,5.0,harm
agreement,12,llama3.1:8b,liberal,5.0,harm
agreement,12,llama3.1:8b,liberal,5.0,harm
agreement,12,llama3.1:8b,liberal,5.0,harm
agreement,12,llama3.1:8b,liberal,5.0,harm
agreement,12,llama3.1:8b,liberal,5.0,harm
agreement,12,llama3.1:8b,liberal,5.0,harm
agreement,12,llama3.1:8b,liberal,5.0,harm
agreement,12,llama3.1:8b,liberal,5.0,harm
agreement,12,llama3.1:8b,liberal,5.0,harm
agreement,12,llama3.1:8b,liberal,5.0,harm
agreement,12,llama3.1:8b,liberal,5.0,harm
agreement,12,llama3.1:8b,liberal,5.0,harm
agreement,12,llama3.1:8b,liberal,5.0,harm
agreement,12,llama3.1:8b,liberal,5.0,harm
agreement,12,llama3.1:8b,liberal,5.0,harm
agreement,12,llama3.1:8b,liberal,5.0,harm
agreement,12,llama3.1:8b,liberal,5.0,harm
agreement,12,llama3.1:8b,liberal,5.0,harm
agreement,12,llama3.1:8b,liberal,5.0,harm
agreement,12,llama3.1:8b,liberal,5.0,harm
agreement,12,llama3.1:8b,liberal,5.0,harm
agreement,12,llama3.1:8b,liberal,5.0,harm
agreement,12,llama3.1:8b,liberal,5.0,harm
agreement,12,llama3.1:8b,liberal,5.0,harm
agreement,12,llama3.1:8b,liberal,5.0,harm
agreement,12,llama3.1:8b,liberal,5.0,harm
agreement,12,llama3.1:8b,liberal,5.0,harm
agreement,12,llama3.1:8b,liberal,5.0,harm
agreement,12,llama3.1:8b,liberal,5.0,harm
agreement,12,llama3.1:8b,liberal,5.0,harm
agreement,12,llama3.1:8b,liberal,5.0,harm
agreement,12,llama3.1:8b,liberal,5.0,harm
agreement,12,llama3.1:8b,liberal,5.0,harm
agreement,12,llama3.1:8b,liberal,5.0,harm
agreement,12,llama3.1:8b,liberal,5.0,harm
agreement,12,llama3.1:8b,liberal,5.0,harm
agreement,12,llama3.1:8b,liberal,5.0,harm
agreement,12,llama3.1:8b,liberal,5.0,harm
agreement,12,llama3.1:8b,liberal,5.0,harm
agreement,12,llama3.1:8b,liberal,5.0,harm
agreement,12,llama3.1:8b,liberal,5.0,harm
agreement,12,llama2:70b,conservative,5.0,harm
agreement,12,llama2:70b,conservative,4.0,harm
agreement,12,llama2:70b,conservative,4.0,harm
agreement,12,llama2:70b,conservative,4.0,harm
agreement,12,llama2:70b,conservative,4.0,harm
agreement,12,llama2:70b,conservative,4.0,harm
agreement,12,llama2:70b,conservative,4.0,harm
agreement,12,llama2:70b,conservative,5.0,harm
agreement,12,llama2:70b,conservative,4.0,harm
agreement,12,llama2:70b,conservative,4.0,harm
agreement,12,llama2:70b,conservative,4.0,harm
agreement,12,llama2:70b,conservative,5.0,harm
agreement,12,llama2:70b,conservative,4.0,harm
agreement,12,llama2:70b,conservative,4.0,harm
agreement,12,llama2:70b,conservative,4.0,harm
agreement,12,llama2:70b,conservative,4.0,harm
agreement,12,llama2:70b,conservative,4.0,harm
agreement,12,llama2:70b,conservative,4.0,harm
agreement,12,llama2:70b,conservative,4.0,harm
agreement,12,llama2:70b,conservative,4.0,harm
agreement,12,llama2:70b,conservative,4.0,harm
agreement,12,llama2:70b,conservative,4.0,harm
agreement,12,llama2:70b,conservative,4.0,harm
agreement,12,llama2:70b,conservative,4.0,harm
agreement,12,llama2:70b,conservative,4.0,harm
agreement,12,llama2:70b,conservative,5.0,harm
agreement,12,llama2:70b,conservative,4.0,harm
agreement,12,llama2:70b,conservative,4.0,harm
agreement,12,llama2:70b,conservative,5.0,harm
agreement,12,llama2:70b,conservative,4.0,harm
agreement,12,llama2:70b,conservative,4.0,harm
agreement,12,llama2:70b,conservative,4.0,harm
agreement,12,llama2:70b,conservative,4.0,harm
agreement,12,llama2:70b,conservative,4.0,harm
agreement,12,llama2:70b,conservative,4.0,harm
agreement,12,llama2:70b,conservative,4.0,harm
agreement,12,llama2:70b,conservative,4.0,harm
agreement,12,llama2:70b,conservative,5.0,harm
agreement,12,llama2:70b,conservative,5.0,harm
agreement,12,llama2:70b,conservative,4.0,harm
agreement,12,llama2:70b,conservative,4.0,harm
agreement,12,llama2:70b,conservative,4.0,harm
agreement,12,llama2:70b,conservative,4.0,harm
agreement,12,llama2:70b,conservative,4.0,harm
agreement,12,llama2:70b,conservative,4.0,harm
agreement,12,llama2:70b,conservative,4.0,harm
agreement,12,llama2:70b,conservative,4.0,harm
agreement,12,llama2:70b,conservative,4.0,harm
agreement,12,llama2:70b,conservative,5.0,harm
agreement,12,llama2:70b,moderate,4.0,harm
agreement,12,llama2:70b,moderate,4.0,harm
agreement,12,llama2:70b,moderate,4.0,harm
agreement,12,llama2:70b,moderate,4.0,harm
agreement,12,llama2:70b,moderate,4.0,harm
agreement,12,llama2:70b,moderate,4.0,harm
agreement,12,llama2:70b,moderate,4.0,harm
agreement,12,llama2:70b,moderate,4.0,harm
agreement,12,llama2:70b,moderate,4.0,harm
agreement,12,llama2:70b,moderate,4.0,harm
agreement,12,llama2:70b,moderate,4.0,harm
agreement,12,llama2:70b,moderate,4.0,harm
agreement,12,llama2:70b,moderate,4.0,harm
agreement,12,llama2:70b,moderate,4.0,harm
agreement,12,llama2:70b,moderate,4.0,harm
agreement,12,llama2:70b,moderate,4.0,harm
agreement,12,llama2:70b,moderate,4.0,harm
agreement,12,llama2:70b,moderate,4.0,harm
agreement,12,llama2:70b,moderate,4.0,harm
agreement,12,llama2:70b,moderate,4.0,harm
agreement,12,llama2:70b,moderate,4.0,harm
agreement,12,llama2:70b,moderate,4.0,harm
agreement,12,llama2:70b,moderate,4.0,harm
agreement,12,llama2:70b,moderate,4.0,harm
agreement,12,llama2:70b,moderate,4.0,harm
agreement,12,llama2:70b,moderate,4.0,harm
agreement,12,llama2:70b,moderate,4.0,harm
agreement,12,llama2:70b,moderate,4.0,harm
agreement,12,llama2:70b,moderate,4.0,harm
agreement,12,llama2:70b,moderate,4.0,harm
agreement,12,llama2:70b,moderate,4.0,harm
agreement,12,llama2:70b,moderate,4.0,harm
agreement,12,llama2:70b,moderate,4.0,harm
agreement,12,llama2:70b,moderate,4.0,harm
agreement,12,llama2:70b,moderate,4.0,harm
agreement,12,llama2:70b,moderate,4.0,harm
agreement,12,llama2:70b,moderate,4.0,harm
agreement,12,llama2:70b,moderate,4.0,harm
agreement,12,llama2:70b,moderate,4.0,harm
agreement,12,llama2:70b,moderate,4.0,harm
agreement,12,llama2:70b,moderate,4.0,harm
agreement,12,llama2:70b,moderate,4.0,harm
agreement,12,llama2:70b,moderate,4.0,harm
agreement,12,llama2:70b,moderate,4.0,harm
agreement,12,llama2:70b,moderate,4.0,harm
agreement,12,llama2:70b,moderate,4.0,harm
agreement,12,llama2:70b,moderate,4.0,harm
agreement,12,llama2:70b,moderate,4.0,harm
agreement,12,llama2:70b,moderate,4.0,harm
agreement,12,llama2:70b,moderate,4.0,harm
agreement,12,llama2:70b,liberal,2.0,harm
agreement,12,llama2:70b,liberal,2.0,harm
agreement,12,llama2:70b,liberal,4.0,harm
agreement,12,llama2:70b,liberal,2.0,harm
agreement,12,llama2:70b,liberal,2.0,harm
agreement,12,llama2:70b,liberal,2.0,harm
agreement,12,llama2:70b,liberal,2.0,harm
agreement,12,llama2:70b,liberal,2.0,harm
agreement,12,llama2:70b,liberal,2.0,harm
agreement,12,llama2:70b,liberal,1.0,harm
agreement,12,llama2:70b,liberal,1.0,harm
agreement,12,llama2:70b,liberal,4.0,harm
agreement,12,llama2:70b,liberal,2.0,harm
agreement,12,llama2:70b,liberal,4.0,harm
agreement,12,llama2:70b,liberal,2.0,harm
agreement,12,llama2:70b,liberal,2.0,harm
agreement,12,llama2:70b,liberal,3.0,harm
agreement,12,llama2:70b,liberal,3.0,harm
agreement,12,llama2:70b,liberal,2.0,harm
agreement,12,llama2:70b,liberal,2.0,harm
agreement,12,llama2:70b,liberal,2.0,harm
agreement,12,llama2:70b,liberal,1.0,harm
agreement,12,llama2:70b,liberal,4.0,harm
agreement,12,llama2:70b,liberal,2.0,harm
agreement,12,llama2:70b,liberal,2.0,harm
agreement,12,llama2:70b,liberal,1.0,harm
agreement,12,llama2:70b,liberal,2.0,harm
agreement,12,llama2:70b,liberal,1.0,harm
agreement,12,llama2:70b,liberal,4.0,harm
agreement,12,llama2:70b,liberal,2.0,harm
agreement,12,llama2:70b,liberal,2.0,harm
agreement,12,llama2:70b,liberal,2.0,harm
agreement,12,llama2:70b,liberal,1.0,harm
agreement,12,llama2:70b,liberal,2.0,harm
agreement,12,llama2:70b,liberal,2.0,harm
agreement,12,llama2:70b,liberal,3.0,harm
agreement,12,llama2:70b,liberal,2.0,harm
agreement,12,llama2:70b,liberal,2.0,harm
agreement,12,llama2:70b,liberal,1.0,harm
agreement,12,llama2:70b,liberal,2.0,harm
agreement,12,llama2:70b,liberal,4.0,harm
agreement,12,llama2:70b,liberal,2.0,harm
agreement,12,llama2:70b,liberal,2.0,harm
agreement,12,llama2:70b,liberal,2.0,harm
agreement,12,llama2:70b,liberal,4.0,harm
agreement,12,llama2:70b,liberal,1.0,harm
agreement,12,llama2:70b,liberal,2.0,harm
agreement,12,llama2:70b,liberal,2.0,harm
agreement,12,llama2:70b,liberal,2.0,harm
agreement,12,llama2:70b,liberal,2.0,harm
agreement,12,llama3:70b,conservative,5.0,harm
agreement,12,llama3:70b,conservative,5.0,harm
agreement,12,llama3:70b,conservative,5.0,harm
agreement,12,llama3:70b,conservative,5.0,harm
agreement,12,llama3:70b,conservative,5.0,harm
agreement,12,llama3:70b,conservative,5.0,harm
agreement,12,llama3:70b,conservative,5.0,harm
agreement,12,llama3:70b,conservative,5.0,harm
agreement,12,llama3:70b,conservative,5.0,harm
agreement,12,llama3:70b,conservative,5.0,harm
agreement,12,llama3:70b,conservative,5.0,harm
agreement,12,llama3:70b,conservative,5.0,harm
agreement,12,llama3:70b,conservative,5.0,harm
agreement,12,llama3:70b,conservative,5.0,harm
agreement,12,llama3:70b,conservative,5.0,harm
agreement,12,llama3:70b,conservative,5.0,harm
agreement,12,llama3:70b,conservative,5.0,harm
agreement,12,llama3:70b,conservative,5.0,harm
agreement,12,llama3:70b,conservative,5.0,harm
agreement,12,llama3:70b,conservative,5.0,harm
agreement,12,llama3:70b,conservative,5.0,harm
agreement,12,llama3:70b,conservative,5.0,harm
agreement,12,llama3:70b,conservative,5.0,harm
agreement,12,llama3:70b,conservative,5.0,harm
agreement,12,llama3:70b,conservative,5.0,harm
agreement,12,llama3:70b,conservative,5.0,harm
agreement,12,llama3:70b,conservative,5.0,harm
agreement,12,llama3:70b,conservative,5.0,harm
agreement,12,llama3:70b,conservative,5.0,harm
agreement,12,llama3:70b,conservative,5.0,harm
agreement,12,llama3:70b,conservative,5.0,harm
agreement,12,llama3:70b,conservative,5.0,harm
agreement,12,llama3:70b,conservative,5.0,harm
agreement,12,llama3:70b,conservative,5.0,harm
agreement,12,llama3:70b,conservative,5.0,harm
agreement,12,llama3:70b,conservative,5.0,harm
agreement,12,llama3:70b,conservative,5.0,harm
agreement,12,llama3:70b,conservative,5.0,harm
agreement,12,llama3:70b,conservative,5.0,harm
agreement,12,llama3:70b,conservative,5.0,harm
agreement,12,llama3:70b,conservative,5.0,harm
agreement,12,llama3:70b,conservative,5.0,harm
agreement,12,llama3:70b,conservative,5.0,harm
agreement,12,llama3:70b,conservative,5.0,harm
agreement,12,llama3:70b,conservative,5.0,harm
agreement,12,llama3:70b,conservative,5.0,harm
agreement,12,llama3:70b,conservative,5.0,harm
agreement,12,llama3:70b,conservative,5.0,harm
agreement,12,llama3:70b,conservative,5.0,harm
agreement,12,llama3:70b,conservative,5.0,harm
agreement,12,llama3:70b,moderate,3.0,harm
agreement,12,llama3:70b,moderate,3.0,harm
agreement,12,llama3:70b,moderate,3.0,harm
agreement,12,llama3:70b,moderate,3.0,harm
agreement,12,llama3:70b,moderate,4.0,harm
agreement,12,llama3:70b,moderate,3.0,harm
agreement,12,llama3:70b,moderate,3.0,harm
agreement,12,llama3:70b,moderate,3.0,harm
agreement,12,llama3:70b,moderate,4.0,harm
agreement,12,llama3:70b,moderate,3.0,harm
agreement,12,llama3:70b,moderate,3.0,harm
agreement,12,llama3:70b,moderate,3.0,harm
agreement,12,llama3:70b,moderate,3.0,harm
agreement,12,llama3:70b,moderate,3.0,harm
agreement,12,llama3:70b,moderate,3.0,harm
agreement,12,llama3:70b,moderate,3.0,harm
agreement,12,llama3:70b,moderate,3.0,harm
agreement,12,llama3:70b,moderate,3.0,harm
agreement,12,llama3:70b,moderate,3.0,harm
agreement,12,llama3:70b,moderate,3.0,harm
agreement,12,llama3:70b,moderate,4.0,harm
agreement,12,llama3:70b,moderate,3.0,harm
agreement,12,llama3:70b,moderate,3.0,harm
agreement,12,llama3:70b,moderate,3.0,harm
agreement,12,llama3:70b,moderate,3.0,harm
agreement,12,llama3:70b,moderate,3.0,harm
agreement,12,llama3:70b,moderate,3.0,harm
agreement,12,llama3:70b,moderate,4.0,harm
agreement,12,llama3:70b,moderate,3.0,harm
agreement,12,llama3:70b,moderate,3.0,harm
agreement,12,llama3:70b,moderate,3.0,harm
agreement,12,llama3:70b,moderate,3.0,harm
agreement,12,llama3:70b,moderate,4.0,harm
agreement,12,llama3:70b,moderate,3.0,harm
agreement,12,llama3:70b,moderate,3.0,harm
agreement,12,llama3:70b,moderate,3.0,harm
agreement,12,llama3:70b,moderate,3.0,harm
agreement,12,llama3:70b,moderate,3.0,harm
agreement,12,llama3:70b,moderate,4.0,harm
agreement,12,llama3:70b,moderate,3.0,harm
agreement,12,llama3:70b,moderate,3.0,harm
agreement,12,llama3:70b,moderate,3.0,harm
agreement,12,llama3:70b,moderate,3.0,harm
agreement,12,llama3:70b,moderate,3.0,harm
agreement,12,llama3:70b,moderate,3.0,harm
agreement,12,llama3:70b,moderate,3.0,harm
agreement,12,llama3:70b,moderate,3.0,harm
agreement,12,llama3:70b,moderate,3.0,harm
agreement,12,llama3:70b,moderate,3.0,harm
agreement,12,llama3:70b,moderate,3.0,harm
agreement,12,llama3:70b,liberal,5.0,harm
agreement,12,llama3:70b,liberal,5.0,harm
agreement,12,llama3:70b,liberal,5.0,harm
agreement,12,llama3:70b,liberal,5.0,harm
agreement,12,llama3:70b,liberal,5.0,harm
agreement,12,llama3:70b,liberal,5.0,harm
agreement,12,llama3:70b,liberal,5.0,harm
agreement,12,llama3:70b,liberal,5.0,harm
agreement,12,llama3:70b,liberal,5.0,harm
agreement,12,llama3:70b,liberal,5.0,harm
agreement,12,llama3:70b,liberal,5.0,harm
agreement,12,llama3:70b,liberal,5.0,harm
agreement,12,llama3:70b,liberal,5.0,harm
agreement,12,llama3:70b,liberal,5.0,harm
agreement,12,llama3:70b,liberal,5.0,harm
agreement,12,llama3:70b,liberal,5.0,harm
agreement,12,llama3:70b,liberal,5.0,harm
agreement,12,llama3:70b,liberal,5.0,harm
agreement,12,llama3:70b,liberal,5.0,harm
agreement,12,llama3:70b,liberal,5.0,harm
agreement,12,llama3:70b,liberal,5.0,harm
agreement,12,llama3:70b,liberal,5.0,harm
agreement,12,llama3:70b,liberal,5.0,harm
agreement,12,llama3:70b,liberal,5.0,harm
agreement,12,llama3:70b,liberal,5.0,harm
agreement,12,llama3:70b,liberal,5.0,harm
agreement,12,llama3:70b,liberal,5.0,harm
agreement,12,llama3:70b,liberal,5.0,harm
agreement,12,llama3:70b,liberal,5.0,harm
agreement,12,llama3:70b,liberal,5.0,harm
agreement,12,llama3:70b,liberal,5.0,harm
agreement,12,llama3:70b,liberal,5.0,harm
agreement,12,llama3:70b,liberal,5.0,harm
agreement,12,llama3:70b,liberal,5.0,harm
agreement,12,llama3:70b,liberal,5.0,harm
agreement,12,llama3:70b,liberal,5.0,harm
agreement,12,llama3:70b,liberal,5.0,harm
agreement,12,llama3:70b,liberal,5.0,harm
agreement,12,llama3:70b,liberal,5.0,harm
agreement,12,llama3:70b,liberal,5.0,harm
agreement,12,llama3:70b,liberal,5.0,harm
agreement,12,llama3:70b,liberal,5.0,harm
agreement,12,llama3:70b,liberal,5.0,harm
agreement,12,llama3:70b,liberal,5.0,harm
agreement,12,llama3:70b,liberal,5.0,harm
agreement,12,llama3:70b,liberal,5.0,harm
agreement,12,llama3:70b,liberal,5.0,harm
agreement,12,llama3:70b,liberal,5.0,harm
agreement,12,llama3:70b,liberal,5.0,harm
agreement,12,llama3:70b,liberal,5.0,harm
agreement,12,llama3.1:70b,conservative,5.0,harm
agreement,12,llama3.1:70b,conservative,5.0,harm
agreement,12,llama3.1:70b,conservative,5.0,harm
agreement,12,llama3.1:70b,conservative,5.0,harm
agreement,12,llama3.1:70b,conservative,5.0,harm
agreement,12,llama3.1:70b,conservative,5.0,harm
agreement,12,llama3.1:70b,conservative,5.0,harm
agreement,12,llama3.1:70b,conservative,5.0,harm
agreement,12,llama3.1:70b,conservative,5.0,harm
agreement,12,llama3.1:70b,conservative,5.0,harm
agreement,12,llama3.1:70b,conservative,5.0,harm
agreement,12,llama3.1:70b,conservative,5.0,harm
agreement,12,llama3.1:70b,conservative,5.0,harm
agreement,12,llama3.1:70b,conservative,5.0,harm
agreement,12,llama3.1:70b,conservative,5.0,harm
agreement,12,llama3.1:70b,conservative,5.0,harm
agreement,12,llama3.1:70b,conservative,5.0,harm
agreement,12,llama3.1:70b,conservative,5.0,harm
agreement,12,llama3.1:70b,conservative,5.0,harm
agreement,12,llama3.1:70b,conservative,5.0,harm
agreement,12,llama3.1:70b,conservative,5.0,harm
agreement,12,llama3.1:70b,conservative,5.0,harm
agreement,12,llama3.1:70b,conservative,5.0,harm
agreement,12,llama3.1:70b,conservative,5.0,harm
agreement,12,llama3.1:70b,conservative,5.0,harm
agreement,12,llama3.1:70b,conservative,5.0,harm
agreement,12,llama3.1:70b,conservative,5.0,harm
agreement,12,llama3.1:70b,conservative,5.0,harm
agreement,12,llama3.1:70b,conservative,5.0,harm
agreement,12,llama3.1:70b,conservative,5.0,harm
agreement,12,llama3.1:70b,conservative,5.0,harm
agreement,12,llama3.1:70b,conservative,5.0,harm
agreement,12,llama3.1:70b,conservative,5.0,harm
agreement,12,llama3.1:70b,conservative,5.0,harm
agreement,12,llama3.1:70b,conservative,5.0,harm
agreement,12,llama3.1:70b,conservative,5.0,harm
agreement,12,llama3.1:70b,conservative,5.0,harm
agreement,12,llama3.1:70b,conservative,5.0,harm
agreement,12,llama3.1:70b,conservative,5.0,harm
agreement,12,llama3.1:70b,conservative,5.0,harm
agreement,12,llama3.1:70b,conservative,5.0,harm
agreement,12,llama3.1:70b,conservative,5.0,harm
agreement,12,llama3.1:70b,conservative,5.0,harm
agreement,12,llama3.1:70b,conservative,5.0,harm
agreement,12,llama3.1:70b,conservative,5.0,harm
agreement,12,llama3.1:70b,conservative,5.0,harm
agreement,12,llama3.1:70b,conservative,5.0,harm
agreement,12,llama3.1:70b,conservative,5.0,harm
agreement,12,llama3.1:70b,conservative,5.0,harm
agreement,12,llama3.1:70b,conservative,5.0,harm
agreement,12,llama3.1:70b,moderate,5.0,harm
agreement,12,llama3.1:70b,moderate,5.0,harm
agreement,12,llama3.1:70b,moderate,4.0,harm
agreement,12,llama3.1:70b,moderate,4.0,harm
agreement,12,llama3.1:70b,moderate,4.0,harm
agreement,12,llama3.1:70b,moderate,4.0,harm
agreement,12,llama3.1:70b,moderate,5.0,harm
agreement,12,llama3.1:70b,moderate,4.0,harm
agreement,12,llama3.1:70b,moderate,4.0,harm
agreement,12,llama3.1:70b,moderate,5.0,harm
agreement,12,llama3.1:70b,moderate,4.0,harm
agreement,12,llama3.1:70b,moderate,4.0,harm
agreement,12,llama3.1:70b,moderate,5.0,harm
agreement,12,llama3.1:70b,moderate,4.0,harm
agreement,12,llama3.1:70b,moderate,5.0,harm
agreement,12,llama3.1:70b,moderate,4.0,harm
agreement,12,llama3.1:70b,moderate,5.0,harm
agreement,12,llama3.1:70b,moderate,5.0,harm
agreement,12,llama3.1:70b,moderate,4.0,harm
agreement,12,llama3.1:70b,moderate,4.0,harm
agreement,12,llama3.1:70b,moderate,5.0,harm
agreement,12,llama3.1:70b,moderate,5.0,harm
agreement,12,llama3.1:70b,moderate,5.0,harm
agreement,12,llama3.1:70b,moderate,4.0,harm
agreement,12,llama3.1:70b,moderate,5.0,harm
agreement,12,llama3.1:70b,moderate,5.0,harm
agreement,12,llama3.1:70b,moderate,4.0,harm
agreement,12,llama3.1:70b,moderate,4.0,harm
agreement,12,llama3.1:70b,moderate,5.0,harm
agreement,12,llama3.1:70b,moderate,4.0,harm
agreement,12,llama3.1:70b,moderate,4.0,harm
agreement,12,llama3.1:70b,moderate,5.0,harm
agreement,12,llama3.1:70b,moderate,5.0,harm
agreement,12,llama3.1:70b,moderate,5.0,harm
agreement,12,llama3.1:70b,moderate,4.0,harm
agreement,12,llama3.1:70b,moderate,4.0,harm
agreement,12,llama3.1:70b,moderate,5.0,harm
agreement,12,llama3.1:70b,moderate,5.0,harm
agreement,12,llama3.1:70b,moderate,5.0,harm
agreement,12,llama3.1:70b,moderate,4.0,harm
agreement,12,llama3.1:70b,moderate,5.0,harm
agreement,12,llama3.1:70b,moderate,5.0,harm
agreement,12,llama3.1:70b,moderate,4.0,harm
agreement,12,llama3.1:70b,moderate,5.0,harm
agreement,12,llama3.1:70b,moderate,5.0,harm
agreement,12,llama3.1:70b,moderate,4.0,harm
agreement,12,llama3.1:70b,moderate,4.0,harm
agreement,12,llama3.1:70b,moderate,5.0,harm
agreement,12,llama3.1:70b,moderate,5.0,harm
agreement,12,llama3.1:70b,moderate,5.0,harm
agreement,12,llama3.1:70b,liberal,5.0,harm
agreement,12,llama3.1:70b,liberal,5.0,harm
agreement,12,llama3.1:70b,liberal,5.0,harm
agreement,12,llama3.1:70b,liberal,5.0,harm
agreement,12,llama3.1:70b,liberal,5.0,harm
agreement,12,llama3.1:70b,liberal,5.0,harm
agreement,12,llama3.1:70b,liberal,5.0,harm
agreement,12,llama3.1:70b,liberal,5.0,harm
agreement,12,llama3.1:70b,liberal,5.0,harm
agreement,12,llama3.1:70b,liberal,5.0,harm
agreement,12,llama3.1:70b,liberal,5.0,harm
agreement,12,llama3.1:70b,liberal,5.0,harm
agreement,12,llama3.1:70b,liberal,5.0,harm
agreement,12,llama3.1:70b,liberal,5.0,harm
agreement,12,llama3.1:70b,liberal,5.0,harm
agreement,12,llama3.1:70b,liberal,5.0,harm
agreement,12,llama3.1:70b,liberal,5.0,harm
agreement,12,llama3.1:70b,liberal,5.0,harm
agreement,12,llama3.1:70b,liberal,5.0,harm
agreement,12,llama3.1:70b,liberal,5.0,harm
agreement,12,llama3.1:70b,liberal,5.0,harm
agreement,12,llama3.1:70b,liberal,5.0,harm
agreement,12,llama3.1:70b,liberal,5.0,harm
agreement,12,llama3.1:70b,liberal,5.0,harm
agreement,12,llama3.1:70b,liberal,5.0,harm
agreement,12,llama3.1:70b,liberal,5.0,harm
agreement,12,llama3.1:70b,liberal,5.0,harm
agreement,12,llama3.1:70b,liberal,5.0,harm
agreement,12,llama3.1:70b,liberal,5.0,harm
agreement,12,llama3.1:70b,liberal,5.0,harm
agreement,12,llama3.1:70b,liberal,5.0,harm
agreement,12,llama3.1:70b,liberal,5.0,harm
agreement,12,llama3.1:70b,liberal,5.0,harm
agreement,12,llama3.1:70b,liberal,5.0,harm
agreement,12,llama3.1:70b,liberal,5.0,harm
agreement,12,llama3.1:70b,liberal,5.0,harm
agreement,12,llama3.1:70b,liberal,5.0,harm
agreement,12,llama3.1:70b,liberal,5.0,harm
agreement,12,llama3.1:70b,liberal,5.0,harm
agreement,12,llama3.1:70b,liberal,5.0,harm
agreement,12,llama3.1:70b,liberal,5.0,harm
agreement,12,llama3.1:70b,liberal,5.0,harm
agreement,12,llama3.1:70b,liberal,5.0,harm
agreement,12,llama3.1:70b,liberal,5.0,harm
agreement,12,llama3.1:70b,liberal,5.0,harm
agreement,12,llama3.1:70b,liberal,5.0,harm
agreement,12,llama3.1:70b,liberal,5.0,harm
agreement,12,llama3.1:70b,liberal,5.0,harm
agreement,12,llama3.1:70b,liberal,5.0,harm
agreement,12,llama3.1:70b,liberal,5.0,harm
agreement,12,mistral:7b,conservative,5.0,harm
agreement,12,mistral:7b,conservative,5.0,harm
agreement,12,mistral:7b,conservative,5.0,harm
agreement,12,mistral:7b,conservative,5.0,harm
agreement,12,mistral:7b,conservative,5.0,harm
agreement,12,mistral:7b,conservative,5.0,harm
agreement,12,mistral:7b,conservative,5.0,harm
agreement,12,mistral:7b,conservative,5.0,harm
agreement,12,mistral:7b,conservative,5.0,harm
agreement,12,mistral:7b,conservative,5.0,harm
agreement,12,mistral:7b,conservative,5.0,harm
agreement,12,mistral:7b,conservative,5.0,harm
agreement,12,mistral:7b,conservative,5.0,harm
agreement,12,mistral:7b,conservative,5.0,harm
agreement,12,mistral:7b,conservative,5.0,harm
agreement,12,mistral:7b,conservative,5.0,harm
agreement,12,mistral:7b,conservative,5.0,harm
agreement,12,mistral:7b,conservative,5.0,harm
agreement,12,mistral:7b,conservative,5.0,harm
agreement,12,mistral:7b,conservative,5.0,harm
agreement,12,mistral:7b,conservative,5.0,harm
agreement,12,mistral:7b,conservative,5.0,harm
agreement,12,mistral:7b,conservative,5.0,harm
agreement,12,mistral:7b,conservative,5.0,harm
agreement,12,mistral:7b,conservative,5.0,harm
agreement,12,mistral:7b,conservative,5.0,harm
agreement,12,mistral:7b,conservative,5.0,harm
agreement,12,mistral:7b,conservative,5.0,harm
agreement,12,mistral:7b,conservative,5.0,harm
agreement,12,mistral:7b,conservative,5.0,harm
agreement,12,mistral:7b,conservative,5.0,harm
agreement,12,mistral:7b,conservative,5.0,harm
agreement,12,mistral:7b,conservative,5.0,harm
agreement,12,mistral:7b,conservative,5.0,harm
agreement,12,mistral:7b,conservative,5.0,harm
agreement,12,mistral:7b,conservative,5.0,harm
agreement,12,mistral:7b,conservative,5.0,harm
agreement,12,mistral:7b,conservative,5.0,harm
agreement,12,mistral:7b,conservative,5.0,harm
agreement,12,mistral:7b,conservative,5.0,harm
agreement,12,mistral:7b,conservative,5.0,harm
agreement,12,mistral:7b,conservative,5.0,harm
agreement,12,mistral:7b,conservative,5.0,harm
agreement,12,mistral:7b,conservative,5.0,harm
agreement,12,mistral:7b,conservative,5.0,harm
agreement,12,mistral:7b,conservative,5.0,harm
agreement,12,mistral:7b,conservative,5.0,harm
agreement,12,mistral:7b,conservative,5.0,harm
agreement,12,mistral:7b,conservative,5.0,harm
agreement,12,mistral:7b,conservative,5.0,harm
agreement,12,mistral:7b,moderate,5.0,harm
agreement,12,mistral:7b,moderate,5.0,harm
agreement,12,mistral:7b,moderate,5.0,harm
agreement,12,mistral:7b,moderate,5.0,harm
agreement,12,mistral:7b,moderate,5.0,harm
agreement,12,mistral:7b,moderate,5.0,harm
agreement,12,mistral:7b,moderate,5.0,harm
agreement,12,mistral:7b,moderate,3.0,harm
agreement,12,mistral:7b,moderate,5.0,harm
agreement,12,mistral:7b,moderate,5.0,harm
agreement,12,mistral:7b,moderate,5.0,harm
agreement,12,mistral:7b,moderate,5.0,harm
agreement,12,mistral:7b,moderate,5.0,harm
agreement,12,mistral:7b,moderate,5.0,harm
agreement,12,mistral:7b,moderate,5.0,harm
agreement,12,mistral:7b,moderate,3.0,harm
agreement,12,mistral:7b,moderate,5.0,harm
agreement,12,mistral:7b,moderate,5.0,harm
agreement,12,mistral:7b,moderate,0.0,harm
agreement,12,mistral:7b,moderate,5.0,harm
agreement,12,mistral:7b,moderate,5.0,harm
agreement,12,mistral:7b,moderate,5.0,harm
agreement,12,mistral:7b,moderate,5.0,harm
agreement,12,mistral:7b,moderate,5.0,harm
agreement,12,mistral:7b,moderate,5.0,harm
agreement,12,mistral:7b,moderate,5.0,harm
agreement,12,mistral:7b,moderate,4.0,harm
agreement,12,mistral:7b,moderate,4.0,harm
agreement,12,mistral:7b,moderate,5.0,harm
agreement,12,mistral:7b,moderate,5.0,harm
agreement,12,mistral:7b,moderate,5.0,harm
agreement,12,mistral:7b,moderate,5.0,harm
agreement,12,mistral:7b,moderate,0.0,harm
agreement,12,mistral:7b,moderate,5.0,harm
agreement,12,mistral:7b,moderate,5.0,harm
agreement,12,mistral:7b,moderate,5.0,harm
agreement,12,mistral:7b,moderate,5.0,harm
agreement,12,mistral:7b,moderate,5.0,harm
agreement,12,mistral:7b,moderate,5.0,harm
agreement,12,mistral:7b,moderate,5.0,harm
agreement,12,mistral:7b,moderate,5.0,harm
agreement,12,mistral:7b,moderate,5.0,harm
agreement,12,mistral:7b,moderate,5.0,harm
agreement,12,mistral:7b,moderate,5.0,harm
agreement,12,mistral:7b,moderate,5.0,harm
agreement,12,mistral:7b,moderate,5.0,harm
agreement,12,mistral:7b,moderate,5.0,harm
agreement,12,mistral:7b,moderate,5.0,harm
agreement,12,mistral:7b,liberal,5.0,harm
agreement,12,mistral:7b,liberal,5.0,harm
agreement,12,mistral:7b,liberal,5.0,harm
agreement,12,mistral:7b,liberal,5.0,harm
agreement,12,mistral:7b,liberal,4.0,harm
agreement,12,mistral:7b,liberal,5.0,harm
agreement,12,mistral:7b,liberal,5.0,harm
agreement,12,mistral:7b,liberal,5.0,harm
agreement,12,mistral:7b,liberal,5.0,harm
agreement,12,mistral:7b,liberal,5.0,harm
agreement,12,mistral:7b,liberal,5.0,harm
agreement,12,mistral:7b,liberal,5.0,harm
agreement,12,mistral:7b,liberal,4.0,harm
agreement,12,mistral:7b,liberal,5.0,harm
agreement,12,mistral:7b,liberal,5.0,harm
agreement,12,mistral:7b,liberal,5.0,harm
agreement,12,mistral:7b,liberal,5.0,harm
agreement,12,mistral:7b,liberal,5.0,harm
agreement,12,mistral:7b,liberal,5.0,harm
agreement,12,mistral:7b,liberal,5.0,harm
agreement,12,mistral:7b,liberal,5.0,harm
agreement,12,mistral:7b,liberal,5.0,harm
agreement,12,mistral:7b,liberal,5.0,harm
agreement,12,mistral:7b,liberal,5.0,harm
agreement,12,mistral:7b,liberal,5.0,harm
agreement,12,mistral:7b,liberal,5.0,harm
agreement,12,mistral:7b,liberal,5.0,harm
agreement,12,mistral:7b,liberal,5.0,harm
agreement,12,mistral:7b,liberal,5.0,harm
agreement,12,mistral:7b,liberal,5.0,harm
agreement,12,mistral:7b,liberal,5.0,harm
agreement,12,mistral:7b,liberal,5.0,harm
agreement,12,mistral:7b,liberal,5.0,harm
agreement,12,mistral:7b,liberal,5.0,harm
agreement,12,mistral:7b,liberal,5.0,harm
agreement,12,mistral:7b,liberal,5.0,harm
agreement,12,mistral:7b,liberal,5.0,harm
agreement,12,mistral:7b,liberal,5.0,harm
agreement,12,mistral:7b,liberal,5.0,harm
agreement,12,mistral:7b,liberal,5.0,harm
agreement,12,mistral:7b,liberal,5.0,harm
agreement,12,mistral:7b,liberal,0.0,harm
agreement,12,mistral:7b,liberal,5.0,harm
agreement,12,mistral:7b,liberal,5.0,harm
agreement,12,mistral:7b,liberal,5.0,harm
agreement,12,mistral:7b,liberal,5.0,harm
agreement,12,mistral:7b,liberal,0.0,harm
agreement,12,mistral:7b,liberal,5.0,harm
agreement,12,mistral:7b,liberal,5.0,harm
agreement,12,mixtral:8x22b,conservative,3.0,harm
agreement,12,mixtral:8x22b,conservative,3.0,harm
agreement,12,mixtral:8x22b,conservative,1.0,harm
agreement,12,mixtral:8x22b,conservative,1.0,harm
agreement,12,mixtral:8x22b,conservative,1.0,harm
agreement,12,mixtral:8x22b,conservative,3.0,harm
agreement,12,mixtral:8x22b,conservative,3.0,harm
agreement,12,mixtral:8x22b,conservative,4.0,harm
agreement,12,mixtral:8x22b,conservative,1.0,harm
agreement,12,mixtral:8x22b,conservative,1.0,harm
agreement,12,mixtral:8x22b,conservative,1.0,harm
agreement,12,mixtral:8x22b,conservative,1.0,harm
agreement,12,mixtral:8x22b,conservative,1.0,harm
agreement,12,mixtral:8x22b,conservative,3.0,harm
agreement,12,mixtral:8x22b,conservative,3.0,harm
agreement,12,mixtral:8x22b,conservative,1.0,harm
agreement,12,mixtral:8x22b,conservative,5.0,harm
agreement,12,mixtral:8x22b,conservative,1.0,harm
agreement,12,mixtral:8x22b,conservative,3.0,harm
agreement,12,mixtral:8x22b,conservative,3.0,harm
agreement,12,mixtral:8x22b,conservative,4.0,harm
agreement,12,mixtral:8x22b,conservative,1.0,harm
agreement,12,mixtral:8x22b,conservative,3.0,harm
agreement,12,mixtral:8x22b,conservative,3.0,harm
agreement,12,mixtral:8x22b,conservative,1.0,harm
agreement,12,mixtral:8x22b,conservative,1.0,harm
agreement,12,mixtral:8x22b,conservative,4.0,harm
agreement,12,mixtral:8x22b,conservative,3.0,harm
agreement,12,mixtral:8x22b,conservative,1.0,harm
agreement,12,mixtral:8x22b,conservative,3.0,harm
agreement,12,mixtral:8x22b,conservative,1.0,harm
agreement,12,mixtral:8x22b,conservative,5.0,harm
agreement,12,mixtral:8x22b,conservative,3.0,harm
agreement,12,mixtral:8x22b,conservative,3.0,harm
agreement,12,mixtral:8x22b,conservative,4.0,harm
agreement,12,mixtral:8x22b,conservative,3.0,harm
agreement,12,mixtral:8x22b,conservative,3.0,harm
agreement,12,mixtral:8x22b,conservative,3.0,harm
agreement,12,mixtral:8x22b,conservative,3.0,harm
agreement,12,mixtral:8x22b,conservative,4.0,harm
agreement,12,mixtral:8x22b,conservative,5.0,harm
agreement,12,mixtral:8x22b,conservative,3.0,harm
agreement,12,mixtral:8x22b,conservative,4.0,harm
agreement,12,mixtral:8x22b,conservative,3.0,harm
agreement,12,mixtral:8x22b,conservative,3.0,harm
agreement,12,mixtral:8x22b,conservative,3.0,harm
agreement,12,mixtral:8x22b,conservative,5.0,harm
agreement,12,mixtral:8x22b,conservative,1.0,harm
agreement,12,mixtral:8x22b,conservative,3.0,harm
agreement,12,mixtral:8x22b,conservative,4.0,harm
agreement,12,mixtral:8x22b,moderate,1.0,harm
agreement,12,mixtral:8x22b,moderate,1.0,harm
agreement,12,mixtral:8x22b,moderate,1.0,harm
agreement,12,mixtral:8x22b,moderate,1.0,harm
agreement,12,mixtral:8x22b,moderate,1.0,harm
agreement,12,mixtral:8x22b,moderate,1.0,harm
agreement,12,mixtral:8x22b,moderate,1.0,harm
agreement,12,mixtral:8x22b,moderate,1.0,harm
agreement,12,mixtral:8x22b,moderate,1.0,harm
agreement,12,mixtral:8x22b,moderate,1.0,harm
agreement,12,mixtral:8x22b,moderate,1.0,harm
agreement,12,mixtral:8x22b,moderate,1.0,harm
agreement,12,mixtral:8x22b,moderate,1.0,harm
agreement,12,mixtral:8x22b,moderate,1.0,harm
agreement,12,mixtral:8x22b,moderate,1.0,harm
agreement,12,mixtral:8x22b,moderate,1.0,harm
agreement,12,mixtral:8x22b,moderate,1.0,harm
agreement,12,mixtral:8x22b,moderate,1.0,harm
agreement,12,mixtral:8x22b,moderate,1.0,harm
agreement,12,mixtral:8x22b,moderate,1.0,harm
agreement,12,mixtral:8x22b,moderate,1.0,harm
agreement,12,mixtral:8x22b,moderate,1.0,harm
agreement,12,mixtral:8x22b,moderate,1.0,harm
agreement,12,mixtral:8x22b,moderate,1.0,harm
agreement,12,mixtral:8x22b,moderate,1.0,harm
agreement,12,mixtral:8x22b,moderate,1.0,harm
agreement,12,mixtral:8x22b,moderate,0.0,harm
agreement,12,mixtral:8x22b,moderate,1.0,harm
agreement,12,mixtral:8x22b,moderate,1.0,harm
agreement,12,mixtral:8x22b,moderate,1.0,harm
agreement,12,mixtral:8x22b,moderate,1.0,harm
agreement,12,mixtral:8x22b,moderate,1.0,harm
agreement,12,mixtral:8x22b,moderate,1.0,harm
agreement,12,mixtral:8x22b,moderate,1.0,harm
agreement,12,mixtral:8x22b,moderate,1.0,harm
agreement,12,mixtral:8x22b,moderate,1.0,harm
agreement,12,mixtral:8x22b,moderate,1.0,harm
agreement,12,mixtral:8x22b,moderate,1.0,harm
agreement,12,mixtral:8x22b,moderate,1.0,harm
agreement,12,mixtral:8x22b,moderate,1.0,harm
agreement,12,mixtral:8x22b,moderate,0.0,harm
agreement,12,mixtral:8x22b,moderate,1.0,harm
agreement,12,mixtral:8x22b,moderate,1.0,harm
agreement,12,mixtral:8x22b,moderate,1.0,harm
agreement,12,mixtral:8x22b,moderate,1.0,harm
agreement,12,mixtral:8x22b,moderate,1.0,harm
agreement,12,mixtral:8x22b,moderate,1.0,harm
agreement,12,mixtral:8x22b,moderate,1.0,harm
agreement,12,mixtral:8x22b,moderate,1.0,harm
agreement,12,mixtral:8x22b,moderate,1.0,harm
agreement,12,mixtral:8x22b,liberal,1.0,harm
agreement,12,mixtral:8x22b,liberal,1.0,harm
agreement,12,mixtral:8x22b,liberal,1.0,harm
agreement,12,mixtral:8x22b,liberal,1.0,harm
agreement,12,mixtral:8x22b,liberal,1.0,harm
agreement,12,mixtral:8x22b,liberal,1.0,harm
agreement,12,mixtral:8x22b,liberal,1.0,harm
agreement,12,mixtral:8x22b,liberal,1.0,harm
agreement,12,mixtral:8x22b,liberal,1.0,harm
agreement,12,mixtral:8x22b,liberal,1.0,harm
agreement,12,mixtral:8x22b,liberal,1.0,harm
agreement,12,mixtral:8x22b,liberal,1.0,harm
agreement,12,mixtral:8x22b,liberal,1.0,harm
agreement,12,mixtral:8x22b,liberal,1.0,harm
agreement,12,mixtral:8x22b,liberal,1.0,harm
agreement,12,mixtral:8x22b,liberal,1.0,harm
agreement,12,mixtral:8x22b,liberal,1.0,harm
agreement,12,mixtral:8x22b,liberal,1.0,harm
agreement,12,mixtral:8x22b,liberal,1.0,harm
agreement,12,mixtral:8x22b,liberal,1.0,harm
agreement,12,mixtral:8x22b,liberal,1.0,harm
agreement,12,mixtral:8x22b,liberal,1.0,harm
agreement,12,mixtral:8x22b,liberal,1.0,harm
agreement,12,mixtral:8x22b,liberal,1.0,harm
agreement,12,mixtral:8x22b,liberal,1.0,harm
agreement,12,mixtral:8x22b,liberal,1.0,harm
agreement,12,mixtral:8x22b,liberal,1.0,harm
agreement,12,mixtral:8x22b,liberal,1.0,harm
agreement,12,mixtral:8x22b,liberal,1.0,harm
agreement,12,mixtral:8x22b,liberal,1.0,harm
agreement,12,mixtral:8x22b,liberal,1.0,harm
agreement,12,mixtral:8x22b,liberal,1.0,harm
agreement,12,mixtral:8x22b,liberal,1.0,harm
agreement,12,mixtral:8x22b,liberal,1.0,harm
agreement,12,mixtral:8x22b,liberal,1.0,harm
agreement,12,mixtral:8x22b,liberal,1.0,harm
agreement,12,mixtral:8x22b,liberal,1.0,harm
agreement,12,mixtral:8x22b,liberal,1.0,harm
agreement,12,mixtral:8x22b,liberal,1.0,harm
agreement,12,mixtral:8x22b,liberal,1.0,harm
agreement,12,mixtral:8x22b,liberal,1.0,harm
agreement,12,mixtral:8x22b,liberal,1.0,harm
agreement,12,mixtral:8x22b,liberal,1.0,harm
agreement,12,mixtral:8x22b,liberal,1.0,harm
agreement,12,mixtral:8x22b,liberal,1.0,harm
agreement,12,mixtral:8x22b,liberal,1.0,harm
agreement,12,mixtral:8x22b,liberal,1.0,harm
agreement,12,mixtral:8x22b,liberal,1.0,harm
agreement,12,mixtral:8x22b,liberal,1.0,harm
agreement,12,mixtral:8x22b,liberal,1.0,harm
agreement,12,mixtral:8x7b,conservative,5.0,harm
agreement,12,mixtral:8x7b,conservative,5.0,harm
agreement,12,mixtral:8x7b,conservative,5.0,harm
agreement,12,mixtral:8x7b,conservative,5.0,harm
agreement,12,mixtral:8x7b,conservative,5.0,harm
agreement,12,mixtral:8x7b,conservative,5.0,harm
agreement,12,mixtral:8x7b,conservative,5.0,harm
agreement,12,mixtral:8x7b,conservative,5.0,harm
agreement,12,mixtral:8x7b,conservative,5.0,harm
agreement,12,mixtral:8x7b,conservative,5.0,harm
agreement,12,mixtral:8x7b,conservative,5.0,harm
agreement,12,mixtral:8x7b,conservative,5.0,harm
agreement,12,mixtral:8x7b,conservative,5.0,harm
agreement,12,mixtral:8x7b,conservative,5.0,harm
agreement,12,mixtral:8x7b,conservative,5.0,harm
agreement,12,mixtral:8x7b,conservative,5.0,harm
agreement,12,mixtral:8x7b,conservative,5.0,harm
agreement,12,mixtral:8x7b,conservative,5.0,harm
agreement,12,mixtral:8x7b,conservative,5.0,harm
agreement,12,mixtral:8x7b,conservative,5.0,harm
agreement,12,mixtral:8x7b,conservative,5.0,harm
agreement,12,mixtral:8x7b,conservative,5.0,harm
agreement,12,mixtral:8x7b,conservative,5.0,harm
agreement,12,mixtral:8x7b,conservative,5.0,harm
agreement,12,mixtral:8x7b,conservative,5.0,harm
agreement,12,mixtral:8x7b,conservative,5.0,harm
agreement,12,mixtral:8x7b,conservative,5.0,harm
agreement,12,mixtral:8x7b,conservative,5.0,harm
agreement,12,mixtral:8x7b,conservative,5.0,harm
agreement,12,mixtral:8x7b,conservative,5.0,harm
agreement,12,mixtral:8x7b,conservative,5.0,harm
agreement,12,mixtral:8x7b,conservative,5.0,harm
agreement,12,mixtral:8x7b,conservative,5.0,harm
agreement,12,mixtral:8x7b,conservative,5.0,harm
agreement,12,mixtral:8x7b,conservative,5.0,harm
agreement,12,mixtral:8x7b,conservative,5.0,harm
agreement,12,mixtral:8x7b,conservative,5.0,harm
agreement,12,mixtral:8x7b,conservative,5.0,harm
agreement,12,mixtral:8x7b,conservative,5.0,harm
agreement,12,mixtral:8x7b,conservative,5.0,harm
agreement,12,mixtral:8x7b,conservative,5.0,harm
agreement,12,mixtral:8x7b,conservative,5.0,harm
agreement,12,mixtral:8x7b,conservative,5.0,harm
agreement,12,mixtral:8x7b,conservative,5.0,harm
agreement,12,mixtral:8x7b,conservative,5.0,harm
agreement,12,mixtral:8x7b,conservative,5.0,harm
agreement,12,mixtral:8x7b,conservative,5.0,harm
agreement,12,mixtral:8x7b,conservative,5.0,harm
agreement,12,mixtral:8x7b,conservative,5.0,harm
agreement,12,mixtral:8x7b,conservative,5.0,harm
agreement,12,mixtral:8x7b,moderate,3.0,harm
agreement,12,mixtral:8x7b,moderate,3.0,harm
agreement,12,mixtral:8x7b,moderate,3.0,harm
agreement,12,mixtral:8x7b,moderate,3.0,harm
agreement,12,mixtral:8x7b,moderate,3.0,harm
agreement,12,mixtral:8x7b,moderate,3.0,harm
agreement,12,mixtral:8x7b,moderate,3.0,harm
agreement,12,mixtral:8x7b,moderate,3.0,harm
agreement,12,mixtral:8x7b,moderate,3.0,harm
agreement,12,mixtral:8x7b,moderate,3.0,harm
agreement,12,mixtral:8x7b,moderate,3.0,harm
agreement,12,mixtral:8x7b,moderate,3.0,harm
agreement,12,mixtral:8x7b,moderate,3.0,harm
agreement,12,mixtral:8x7b,moderate,3.0,harm
agreement,12,mixtral:8x7b,moderate,3.0,harm
agreement,12,mixtral:8x7b,moderate,3.0,harm
agreement,12,mixtral:8x7b,moderate,3.0,harm
agreement,12,mixtral:8x7b,moderate,3.0,harm
agreement,12,mixtral:8x7b,moderate,3.0,harm
agreement,12,mixtral:8x7b,moderate,3.0,harm
agreement,12,mixtral:8x7b,moderate,3.0,harm
agreement,12,mixtral:8x7b,moderate,3.0,harm
agreement,12,mixtral:8x7b,moderate,3.0,harm
agreement,12,mixtral:8x7b,moderate,3.0,harm
agreement,12,mixtral:8x7b,moderate,3.0,harm
agreement,12,mixtral:8x7b,moderate,3.0,harm
agreement,12,mixtral:8x7b,moderate,3.0,harm
agreement,12,mixtral:8x7b,moderate,3.0,harm
agreement,12,mixtral:8x7b,moderate,3.0,harm
agreement,12,mixtral:8x7b,moderate,3.0,harm
agreement,12,mixtral:8x7b,moderate,3.0,harm
agreement,12,mixtral:8x7b,moderate,3.0,harm
agreement,12,mixtral:8x7b,moderate,3.0,harm
agreement,12,mixtral:8x7b,moderate,3.0,harm
agreement,12,mixtral:8x7b,moderate,3.0,harm
agreement,12,mixtral:8x7b,moderate,3.0,harm
agreement,12,mixtral:8x7b,moderate,3.0,harm
agreement,12,mixtral:8x7b,moderate,3.0,harm
agreement,12,mixtral:8x7b,moderate,3.0,harm
agreement,12,mixtral:8x7b,moderate,3.0,harm
agreement,12,mixtral:8x7b,moderate,3.0,harm
agreement,12,mixtral:8x7b,moderate,3.0,harm
agreement,12,mixtral:8x7b,moderate,3.0,harm
agreement,12,mixtral:8x7b,moderate,3.0,harm
agreement,12,mixtral:8x7b,moderate,3.0,harm
agreement,12,mixtral:8x7b,moderate,3.0,harm
agreement,12,mixtral:8x7b,moderate,3.0,harm
agreement,12,mixtral:8x7b,moderate,3.0,harm
agreement,12,mixtral:8x7b,moderate,3.0,harm
agreement,12,mixtral:8x7b,moderate,3.0,harm
agreement,12,mixtral:8x7b,liberal,2.0,harm
agreement,12,mixtral:8x7b,liberal,2.0,harm
agreement,12,mixtral:8x7b,liberal,2.0,harm
agreement,12,mixtral:8x7b,liberal,2.0,harm
agreement,12,mixtral:8x7b,liberal,2.0,harm
agreement,12,mixtral:8x7b,liberal,2.0,harm
agreement,12,mixtral:8x7b,liberal,2.0,harm
agreement,12,mixtral:8x7b,liberal,2.0,harm
agreement,12,mixtral:8x7b,liberal,2.0,harm
agreement,12,mixtral:8x7b,liberal,2.0,harm
agreement,12,mixtral:8x7b,liberal,2.0,harm
agreement,12,mixtral:8x7b,liberal,2.0,harm
agreement,12,mixtral:8x7b,liberal,2.0,harm
agreement,12,mixtral:8x7b,liberal,2.0,harm
agreement,12,mixtral:8x7b,liberal,2.0,harm
agreement,12,mixtral:8x7b,liberal,2.0,harm
agreement,12,mixtral:8x7b,liberal,2.0,harm
agreement,12,mixtral:8x7b,liberal,2.0,harm
agreement,12,mixtral:8x7b,liberal,2.0,harm
agreement,12,mixtral:8x7b,liberal,2.0,harm
agreement,12,mixtral:8x7b,liberal,2.0,harm
agreement,12,mixtral:8x7b,liberal,2.0,harm
agreement,12,mixtral:8x7b,liberal,2.0,harm
agreement,12,mixtral:8x7b,liberal,2.0,harm
agreement,12,mixtral:8x7b,liberal,2.0,harm
agreement,12,mixtral:8x7b,liberal,2.0,harm
agreement,12,mixtral:8x7b,liberal,2.0,harm
agreement,12,mixtral:8x7b,liberal,2.0,harm
agreement,12,mixtral:8x7b,liberal,2.0,harm
agreement,12,mixtral:8x7b,liberal,2.0,harm
agreement,12,mixtral:8x7b,liberal,2.0,harm
agreement,12,mixtral:8x7b,liberal,2.0,harm
agreement,12,mixtral:8x7b,liberal,2.0,harm
agreement,12,mixtral:8x7b,liberal,2.0,harm
agreement,12,mixtral:8x7b,liberal,2.0,harm
agreement,12,mixtral:8x7b,liberal,2.0,harm
agreement,12,mixtral:8x7b,liberal,2.0,harm
agreement,12,mixtral:8x7b,liberal,2.0,harm
agreement,12,mixtral:8x7b,liberal,2.0,harm
agreement,12,mixtral:8x7b,liberal,2.0,harm
agreement,12,mixtral:8x7b,liberal,2.0,harm
agreement,12,mixtral:8x7b,liberal,2.0,harm
agreement,12,mixtral:8x7b,liberal,2.0,harm
agreement,12,mixtral:8x7b,liberal,2.0,harm
agreement,12,mixtral:8x7b,liberal,2.0,harm
agreement,12,mixtral:8x7b,liberal,2.0,harm
agreement,12,mixtral:8x7b,liberal,2.0,harm
agreement,12,mixtral:8x7b,liberal,2.0,harm
agreement,12,mixtral:8x7b,liberal,2.0,harm
agreement,12,mixtral:8x7b,liberal,2.0,harm
agreement,12,phi3:14b,conservative,5.0,harm
agreement,12,phi3:14b,conservative,5.0,harm
agreement,12,phi3:14b,conservative,5.0,harm
agreement,12,phi3:14b,conservative,5.0,harm
agreement,12,phi3:14b,conservative,5.0,harm
agreement,12,phi3:14b,conservative,5.0,harm
agreement,12,phi3:14b,conservative,5.0,harm
agreement,12,phi3:14b,conservative,5.0,harm
agreement,12,phi3:14b,conservative,5.0,harm
agreement,12,phi3:14b,conservative,5.0,harm
agreement,12,phi3:14b,conservative,5.0,harm
agreement,12,phi3:14b,conservative,5.0,harm
agreement,12,phi3:14b,conservative,5.0,harm
agreement,12,phi3:14b,conservative,5.0,harm
agreement,12,phi3:14b,conservative,5.0,harm
agreement,12,phi3:14b,conservative,5.0,harm
agreement,12,phi3:14b,conservative,5.0,harm
agreement,12,phi3:14b,conservative,5.0,harm
agreement,12,phi3:14b,conservative,5.0,harm
agreement,12,phi3:14b,conservative,5.0,harm
agreement,12,phi3:14b,conservative,5.0,harm
agreement,12,phi3:14b,conservative,5.0,harm
agreement,12,phi3:14b,conservative,5.0,harm
agreement,12,phi3:14b,conservative,5.0,harm
agreement,12,phi3:14b,conservative,5.0,harm
agreement,12,phi3:14b,conservative,5.0,harm
agreement,12,phi3:14b,conservative,5.0,harm
agreement,12,phi3:14b,conservative,5.0,harm
agreement,12,phi3:14b,conservative,5.0,harm
agreement,12,phi3:14b,conservative,5.0,harm
agreement,12,phi3:14b,conservative,5.0,harm
agreement,12,phi3:14b,conservative,5.0,harm
agreement,12,phi3:14b,conservative,5.0,harm
agreement,12,phi3:14b,conservative,5.0,harm
agreement,12,phi3:14b,conservative,5.0,harm
agreement,12,phi3:14b,conservative,5.0,harm
agreement,12,phi3:14b,conservative,5.0,harm
agreement,12,phi3:14b,conservative,5.0,harm
agreement,12,phi3:14b,conservative,5.0,harm
agreement,12,phi3:14b,conservative,5.0,harm
agreement,12,phi3:14b,conservative,5.0,harm
agreement,12,phi3:14b,conservative,5.0,harm
agreement,12,phi3:14b,conservative,5.0,harm
agreement,12,phi3:14b,conservative,5.0,harm
agreement,12,phi3:14b,conservative,5.0,harm
agreement,12,phi3:14b,conservative,5.0,harm
agreement,12,phi3:14b,conservative,5.0,harm
agreement,12,phi3:14b,conservative,5.0,harm
agreement,12,phi3:14b,conservative,5.0,harm
agreement,12,phi3:14b,conservative,5.0,harm
agreement,12,phi3:14b,moderate,0.0,harm
agreement,12,phi3:14b,moderate,5.0,harm
agreement,12,phi3:14b,moderate,5.0,harm
agreement,12,phi3:14b,moderate,5.0,harm
agreement,12,phi3:14b,moderate,0.0,harm
agreement,12,phi3:14b,moderate,0.0,harm
agreement,12,phi3:14b,moderate,2.0,harm
agreement,12,phi3:14b,moderate,0.0,harm
agreement,12,phi3:14b,moderate,5.0,harm
agreement,12,phi3:14b,moderate,5.0,harm
agreement,12,phi3:14b,moderate,0.0,harm
agreement,12,phi3:14b,moderate,4.0,harm
agreement,12,phi3:14b,moderate,4.0,harm
agreement,12,phi3:14b,moderate,5.0,harm
agreement,12,phi3:14b,moderate,0.0,harm
agreement,12,phi3:14b,moderate,0.0,harm
agreement,12,phi3:14b,moderate,5.0,harm
agreement,12,phi3:14b,moderate,5.0,harm
agreement,12,phi3:14b,moderate,5.0,harm
agreement,12,phi3:14b,moderate,0.0,harm
agreement,12,phi3:14b,moderate,5.0,harm
agreement,12,phi3:14b,moderate,5.0,harm
agreement,12,phi3:14b,moderate,3.0,harm
agreement,12,phi3:14b,moderate,0.0,harm
agreement,12,phi3:14b,moderate,5.0,harm
agreement,12,phi3:14b,moderate,4.0,harm
agreement,12,phi3:14b,moderate,4.0,harm
agreement,12,phi3:14b,moderate,4.0,harm
agreement,12,phi3:14b,moderate,4.0,harm
agreement,12,phi3:14b,moderate,5.0,harm
agreement,12,phi3:14b,moderate,0.0,harm
agreement,12,phi3:14b,moderate,5.0,harm
agreement,12,phi3:14b,moderate,0.0,harm
agreement,12,phi3:14b,moderate,5.0,harm
agreement,12,phi3:14b,moderate,0.0,harm
agreement,12,phi3:14b,moderate,0.0,harm
agreement,12,phi3:14b,moderate,0.0,harm
agreement,12,phi3:14b,moderate,5.0,harm
agreement,12,phi3:14b,moderate,5.0,harm
agreement,12,phi3:14b,moderate,5.0,harm
agreement,12,phi3:14b,moderate,5.0,harm
agreement,12,phi3:14b,moderate,5.0,harm
agreement,12,phi3:14b,moderate,5.0,harm
agreement,12,phi3:14b,moderate,5.0,harm
agreement,12,phi3:14b,moderate,0.0,harm
agreement,12,phi3:14b,moderate,0.0,harm
agreement,12,phi3:14b,moderate,5.0,harm
agreement,12,phi3:14b,moderate,4.0,harm
agreement,12,phi3:14b,moderate,5.0,harm
agreement,12,phi3:14b,moderate,5.0,harm
agreement,12,phi3:14b,liberal,5.0,harm
agreement,12,phi3:14b,liberal,5.0,harm
agreement,12,phi3:14b,liberal,5.0,harm
agreement,12,phi3:14b,liberal,5.0,harm
agreement,12,phi3:14b,liberal,5.0,harm
agreement,12,phi3:14b,liberal,5.0,harm
agreement,12,phi3:14b,liberal,5.0,harm
agreement,12,phi3:14b,liberal,5.0,harm
agreement,12,phi3:14b,liberal,5.0,harm
agreement,12,phi3:14b,liberal,5.0,harm
agreement,12,phi3:14b,liberal,5.0,harm
agreement,12,phi3:14b,liberal,5.0,harm
agreement,12,phi3:14b,liberal,5.0,harm
agreement,12,phi3:14b,liberal,5.0,harm
agreement,12,phi3:14b,liberal,5.0,harm
agreement,12,phi3:14b,liberal,5.0,harm
agreement,12,phi3:14b,liberal,5.0,harm
agreement,12,phi3:14b,liberal,5.0,harm
agreement,12,phi3:14b,liberal,5.0,harm
agreement,12,phi3:14b,liberal,5.0,harm
agreement,12,phi3:14b,liberal,5.0,harm
agreement,12,phi3:14b,liberal,5.0,harm
agreement,12,phi3:14b,liberal,5.0,harm
agreement,12,phi3:14b,liberal,5.0,harm
agreement,12,phi3:14b,liberal,5.0,harm
agreement,12,phi3:14b,liberal,5.0,harm
agreement,12,phi3:14b,liberal,5.0,harm
agreement,12,phi3:14b,liberal,5.0,harm
agreement,12,phi3:14b,liberal,5.0,harm
agreement,12,phi3:14b,liberal,5.0,harm
agreement,12,phi3:14b,liberal,5.0,harm
agreement,12,phi3:14b,liberal,5.0,harm
agreement,12,phi3:14b,liberal,5.0,harm
agreement,12,phi3:14b,liberal,5.0,harm
agreement,12,phi3:14b,liberal,5.0,harm
agreement,12,phi3:14b,liberal,5.0,harm
agreement,12,phi3:14b,liberal,5.0,harm
agreement,12,phi3:14b,liberal,5.0,harm
agreement,12,phi3:14b,liberal,5.0,harm
agreement,12,phi3:14b,liberal,5.0,harm
agreement,12,phi3:14b,liberal,5.0,harm
agreement,12,phi3:14b,liberal,5.0,harm
agreement,12,phi3:14b,liberal,5.0,harm
agreement,12,phi3:14b,liberal,4.0,harm
agreement,12,phi3:14b,liberal,5.0,harm
agreement,12,phi3:14b,liberal,5.0,harm
agreement,12,phi3:14b,liberal,5.0,harm
agreement,12,phi3:14b,liberal,5.0,harm
agreement,12,phi3:14b,liberal,5.0,harm
agreement,12,phi3:14b,liberal,5.0,harm
agreement,12,gemma:7b,conservative,5.0,harm
agreement,12,gemma:7b,conservative,5.0,harm
agreement,12,gemma:7b,conservative,5.0,harm
agreement,12,gemma:7b,conservative,5.0,harm
agreement,12,gemma:7b,conservative,5.0,harm
agreement,12,gemma:7b,conservative,5.0,harm
agreement,12,gemma:7b,conservative,5.0,harm
agreement,12,gemma:7b,conservative,5.0,harm
agreement,12,gemma:7b,conservative,5.0,harm
agreement,12,gemma:7b,conservative,5.0,harm
agreement,12,gemma:7b,conservative,5.0,harm
agreement,12,gemma:7b,conservative,5.0,harm
agreement,12,gemma:7b,conservative,5.0,harm
agreement,12,gemma:7b,conservative,5.0,harm
agreement,12,gemma:7b,conservative,5.0,harm
agreement,12,gemma:7b,conservative,5.0,harm
agreement,12,gemma:7b,conservative,5.0,harm
agreement,12,gemma:7b,conservative,5.0,harm
agreement,12,gemma:7b,conservative,5.0,harm
agreement,12,gemma:7b,conservative,5.0,harm
agreement,12,gemma:7b,conservative,5.0,harm
agreement,12,gemma:7b,conservative,5.0,harm
agreement,12,gemma:7b,conservative,5.0,harm
agreement,12,gemma:7b,conservative,5.0,harm
agreement,12,gemma:7b,conservative,5.0,harm
agreement,12,gemma:7b,conservative,5.0,harm
agreement,12,gemma:7b,conservative,5.0,harm
agreement,12,gemma:7b,conservative,5.0,harm
agreement,12,gemma:7b,conservative,5.0,harm
agreement,12,gemma:7b,conservative,5.0,harm
agreement,12,gemma:7b,conservative,5.0,harm
agreement,12,gemma:7b,conservative,5.0,harm
agreement,12,gemma:7b,conservative,5.0,harm
agreement,12,gemma:7b,conservative,5.0,harm
agreement,12,gemma:7b,conservative,5.0,harm
agreement,12,gemma:7b,conservative,5.0,harm
agreement,12,gemma:7b,conservative,5.0,harm
agreement,12,gemma:7b,conservative,5.0,harm
agreement,12,gemma:7b,conservative,5.0,harm
agreement,12,gemma:7b,conservative,5.0,harm
agreement,12,gemma:7b,conservative,5.0,harm
agreement,12,gemma:7b,conservative,5.0,harm
agreement,12,gemma:7b,conservative,5.0,harm
agreement,12,gemma:7b,conservative,5.0,harm
agreement,12,gemma:7b,conservative,5.0,harm
agreement,12,gemma:7b,conservative,5.0,harm
agreement,12,gemma:7b,conservative,5.0,harm
agreement,12,gemma:7b,conservative,5.0,harm
agreement,12,gemma:7b,conservative,5.0,harm
agreement,12,gemma:7b,conservative,5.0,harm
agreement,12,gemma:7b,moderate,5.0,harm
agreement,12,gemma:7b,moderate,5.0,harm
agreement,12,gemma:7b,moderate,5.0,harm
agreement,12,gemma:7b,moderate,5.0,harm
agreement,12,gemma:7b,moderate,5.0,harm
agreement,12,gemma:7b,moderate,5.0,harm
agreement,12,gemma:7b,moderate,5.0,harm
agreement,12,gemma:7b,moderate,5.0,harm
agreement,12,gemma:7b,moderate,5.0,harm
agreement,12,gemma:7b,moderate,5.0,harm
agreement,12,gemma:7b,moderate,5.0,harm
agreement,12,gemma:7b,moderate,5.0,harm
agreement,12,gemma:7b,moderate,5.0,harm
agreement,12,gemma:7b,moderate,5.0,harm
agreement,12,gemma:7b,moderate,5.0,harm
agreement,12,gemma:7b,moderate,5.0,harm
agreement,12,gemma:7b,moderate,5.0,harm
agreement,12,gemma:7b,moderate,5.0,harm
agreement,12,gemma:7b,moderate,5.0,harm
agreement,12,gemma:7b,moderate,5.0,harm
agreement,12,gemma:7b,moderate,5.0,harm
agreement,12,gemma:7b,moderate,5.0,harm
agreement,12,gemma:7b,moderate,5.0,harm
agreement,12,gemma:7b,moderate,5.0,harm
agreement,12,gemma:7b,moderate,5.0,harm
agreement,12,gemma:7b,moderate,5.0,harm
agreement,12,gemma:7b,moderate,5.0,harm
agreement,12,gemma:7b,moderate,5.0,harm
agreement,12,gemma:7b,moderate,5.0,harm
agreement,12,gemma:7b,moderate,5.0,harm
agreement,12,gemma:7b,moderate,5.0,harm
agreement,12,gemma:7b,moderate,5.0,harm
agreement,12,gemma:7b,moderate,5.0,harm
agreement,12,gemma:7b,moderate,5.0,harm
agreement,12,gemma:7b,moderate,5.0,harm
agreement,12,gemma:7b,moderate,5.0,harm
agreement,12,gemma:7b,moderate,5.0,harm
agreement,12,gemma:7b,moderate,5.0,harm
agreement,12,gemma:7b,moderate,5.0,harm
agreement,12,gemma:7b,moderate,5.0,harm
agreement,12,gemma:7b,moderate,5.0,harm
agreement,12,gemma:7b,moderate,5.0,harm
agreement,12,gemma:7b,moderate,5.0,harm
agreement,12,gemma:7b,moderate,5.0,harm
agreement,12,gemma:7b,moderate,5.0,harm
agreement,12,gemma:7b,moderate,5.0,harm
agreement,12,gemma:7b,moderate,5.0,harm
agreement,12,gemma:7b,moderate,5.0,harm
agreement,12,gemma:7b,moderate,5.0,harm
agreement,12,gemma:7b,moderate,5.0,harm
agreement,12,gemma:7b,liberal,5.0,harm
agreement,12,gemma:7b,liberal,5.0,harm
agreement,12,gemma:7b,liberal,5.0,harm
agreement,12,gemma:7b,liberal,5.0,harm
agreement,12,gemma:7b,liberal,5.0,harm
agreement,12,gemma:7b,liberal,5.0,harm
agreement,12,gemma:7b,liberal,5.0,harm
agreement,12,gemma:7b,liberal,5.0,harm
agreement,12,gemma:7b,liberal,5.0,harm
agreement,12,gemma:7b,liberal,5.0,harm
agreement,12,gemma:7b,liberal,5.0,harm
agreement,12,gemma:7b,liberal,5.0,harm
agreement,12,gemma:7b,liberal,5.0,harm
agreement,12,gemma:7b,liberal,5.0,harm
agreement,12,gemma:7b,liberal,5.0,harm
agreement,12,gemma:7b,liberal,5.0,harm
agreement,12,gemma:7b,liberal,5.0,harm
agreement,12,gemma:7b,liberal,5.0,harm
agreement,12,gemma:7b,liberal,5.0,harm
agreement,12,gemma:7b,liberal,5.0,harm
agreement,12,gemma:7b,liberal,5.0,harm
agreement,12,gemma:7b,liberal,5.0,harm
agreement,12,gemma:7b,liberal,5.0,harm
agreement,12,gemma:7b,liberal,5.0,harm
agreement,12,gemma:7b,liberal,5.0,harm
agreement,12,gemma:7b,liberal,5.0,harm
agreement,12,gemma:7b,liberal,5.0,harm
agreement,12,gemma:7b,liberal,5.0,harm
agreement,12,gemma:7b,liberal,5.0,harm
agreement,12,gemma:7b,liberal,5.0,harm
agreement,12,gemma:7b,liberal,5.0,harm
agreement,12,gemma:7b,liberal,5.0,harm
agreement,12,gemma:7b,liberal,5.0,harm
agreement,12,gemma:7b,liberal,5.0,harm
agreement,12,gemma:7b,liberal,5.0,harm
agreement,12,gemma:7b,liberal,5.0,harm
agreement,12,gemma:7b,liberal,5.0,harm
agreement,12,gemma:7b,liberal,5.0,harm
agreement,12,gemma:7b,liberal,5.0,harm
agreement,12,gemma:7b,liberal,5.0,harm
agreement,12,gemma:7b,liberal,5.0,harm
agreement,12,gemma:7b,liberal,5.0,harm
agreement,12,gemma:7b,liberal,5.0,harm
agreement,12,gemma:7b,liberal,5.0,harm
agreement,12,gemma:7b,liberal,5.0,harm
agreement,12,gemma:7b,liberal,5.0,harm
agreement,12,gemma:7b,liberal,5.0,harm
agreement,12,gemma:7b,liberal,5.0,harm
agreement,12,gemma:7b,liberal,5.0,harm
agreement,12,gemma:7b,liberal,5.0,harm
agreement,12,gemma2:27b,conservative,5.0,harm
agreement,12,gemma2:27b,conservative,5.0,harm
agreement,12,gemma2:27b,conservative,5.0,harm
agreement,12,gemma2:27b,conservative,5.0,harm
agreement,12,gemma2:27b,conservative,5.0,harm
agreement,12,gemma2:27b,conservative,5.0,harm
agreement,12,gemma2:27b,conservative,5.0,harm
agreement,12,gemma2:27b,conservative,5.0,harm
agreement,12,gemma2:27b,conservative,5.0,harm
agreement,12,gemma2:27b,conservative,5.0,harm
agreement,12,gemma2:27b,conservative,5.0,harm
agreement,12,gemma2:27b,conservative,5.0,harm
agreement,12,gemma2:27b,conservative,5.0,harm
agreement,12,gemma2:27b,conservative,5.0,harm
agreement,12,gemma2:27b,conservative,5.0,harm
agreement,12,gemma2:27b,conservative,5.0,harm
agreement,12,gemma2:27b,conservative,5.0,harm
agreement,12,gemma2:27b,conservative,5.0,harm
agreement,12,gemma2:27b,conservative,5.0,harm
agreement,12,gemma2:27b,conservative,5.0,harm
agreement,12,gemma2:27b,conservative,5.0,harm
agreement,12,gemma2:27b,conservative,5.0,harm
agreement,12,gemma2:27b,conservative,5.0,harm
agreement,12,gemma2:27b,conservative,5.0,harm
agreement,12,gemma2:27b,conservative,5.0,harm
agreement,12,gemma2:27b,conservative,5.0,harm
agreement,12,gemma2:27b,conservative,5.0,harm
agreement,12,gemma2:27b,conservative,5.0,harm
agreement,12,gemma2:27b,conservative,5.0,harm
agreement,12,gemma2:27b,conservative,5.0,harm
agreement,12,gemma2:27b,conservative,5.0,harm
agreement,12,gemma2:27b,conservative,5.0,harm
agreement,12,gemma2:27b,conservative,5.0,harm
agreement,12,gemma2:27b,conservative,5.0,harm
agreement,12,gemma2:27b,conservative,5.0,harm
agreement,12,gemma2:27b,conservative,5.0,harm
agreement,12,gemma2:27b,conservative,5.0,harm
agreement,12,gemma2:27b,conservative,5.0,harm
agreement,12,gemma2:27b,conservative,5.0,harm
agreement,12,gemma2:27b,conservative,5.0,harm
agreement,12,gemma2:27b,conservative,5.0,harm
agreement,12,gemma2:27b,conservative,5.0,harm
agreement,12,gemma2:27b,conservative,5.0,harm
agreement,12,gemma2:27b,conservative,5.0,harm
agreement,12,gemma2:27b,conservative,5.0,harm
agreement,12,gemma2:27b,conservative,5.0,harm
agreement,12,gemma2:27b,conservative,5.0,harm
agreement,12,gemma2:27b,conservative,5.0,harm
agreement,12,gemma2:27b,conservative,5.0,harm
agreement,12,gemma2:27b,conservative,5.0,harm
agreement,12,gemma2:27b,moderate,4.0,harm
agreement,12,gemma2:27b,moderate,4.0,harm
agreement,12,gemma2:27b,moderate,4.0,harm
agreement,12,gemma2:27b,moderate,4.0,harm
agreement,12,gemma2:27b,moderate,4.0,harm
agreement,12,gemma2:27b,moderate,4.0,harm
agreement,12,gemma2:27b,moderate,4.0,harm
agreement,12,gemma2:27b,moderate,4.0,harm
agreement,12,gemma2:27b,moderate,4.0,harm
agreement,12,gemma2:27b,moderate,4.0,harm
agreement,12,gemma2:27b,moderate,4.0,harm
agreement,12,gemma2:27b,moderate,4.0,harm
agreement,12,gemma2:27b,moderate,4.0,harm
agreement,12,gemma2:27b,moderate,4.0,harm
agreement,12,gemma2:27b,moderate,4.0,harm
agreement,12,gemma2:27b,moderate,4.0,harm
agreement,12,gemma2:27b,moderate,4.0,harm
agreement,12,gemma2:27b,moderate,4.0,harm
agreement,12,gemma2:27b,moderate,4.0,harm
agreement,12,gemma2:27b,moderate,4.0,harm
agreement,12,gemma2:27b,moderate,4.0,harm
agreement,12,gemma2:27b,moderate,4.0,harm
agreement,12,gemma2:27b,moderate,4.0,harm
agreement,12,gemma2:27b,moderate,4.0,harm
agreement,12,gemma2:27b,moderate,4.0,harm
agreement,12,gemma2:27b,moderate,4.0,harm
agreement,12,gemma2:27b,moderate,4.0,harm
agreement,12,gemma2:27b,moderate,4.0,harm
agreement,12,gemma2:27b,moderate,4.0,harm
agreement,12,gemma2:27b,moderate,4.0,harm
agreement,12,gemma2:27b,moderate,4.0,harm
agreement,12,gemma2:27b,moderate,4.0,harm
agreement,12,gemma2:27b,moderate,4.0,harm
agreement,12,gemma2:27b,moderate,4.0,harm
agreement,12,gemma2:27b,moderate,4.0,harm
agreement,12,gemma2:27b,moderate,4.0,harm
agreement,12,gemma2:27b,moderate,4.0,harm
agreement,12,gemma2:27b,moderate,4.0,harm
agreement,12,gemma2:27b,moderate,4.0,harm
agreement,12,gemma2:27b,moderate,4.0,harm
agreement,12,gemma2:27b,moderate,4.0,harm
agreement,12,gemma2:27b,moderate,4.0,harm
agreement,12,gemma2:27b,moderate,4.0,harm
agreement,12,gemma2:27b,moderate,4.0,harm
agreement,12,gemma2:27b,moderate,4.0,harm
agreement,12,gemma2:27b,moderate,4.0,harm
agreement,12,gemma2:27b,moderate,4.0,harm
agreement,12,gemma2:27b,moderate,4.0,harm
agreement,12,gemma2:27b,moderate,4.0,harm
agreement,12,gemma2:27b,moderate,4.0,harm
agreement,12,gemma2:27b,liberal,4.0,harm
agreement,12,gemma2:27b,liberal,4.0,harm
agreement,12,gemma2:27b,liberal,5.0,harm
agreement,12,gemma2:27b,liberal,4.0,harm
agreement,12,gemma2:27b,liberal,4.0,harm
agreement,12,gemma2:27b,liberal,4.0,harm
agreement,12,gemma2:27b,liberal,5.0,harm
agreement,12,gemma2:27b,liberal,4.0,harm
agreement,12,gemma2:27b,liberal,4.0,harm
agreement,12,gemma2:27b,liberal,4.0,harm
agreement,12,gemma2:27b,liberal,4.0,harm
agreement,12,gemma2:27b,liberal,4.0,harm
agreement,12,gemma2:27b,liberal,4.0,harm
agreement,12,gemma2:27b,liberal,5.0,harm
agreement,12,gemma2:27b,liberal,5.0,harm
agreement,12,gemma2:27b,liberal,4.0,harm
agreement,12,gemma2:27b,liberal,5.0,harm
agreement,12,gemma2:27b,liberal,4.0,harm
agreement,12,gemma2:27b,liberal,4.0,harm
agreement,12,gemma2:27b,liberal,5.0,harm
agreement,12,gemma2:27b,liberal,4.0,harm
agreement,12,gemma2:27b,liberal,4.0,harm
agreement,12,gemma2:27b,liberal,4.0,harm
agreement,12,gemma2:27b,liberal,5.0,harm
agreement,12,gemma2:27b,liberal,4.0,harm
agreement,12,gemma2:27b,liberal,5.0,harm
agreement,12,gemma2:27b,liberal,4.0,harm
agreement,12,gemma2:27b,liberal,4.0,harm
agreement,12,gemma2:27b,liberal,5.0,harm
agreement,12,gemma2:27b,liberal,5.0,harm
agreement,12,gemma2:27b,liberal,4.0,harm
agreement,12,gemma2:27b,liberal,5.0,harm
agreement,12,gemma2:27b,liberal,5.0,harm
agreement,12,gemma2:27b,liberal,4.0,harm
agreement,12,gemma2:27b,liberal,4.0,harm
agreement,12,gemma2:27b,liberal,4.0,harm
agreement,12,gemma2:27b,liberal,5.0,harm
agreement,12,gemma2:27b,liberal,5.0,harm
agreement,12,gemma2:27b,liberal,4.0,harm
agreement,12,gemma2:27b,liberal,4.0,harm
agreement,12,gemma2:27b,liberal,4.0,harm
agreement,12,gemma2:27b,liberal,4.0,harm
agreement,12,gemma2:27b,liberal,5.0,harm
agreement,12,gemma2:27b,liberal,5.0,harm
agreement,12,gemma2:27b,liberal,4.0,harm
agreement,12,gemma2:27b,liberal,5.0,harm
agreement,12,gemma2:27b,liberal,4.0,harm
agreement,12,gemma2:27b,liberal,4.0,harm
agreement,12,gemma2:27b,liberal,4.0,harm
agreement,12,gemma2:27b,liberal,4.0,harm
agreement,12,qwen:72b,conservative,5.0,harm
agreement,12,qwen:72b,conservative,5.0,harm
agreement,12,qwen:72b,conservative,5.0,harm
agreement,12,qwen:72b,conservative,5.0,harm
agreement,12,qwen:72b,conservative,5.0,harm
agreement,12,qwen:72b,conservative,5.0,harm
agreement,12,qwen:72b,conservative,5.0,harm
agreement,12,qwen:72b,conservative,5.0,harm
agreement,12,qwen:72b,conservative,5.0,harm
agreement,12,qwen:72b,conservative,5.0,harm
agreement,12,qwen:72b,conservative,5.0,harm
agreement,12,qwen:72b,conservative,5.0,harm
agreement,12,qwen:72b,conservative,5.0,harm
agreement,12,qwen:72b,conservative,5.0,harm
agreement,12,qwen:72b,conservative,5.0,harm
agreement,12,qwen:72b,conservative,5.0,harm
agreement,12,qwen:72b,conservative,5.0,harm
agreement,12,qwen:72b,conservative,5.0,harm
agreement,12,qwen:72b,conservative,5.0,harm
agreement,12,qwen:72b,conservative,5.0,harm
agreement,12,qwen:72b,conservative,5.0,harm
agreement,12,qwen:72b,conservative,5.0,harm
agreement,12,qwen:72b,conservative,5.0,harm
agreement,12,qwen:72b,conservative,5.0,harm
agreement,12,qwen:72b,conservative,5.0,harm
agreement,12,qwen:72b,conservative,5.0,harm
agreement,12,qwen:72b,conservative,5.0,harm
agreement,12,qwen:72b,conservative,5.0,harm
agreement,12,qwen:72b,conservative,5.0,harm
agreement,12,qwen:72b,conservative,5.0,harm
agreement,12,qwen:72b,conservative,5.0,harm
agreement,12,qwen:72b,conservative,5.0,harm
agreement,12,qwen:72b,conservative,5.0,harm
agreement,12,qwen:72b,conservative,5.0,harm
agreement,12,qwen:72b,conservative,5.0,harm
agreement,12,qwen:72b,conservative,5.0,harm
agreement,12,qwen:72b,conservative,5.0,harm
agreement,12,qwen:72b,conservative,5.0,harm
agreement,12,qwen:72b,conservative,5.0,harm
agreement,12,qwen:72b,conservative,5.0,harm
agreement,12,qwen:72b,conservative,5.0,harm
agreement,12,qwen:72b,conservative,5.0,harm
agreement,12,qwen:72b,conservative,5.0,harm
agreement,12,qwen:72b,conservative,5.0,harm
agreement,12,qwen:72b,conservative,5.0,harm
agreement,12,qwen:72b,conservative,5.0,harm
agreement,12,qwen:72b,conservative,5.0,harm
agreement,12,qwen:72b,conservative,5.0,harm
agreement,12,qwen:72b,conservative,5.0,harm
agreement,12,qwen:72b,conservative,5.0,harm
agreement,12,qwen:72b,moderate,5.0,harm
agreement,12,qwen:72b,moderate,5.0,harm
agreement,12,qwen:72b,moderate,5.0,harm
agreement,12,qwen:72b,moderate,5.0,harm
agreement,12,qwen:72b,moderate,5.0,harm
agreement,12,qwen:72b,moderate,4.0,harm
agreement,12,qwen:72b,moderate,5.0,harm
agreement,12,qwen:72b,moderate,5.0,harm
agreement,12,qwen:72b,moderate,5.0,harm
agreement,12,qwen:72b,moderate,5.0,harm
agreement,12,qwen:72b,moderate,5.0,harm
agreement,12,qwen:72b,moderate,1.0,harm
agreement,12,qwen:72b,moderate,5.0,harm
agreement,12,qwen:72b,moderate,4.0,harm
agreement,12,qwen:72b,moderate,5.0,harm
agreement,12,qwen:72b,moderate,4.0,harm
agreement,12,qwen:72b,moderate,5.0,harm
agreement,12,qwen:72b,moderate,5.0,harm
agreement,12,qwen:72b,moderate,4.0,harm
agreement,12,qwen:72b,moderate,4.0,harm
agreement,12,qwen:72b,moderate,5.0,harm
agreement,12,qwen:72b,moderate,5.0,harm
agreement,12,qwen:72b,moderate,4.0,harm
agreement,12,qwen:72b,moderate,5.0,harm
agreement,12,qwen:72b,moderate,4.0,harm
agreement,12,qwen:72b,moderate,5.0,harm
agreement,12,qwen:72b,moderate,5.0,harm
agreement,12,qwen:72b,moderate,5.0,harm
agreement,12,qwen:72b,moderate,5.0,harm
agreement,12,qwen:72b,moderate,5.0,harm
agreement,12,qwen:72b,moderate,5.0,harm
agreement,12,qwen:72b,moderate,5.0,harm
agreement,12,qwen:72b,moderate,5.0,harm
agreement,12,qwen:72b,moderate,5.0,harm
agreement,12,qwen:72b,moderate,5.0,harm
agreement,12,qwen:72b,moderate,4.0,harm
agreement,12,qwen:72b,moderate,4.0,harm
agreement,12,qwen:72b,moderate,5.0,harm
agreement,12,qwen:72b,moderate,5.0,harm
agreement,12,qwen:72b,moderate,5.0,harm
agreement,12,qwen:72b,moderate,5.0,harm
agreement,12,qwen:72b,moderate,5.0,harm
agreement,12,qwen:72b,moderate,3.0,harm
agreement,12,qwen:72b,moderate,5.0,harm
agreement,12,qwen:72b,moderate,5.0,harm
agreement,12,qwen:72b,moderate,4.0,harm
agreement,12,qwen:72b,moderate,2.0,harm
agreement,12,qwen:72b,moderate,4.0,harm
agreement,12,qwen:72b,moderate,4.0,harm
agreement,12,qwen:72b,moderate,5.0,harm
agreement,12,qwen:72b,liberal,3.0,harm
agreement,12,qwen:72b,liberal,4.0,harm
agreement,12,qwen:72b,liberal,4.0,harm
agreement,12,qwen:72b,liberal,4.0,harm
agreement,12,qwen:72b,liberal,3.0,harm
agreement,12,qwen:72b,liberal,3.0,harm
agreement,12,qwen:72b,liberal,5.0,harm
agreement,12,qwen:72b,liberal,3.0,harm
agreement,12,qwen:72b,liberal,3.0,harm
agreement,12,qwen:72b,liberal,2.0,harm
agreement,12,qwen:72b,liberal,2.0,harm
agreement,12,qwen:72b,liberal,2.0,harm
agreement,12,qwen:72b,liberal,4.0,harm
agreement,12,qwen:72b,liberal,4.0,harm
agreement,12,qwen:72b,liberal,3.0,harm
agreement,12,qwen:72b,liberal,3.0,harm
agreement,12,qwen:72b,liberal,3.0,harm
agreement,12,qwen:72b,liberal,3.0,harm
agreement,12,qwen:72b,liberal,5.0,harm
agreement,12,qwen:72b,liberal,3.0,harm
agreement,12,qwen:72b,liberal,3.0,harm
agreement,12,qwen:72b,liberal,2.0,harm
agreement,12,qwen:72b,liberal,4.0,harm
agreement,12,qwen:72b,liberal,3.0,harm
agreement,12,qwen:72b,liberal,3.0,harm
agreement,12,qwen:72b,liberal,3.0,harm
agreement,12,qwen:72b,liberal,4.0,harm
agreement,12,qwen:72b,liberal,3.0,harm
agreement,12,qwen:72b,liberal,2.0,harm
agreement,12,qwen:72b,liberal,5.0,harm
agreement,12,qwen:72b,liberal,4.0,harm
agreement,12,qwen:72b,liberal,2.0,harm
agreement,12,qwen:72b,liberal,4.0,harm
agreement,12,qwen:72b,liberal,4.0,harm
agreement,12,qwen:72b,liberal,3.0,harm
agreement,12,qwen:72b,liberal,5.0,harm
agreement,12,qwen:72b,liberal,3.0,harm
agreement,12,qwen:72b,liberal,5.0,harm
agreement,12,qwen:72b,liberal,4.0,harm
agreement,12,qwen:72b,liberal,3.0,harm
agreement,12,qwen:72b,liberal,5.0,harm
agreement,12,qwen:72b,liberal,4.0,harm
agreement,12,qwen:72b,liberal,3.0,harm
agreement,12,qwen:72b,liberal,3.0,harm
agreement,12,qwen:72b,liberal,3.0,harm
agreement,12,qwen:72b,liberal,3.0,harm
agreement,12,qwen:72b,liberal,3.0,harm
agreement,12,qwen:72b,liberal,4.0,harm
agreement,12,qwen:72b,liberal,3.0,harm
agreement,12,qwen2:72b,conservative,5.0,harm
agreement,12,qwen2:72b,conservative,5.0,harm
agreement,12,qwen2:72b,conservative,5.0,harm
agreement,12,qwen2:72b,conservative,5.0,harm
agreement,12,qwen2:72b,conservative,5.0,harm
agreement,12,qwen2:72b,conservative,5.0,harm
agreement,12,qwen2:72b,conservative,5.0,harm
agreement,12,qwen2:72b,conservative,5.0,harm
agreement,12,qwen2:72b,conservative,5.0,harm
agreement,12,qwen2:72b,conservative,5.0,harm
agreement,12,qwen2:72b,conservative,5.0,harm
agreement,12,qwen2:72b,conservative,5.0,harm
agreement,12,qwen2:72b,conservative,5.0,harm
agreement,12,qwen2:72b,conservative,5.0,harm
agreement,12,qwen2:72b,conservative,5.0,harm
agreement,12,qwen2:72b,conservative,5.0,harm
agreement,12,qwen2:72b,conservative,5.0,harm
agreement,12,qwen2:72b,conservative,5.0,harm
agreement,12,qwen2:72b,conservative,5.0,harm
agreement,12,qwen2:72b,conservative,5.0,harm
agreement,12,qwen2:72b,conservative,5.0,harm
agreement,12,qwen2:72b,conservative,5.0,harm
agreement,12,qwen2:72b,conservative,5.0,harm
agreement,12,qwen2:72b,conservative,5.0,harm
agreement,12,qwen2:72b,conservative,5.0,harm
agreement,12,qwen2:72b,conservative,5.0,harm
agreement,12,qwen2:72b,conservative,5.0,harm
agreement,12,qwen2:72b,conservative,5.0,harm
agreement,12,qwen2:72b,conservative,5.0,harm
agreement,12,qwen2:72b,conservative,5.0,harm
agreement,12,qwen2:72b,conservative,5.0,harm
agreement,12,qwen2:72b,conservative,5.0,harm
agreement,12,qwen2:72b,conservative,5.0,harm
agreement,12,qwen2:72b,conservative,5.0,harm
agreement,12,qwen2:72b,conservative,5.0,harm
agreement,12,qwen2:72b,conservative,5.0,harm
agreement,12,qwen2:72b,conservative,5.0,harm
agreement,12,qwen2:72b,conservative,5.0,harm
agreement,12,qwen2:72b,conservative,5.0,harm
agreement,12,qwen2:72b,conservative,5.0,harm
agreement,12,qwen2:72b,conservative,5.0,harm
agreement,12,qwen2:72b,conservative,5.0,harm
agreement,12,qwen2:72b,conservative,5.0,harm
agreement,12,qwen2:72b,conservative,5.0,harm
agreement,12,qwen2:72b,conservative,5.0,harm
agreement,12,qwen2:72b,conservative,5.0,harm
agreement,12,qwen2:72b,conservative,5.0,harm
agreement,12,qwen2:72b,conservative,5.0,harm
agreement,12,qwen2:72b,conservative,5.0,harm
agreement,12,qwen2:72b,conservative,5.0,harm
agreement,12,qwen2:72b,moderate,5.0,harm
agreement,12,qwen2:72b,moderate,4.0,harm
agreement,12,qwen2:72b,moderate,4.0,harm
agreement,12,qwen2:72b,moderate,4.0,harm
agreement,12,qwen2:72b,moderate,5.0,harm
agreement,12,qwen2:72b,moderate,5.0,harm
agreement,12,qwen2:72b,moderate,4.0,harm
agreement,12,qwen2:72b,moderate,4.0,harm
agreement,12,qwen2:72b,moderate,4.0,harm
agreement,12,qwen2:72b,moderate,4.0,harm
agreement,12,qwen2:72b,moderate,4.0,harm
agreement,12,qwen2:72b,moderate,5.0,harm
agreement,12,qwen2:72b,moderate,5.0,harm
agreement,12,qwen2:72b,moderate,4.0,harm
agreement,12,qwen2:72b,moderate,5.0,harm
agreement,12,qwen2:72b,moderate,5.0,harm
agreement,12,qwen2:72b,moderate,4.0,harm
agreement,12,qwen2:72b,moderate,5.0,harm
agreement,12,qwen2:72b,moderate,4.0,harm
agreement,12,qwen2:72b,moderate,4.0,harm
agreement,12,qwen2:72b,moderate,5.0,harm
agreement,12,qwen2:72b,moderate,5.0,harm
agreement,12,qwen2:72b,moderate,4.0,harm
agreement,12,qwen2:72b,moderate,4.0,harm
agreement,12,qwen2:72b,moderate,4.0,harm
agreement,12,qwen2:72b,moderate,4.0,harm
agreement,12,qwen2:72b,moderate,4.0,harm
agreement,12,qwen2:72b,moderate,4.0,harm
agreement,12,qwen2:72b,moderate,4.0,harm
agreement,12,qwen2:72b,moderate,4.0,harm
agreement,12,qwen2:72b,moderate,4.0,harm
agreement,12,qwen2:72b,moderate,4.0,harm
agreement,12,qwen2:72b,moderate,5.0,harm
agreement,12,qwen2:72b,moderate,4.0,harm
agreement,12,qwen2:72b,moderate,5.0,harm
agreement,12,qwen2:72b,moderate,4.0,harm
agreement,12,qwen2:72b,moderate,4.0,harm
agreement,12,qwen2:72b,moderate,5.0,harm
agreement,12,qwen2:72b,moderate,4.0,harm
agreement,12,qwen2:72b,moderate,5.0,harm
agreement,12,qwen2:72b,moderate,4.0,harm
agreement,12,qwen2:72b,moderate,4.0,harm
agreement,12,qwen2:72b,moderate,4.0,harm
agreement,12,qwen2:72b,moderate,4.0,harm
agreement,12,qwen2:72b,moderate,5.0,harm
agreement,12,qwen2:72b,moderate,4.0,harm
agreement,12,qwen2:72b,moderate,4.0,harm
agreement,12,qwen2:72b,moderate,4.0,harm
agreement,12,qwen2:72b,moderate,5.0,harm
agreement,12,qwen2:72b,moderate,5.0,harm
agreement,12,qwen2:72b,liberal,5.0,harm
agreement,12,qwen2:72b,liberal,5.0,harm
agreement,12,qwen2:72b,liberal,5.0,harm
agreement,12,qwen2:72b,liberal,5.0,harm
agreement,12,qwen2:72b,liberal,5.0,harm
agreement,12,qwen2:72b,liberal,5.0,harm
agreement,12,qwen2:72b,liberal,5.0,harm
agreement,12,qwen2:72b,liberal,5.0,harm
agreement,12,qwen2:72b,liberal,5.0,harm
agreement,12,qwen2:72b,liberal,5.0,harm
agreement,12,qwen2:72b,liberal,5.0,harm
agreement,12,qwen2:72b,liberal,5.0,harm
agreement,12,qwen2:72b,liberal,5.0,harm
agreement,12,qwen2:72b,liberal,5.0,harm
agreement,12,qwen2:72b,liberal,5.0,harm
agreement,12,qwen2:72b,liberal,5.0,harm
agreement,12,qwen2:72b,liberal,5.0,harm
agreement,12,qwen2:72b,liberal,5.0,harm
agreement,12,qwen2:72b,liberal,5.0,harm
agreement,12,qwen2:72b,liberal,5.0,harm
agreement,12,qwen2:72b,liberal,5.0,harm
agreement,12,qwen2:72b,liberal,5.0,harm
agreement,12,qwen2:72b,liberal,5.0,harm
agreement,12,qwen2:72b,liberal,5.0,harm
agreement,12,qwen2:72b,liberal,5.0,harm
agreement,12,qwen2:72b,liberal,5.0,harm
agreement,12,qwen2:72b,liberal,5.0,harm
agreement,12,qwen2:72b,liberal,5.0,harm
agreement,12,qwen2:72b,liberal,5.0,harm
agreement,12,qwen2:72b,liberal,5.0,harm
agreement,12,qwen2:72b,liberal,5.0,harm
agreement,12,qwen2:72b,liberal,4.0,harm
agreement,12,qwen2:72b,liberal,5.0,harm
agreement,12,qwen2:72b,liberal,5.0,harm
agreement,12,qwen2:72b,liberal,5.0,harm
agreement,12,qwen2:72b,liberal,4.0,harm
agreement,12,qwen2:72b,liberal,5.0,harm
agreement,12,qwen2:72b,liberal,5.0,harm
agreement,12,qwen2:72b,liberal,4.0,harm
agreement,12,qwen2:72b,liberal,5.0,harm
agreement,12,qwen2:72b,liberal,4.0,harm
agreement,12,qwen2:72b,liberal,5.0,harm
agreement,12,qwen2:72b,liberal,5.0,harm
agreement,12,qwen2:72b,liberal,4.0,harm
agreement,12,qwen2:72b,liberal,4.0,harm
agreement,12,qwen2:72b,liberal,4.0,harm
agreement,12,qwen2:72b,liberal,4.0,harm
agreement,12,qwen2:72b,liberal,5.0,harm
agreement,12,qwen2:72b,liberal,5.0,harm
agreement,12,qwen2:72b,liberal,5.0,harm
agreement,13,llama3.1:8b,conservative,2.0,fairness
agreement,13,llama3.1:8b,conservative,5.0,fairness
agreement,13,llama3.1:8b,conservative,4.0,fairness
agreement,13,llama3.1:8b,conservative,5.0,fairness
agreement,13,llama3.1:8b,conservative,4.0,fairness
agreement,13,llama3.1:8b,conservative,4.0,fairness
agreement,13,llama3.1:8b,conservative,5.0,fairness
agreement,13,llama3.1:8b,conservative,4.0,fairness
agreement,13,llama3.1:8b,conservative,4.0,fairness
agreement,13,llama3.1:8b,conservative,4.0,fairness
agreement,13,llama3.1:8b,conservative,4.0,fairness
agreement,13,llama3.1:8b,conservative,4.0,fairness
agreement,13,llama3.1:8b,conservative,5.0,fairness
agreement,13,llama3.1:8b,conservative,5.0,fairness
agreement,13,llama3.1:8b,conservative,5.0,fairness
agreement,13,llama3.1:8b,conservative,4.0,fairness
agreement,13,llama3.1:8b,conservative,0.0,fairness
agreement,13,llama3.1:8b,conservative,5.0,fairness
agreement,13,llama3.1:8b,conservative,4.0,fairness
agreement,13,llama3.1:8b,conservative,5.0,fairness
agreement,13,llama3.1:8b,conservative,4.0,fairness
agreement,13,llama3.1:8b,conservative,4.0,fairness
agreement,13,llama3.1:8b,conservative,4.0,fairness
agreement,13,llama3.1:8b,conservative,5.0,fairness
agreement,13,llama3.1:8b,conservative,5.0,fairness
agreement,13,llama3.1:8b,conservative,5.0,fairness
agreement,13,llama3.1:8b,conservative,5.0,fairness
agreement,13,llama3.1:8b,conservative,5.0,fairness
agreement,13,llama3.1:8b,conservative,5.0,fairness
agreement,13,llama3.1:8b,conservative,5.0,fairness
agreement,13,llama3.1:8b,conservative,5.0,fairness
agreement,13,llama3.1:8b,conservative,5.0,fairness
agreement,13,llama3.1:8b,conservative,5.0,fairness
agreement,13,llama3.1:8b,conservative,4.0,fairness
agreement,13,llama3.1:8b,conservative,5.0,fairness
agreement,13,llama3.1:8b,conservative,5.0,fairness
agreement,13,llama3.1:8b,conservative,5.0,fairness
agreement,13,llama3.1:8b,conservative,4.0,fairness
agreement,13,llama3.1:8b,conservative,4.0,fairness
agreement,13,llama3.1:8b,conservative,4.0,fairness
agreement,13,llama3.1:8b,conservative,4.0,fairness
agreement,13,llama3.1:8b,conservative,5.0,fairness
agreement,13,llama3.1:8b,conservative,4.0,fairness
agreement,13,llama3.1:8b,conservative,5.0,fairness
agreement,13,llama3.1:8b,conservative,5.0,fairness
agreement,13,llama3.1:8b,conservative,2.0,fairness
agreement,13,llama3.1:8b,conservative,5.0,fairness
agreement,13,llama3.1:8b,conservative,4.0,fairness
agreement,13,llama3.1:8b,conservative,5.0,fairness
agreement,13,llama3.1:8b,conservative,4.0,fairness
agreement,13,llama3.1:8b,moderate,4.0,fairness
agreement,13,llama3.1:8b,moderate,4.0,fairness
agreement,13,llama3.1:8b,moderate,4.0,fairness
agreement,13,llama3.1:8b,moderate,4.0,fairness
agreement,13,llama3.1:8b,moderate,4.0,fairness
agreement,13,llama3.1:8b,moderate,4.0,fairness
agreement,13,llama3.1:8b,moderate,4.0,fairness
agreement,13,llama3.1:8b,moderate,5.0,fairness
agreement,13,llama3.1:8b,moderate,5.0,fairness
agreement,13,llama3.1:8b,moderate,5.0,fairness
agreement,13,llama3.1:8b,moderate,4.0,fairness
agreement,13,llama3.1:8b,moderate,4.0,fairness
agreement,13,llama3.1:8b,moderate,4.0,fairness
agreement,13,llama3.1:8b,moderate,5.0,fairness
agreement,13,llama3.1:8b,moderate,5.0,fairness
agreement,13,llama3.1:8b,moderate,5.0,fairness
agreement,13,llama3.1:8b,moderate,5.0,fairness
agreement,13,llama3.1:8b,moderate,5.0,fairness
agreement,13,llama3.1:8b,moderate,4.0,fairness
agreement,13,llama3.1:8b,moderate,5.0,fairness
agreement,13,llama3.1:8b,moderate,4.0,fairness
agreement,13,llama3.1:8b,moderate,4.0,fairness
agreement,13,llama3.1:8b,moderate,5.0,fairness
agreement,13,llama3.1:8b,moderate,4.0,fairness
agreement,13,llama3.1:8b,moderate,5.0,fairness
agreement,13,llama3.1:8b,moderate,4.0,fairness
agreement,13,llama3.1:8b,moderate,4.0,fairness
agreement,13,llama3.1:8b,moderate,4.0,fairness
agreement,13,llama3.1:8b,moderate,4.0,fairness
agreement,13,llama3.1:8b,moderate,4.0,fairness
agreement,13,llama3.1:8b,moderate,5.0,fairness
agreement,13,llama3.1:8b,moderate,5.0,fairness
agreement,13,llama3.1:8b,moderate,5.0,fairness
agreement,13,llama3.1:8b,moderate,4.0,fairness
agreement,13,llama3.1:8b,moderate,5.0,fairness
agreement,13,llama3.1:8b,moderate,5.0,fairness
agreement,13,llama3.1:8b,moderate,5.0,fairness
agreement,13,llama3.1:8b,moderate,5.0,fairness
agreement,13,llama3.1:8b,moderate,5.0,fairness
agreement,13,llama3.1:8b,moderate,4.0,fairness
agreement,13,llama3.1:8b,moderate,4.0,fairness
agreement,13,llama3.1:8b,moderate,4.0,fairness
agreement,13,llama3.1:8b,moderate,5.0,fairness
agreement,13,llama3.1:8b,moderate,4.0,fairness
agreement,13,llama3.1:8b,moderate,4.0,fairness
agreement,13,llama3.1:8b,moderate,5.0,fairness
agreement,13,llama3.1:8b,moderate,4.0,fairness
agreement,13,llama3.1:8b,moderate,4.0,fairness
agreement,13,llama3.1:8b,moderate,5.0,fairness
agreement,13,llama3.1:8b,moderate,4.0,fairness
agreement,13,llama3.1:8b,liberal,5.0,fairness
agreement,13,llama3.1:8b,liberal,5.0,fairness
agreement,13,llama3.1:8b,liberal,5.0,fairness
agreement,13,llama3.1:8b,liberal,5.0,fairness
agreement,13,llama3.1:8b,liberal,5.0,fairness
agreement,13,llama3.1:8b,liberal,5.0,fairness
agreement,13,llama3.1:8b,liberal,5.0,fairness
agreement,13,llama3.1:8b,liberal,5.0,fairness
agreement,13,llama3.1:8b,liberal,5.0,fairness
agreement,13,llama3.1:8b,liberal,5.0,fairness
agreement,13,llama3.1:8b,liberal,5.0,fairness
agreement,13,llama3.1:8b,liberal,5.0,fairness
agreement,13,llama3.1:8b,liberal,5.0,fairness
agreement,13,llama3.1:8b,liberal,5.0,fairness
agreement,13,llama3.1:8b,liberal,4.0,fairness
agreement,13,llama3.1:8b,liberal,5.0,fairness
agreement,13,llama3.1:8b,liberal,5.0,fairness
agreement,13,llama3.1:8b,liberal,5.0,fairness
agreement,13,llama3.1:8b,liberal,5.0,fairness
agreement,13,llama3.1:8b,liberal,5.0,fairness
agreement,13,llama3.1:8b,liberal,5.0,fairness
agreement,13,llama3.1:8b,liberal,5.0,fairness
agreement,13,llama3.1:8b,liberal,5.0,fairness
agreement,13,llama3.1:8b,liberal,5.0,fairness
agreement,13,llama3.1:8b,liberal,5.0,fairness
agreement,13,llama3.1:8b,liberal,5.0,fairness
agreement,13,llama3.1:8b,liberal,5.0,fairness
agreement,13,llama3.1:8b,liberal,4.0,fairness
agreement,13,llama3.1:8b,liberal,5.0,fairness
agreement,13,llama3.1:8b,liberal,5.0,fairness
agreement,13,llama3.1:8b,liberal,5.0,fairness
agreement,13,llama3.1:8b,liberal,5.0,fairness
agreement,13,llama3.1:8b,liberal,5.0,fairness
agreement,13,llama3.1:8b,liberal,5.0,fairness
agreement,13,llama3.1:8b,liberal,5.0,fairness
agreement,13,llama3.1:8b,liberal,5.0,fairness
agreement,13,llama3.1:8b,liberal,5.0,fairness
agreement,13,llama3.1:8b,liberal,5.0,fairness
agreement,13,llama3.1:8b,liberal,5.0,fairness
agreement,13,llama3.1:8b,liberal,5.0,fairness
agreement,13,llama3.1:8b,liberal,5.0,fairness
agreement,13,llama3.1:8b,liberal,5.0,fairness
agreement,13,llama3.1:8b,liberal,5.0,fairness
agreement,13,llama3.1:8b,liberal,5.0,fairness
agreement,13,llama3.1:8b,liberal,5.0,fairness
agreement,13,llama3.1:8b,liberal,5.0,fairness
agreement,13,llama3.1:8b,liberal,5.0,fairness
agreement,13,llama3.1:8b,liberal,5.0,fairness
agreement,13,llama3.1:8b,liberal,5.0,fairness
agreement,13,llama3.1:8b,liberal,4.0,fairness
agreement,13,llama2:70b,conservative,1.0,fairness
agreement,13,llama2:70b,conservative,1.0,fairness
agreement,13,llama2:70b,conservative,1.0,fairness
agreement,13,llama2:70b,conservative,1.0,fairness
agreement,13,llama2:70b,conservative,1.0,fairness
agreement,13,llama2:70b,conservative,1.0,fairness
agreement,13,llama2:70b,conservative,1.0,fairness
agreement,13,llama2:70b,conservative,1.0,fairness
agreement,13,llama2:70b,conservative,1.0,fairness
agreement,13,llama2:70b,conservative,1.0,fairness
agreement,13,llama2:70b,conservative,1.0,fairness
agreement,13,llama2:70b,conservative,1.0,fairness
agreement,13,llama2:70b,conservative,1.0,fairness
agreement,13,llama2:70b,conservative,1.0,fairness
agreement,13,llama2:70b,conservative,1.0,fairness
agreement,13,llama2:70b,conservative,1.0,fairness
agreement,13,llama2:70b,conservative,1.0,fairness
agreement,13,llama2:70b,conservative,1.0,fairness
agreement,13,llama2:70b,conservative,1.0,fairness
agreement,13,llama2:70b,conservative,1.0,fairness
agreement,13,llama2:70b,conservative,1.0,fairness
agreement,13,llama2:70b,conservative,1.0,fairness
agreement,13,llama2:70b,conservative,1.0,fairness
agreement,13,llama2:70b,conservative,1.0,fairness
agreement,13,llama2:70b,conservative,1.0,fairness
agreement,13,llama2:70b,conservative,1.0,fairness
agreement,13,llama2:70b,conservative,1.0,fairness
agreement,13,llama2:70b,conservative,1.0,fairness
agreement,13,llama2:70b,conservative,1.0,fairness
agreement,13,llama2:70b,conservative,1.0,fairness
agreement,13,llama2:70b,conservative,1.0,fairness
agreement,13,llama2:70b,conservative,1.0,fairness
agreement,13,llama2:70b,conservative,1.0,fairness
agreement,13,llama2:70b,conservative,1.0,fairness
agreement,13,llama2:70b,conservative,1.0,fairness
agreement,13,llama2:70b,conservative,4.0,fairness
agreement,13,llama2:70b,conservative,1.0,fairness
agreement,13,llama2:70b,conservative,1.0,fairness
agreement,13,llama2:70b,conservative,1.0,fairness
agreement,13,llama2:70b,conservative,1.0,fairness
agreement,13,llama2:70b,conservative,1.0,fairness
agreement,13,llama2:70b,conservative,1.0,fairness
agreement,13,llama2:70b,conservative,1.0,fairness
agreement,13,llama2:70b,conservative,1.0,fairness
agreement,13,llama2:70b,conservative,4.0,fairness
agreement,13,llama2:70b,conservative,1.0,fairness
agreement,13,llama2:70b,conservative,1.0,fairness
agreement,13,llama2:70b,conservative,1.0,fairness
agreement,13,llama2:70b,moderate,4.0,fairness
agreement,13,llama2:70b,moderate,2.0,fairness
agreement,13,llama2:70b,moderate,2.0,fairness
agreement,13,llama2:70b,moderate,4.0,fairness
agreement,13,llama2:70b,moderate,4.0,fairness
agreement,13,llama2:70b,moderate,4.0,fairness
agreement,13,llama2:70b,moderate,4.0,fairness
agreement,13,llama2:70b,moderate,4.0,fairness
agreement,13,llama2:70b,moderate,3.0,fairness
agreement,13,llama2:70b,moderate,4.0,fairness
agreement,13,llama2:70b,moderate,1.0,fairness
agreement,13,llama2:70b,moderate,1.0,fairness
agreement,13,llama2:70b,moderate,2.0,fairness
agreement,13,llama2:70b,moderate,2.0,fairness
agreement,13,llama2:70b,moderate,4.0,fairness
agreement,13,llama2:70b,moderate,4.0,fairness
agreement,13,llama2:70b,moderate,4.0,fairness
agreement,13,llama2:70b,moderate,4.0,fairness
agreement,13,llama2:70b,moderate,4.0,fairness
agreement,13,llama2:70b,moderate,2.0,fairness
agreement,13,llama2:70b,moderate,1.0,fairness
agreement,13,llama2:70b,moderate,4.0,fairness
agreement,13,llama2:70b,moderate,1.0,fairness
agreement,13,llama2:70b,moderate,4.0,fairness
agreement,13,llama2:70b,moderate,4.0,fairness
agreement,13,llama2:70b,moderate,4.0,fairness
agreement,13,llama2:70b,moderate,4.0,fairness
agreement,13,llama2:70b,moderate,4.0,fairness
agreement,13,llama2:70b,moderate,3.0,fairness
agreement,13,llama2:70b,moderate,4.0,fairness
agreement,13,llama2:70b,moderate,1.0,fairness
agreement,13,llama2:70b,moderate,4.0,fairness
agreement,13,llama2:70b,moderate,4.0,fairness
agreement,13,llama2:70b,moderate,3.0,fairness
agreement,13,llama2:70b,moderate,4.0,fairness
agreement,13,llama2:70b,moderate,4.0,fairness
agreement,13,llama2:70b,moderate,1.0,fairness
agreement,13,llama2:70b,moderate,4.0,fairness
agreement,13,llama2:70b,moderate,2.0,fairness
agreement,13,llama2:70b,moderate,4.0,fairness
agreement,13,llama2:70b,moderate,2.0,fairness
agreement,13,llama2:70b,moderate,4.0,fairness
agreement,13,llama2:70b,moderate,1.0,fairness
agreement,13,llama2:70b,moderate,4.0,fairness
agreement,13,llama2:70b,moderate,4.0,fairness
agreement,13,llama2:70b,moderate,4.0,fairness
agreement,13,llama2:70b,moderate,2.0,fairness
agreement,13,llama2:70b,moderate,1.0,fairness
agreement,13,llama2:70b,moderate,4.0,fairness
agreement,13,llama2:70b,moderate,4.0,fairness
agreement,13,llama2:70b,liberal,5.0,fairness
agreement,13,llama2:70b,liberal,4.0,fairness
agreement,13,llama2:70b,liberal,4.0,fairness
agreement,13,llama2:70b,liberal,4.0,fairness
agreement,13,llama2:70b,liberal,4.0,fairness
agreement,13,llama2:70b,liberal,4.0,fairness
agreement,13,llama2:70b,liberal,4.0,fairness
agreement,13,llama2:70b,liberal,4.0,fairness
agreement,13,llama2:70b,liberal,1.0,fairness
agreement,13,llama2:70b,liberal,4.0,fairness
agreement,13,llama2:70b,liberal,4.0,fairness
agreement,13,llama2:70b,liberal,4.0,fairness
agreement,13,llama2:70b,liberal,4.0,fairness
agreement,13,llama2:70b,liberal,4.0,fairness
agreement,13,llama2:70b,liberal,4.0,fairness
agreement,13,llama2:70b,liberal,4.0,fairness
agreement,13,llama2:70b,liberal,4.0,fairness
agreement,13,llama2:70b,liberal,4.0,fairness
agreement,13,llama2:70b,liberal,4.0,fairness
agreement,13,llama2:70b,liberal,4.0,fairness
agreement,13,llama2:70b,liberal,4.0,fairness
agreement,13,llama2:70b,liberal,4.0,fairness
agreement,13,llama2:70b,liberal,4.0,fairness
agreement,13,llama2:70b,liberal,4.0,fairness
agreement,13,llama2:70b,liberal,4.0,fairness
agreement,13,llama2:70b,liberal,4.0,fairness
agreement,13,llama2:70b,liberal,4.0,fairness
agreement,13,llama2:70b,liberal,4.0,fairness
agreement,13,llama2:70b,liberal,4.0,fairness
agreement,13,llama2:70b,liberal,4.0,fairness
agreement,13,llama2:70b,liberal,4.0,fairness
agreement,13,llama2:70b,liberal,4.0,fairness
agreement,13,llama2:70b,liberal,4.0,fairness
agreement,13,llama2:70b,liberal,5.0,fairness
agreement,13,llama2:70b,liberal,4.0,fairness
agreement,13,llama2:70b,liberal,4.0,fairness
agreement,13,llama2:70b,liberal,4.0,fairness
agreement,13,llama2:70b,liberal,4.0,fairness
agreement,13,llama2:70b,liberal,4.0,fairness
agreement,13,llama2:70b,liberal,4.0,fairness
agreement,13,llama2:70b,liberal,4.0,fairness
agreement,13,llama2:70b,liberal,5.0,fairness
agreement,13,llama2:70b,liberal,1.0,fairness
agreement,13,llama2:70b,liberal,4.0,fairness
agreement,13,llama2:70b,liberal,4.0,fairness
agreement,13,llama2:70b,liberal,4.0,fairness
agreement,13,llama2:70b,liberal,1.0,fairness
agreement,13,llama2:70b,liberal,4.0,fairness
agreement,13,llama2:70b,liberal,4.0,fairness
agreement,13,llama2:70b,liberal,4.0,fairness
agreement,13,llama3:70b,conservative,2.0,fairness
agreement,13,llama3:70b,conservative,2.0,fairness
agreement,13,llama3:70b,conservative,2.0,fairness
agreement,13,llama3:70b,conservative,2.0,fairness
agreement,13,llama3:70b,conservative,2.0,fairness
agreement,13,llama3:70b,conservative,2.0,fairness
agreement,13,llama3:70b,conservative,1.0,fairness
agreement,13,llama3:70b,conservative,1.0,fairness
agreement,13,llama3:70b,conservative,1.0,fairness
agreement,13,llama3:70b,conservative,1.0,fairness
agreement,13,llama3:70b,conservative,1.0,fairness
agreement,13,llama3:70b,conservative,2.0,fairness
agreement,13,llama3:70b,conservative,2.0,fairness
agreement,13,llama3:70b,conservative,2.0,fairness
agreement,13,llama3:70b,conservative,2.0,fairness
agreement,13,llama3:70b,conservative,2.0,fairness
agreement,13,llama3:70b,conservative,2.0,fairness
agreement,13,llama3:70b,conservative,2.0,fairness
agreement,13,llama3:70b,conservative,2.0,fairness
agreement,13,llama3:70b,conservative,1.0,fairness
agreement,13,llama3:70b,conservative,2.0,fairness
agreement,13,llama3:70b,conservative,2.0,fairness
agreement,13,llama3:70b,conservative,2.0,fairness
agreement,13,llama3:70b,conservative,2.0,fairness
agreement,13,llama3:70b,conservative,2.0,fairness
agreement,13,llama3:70b,conservative,2.0,fairness
agreement,13,llama3:70b,conservative,1.0,fairness
agreement,13,llama3:70b,conservative,2.0,fairness
agreement,13,llama3:70b,conservative,1.0,fairness
agreement,13,llama3:70b,conservative,2.0,fairness
agreement,13,llama3:70b,conservative,2.0,fairness
agreement,13,llama3:70b,conservative,2.0,fairness
agreement,13,llama3:70b,conservative,2.0,fairness
agreement,13,llama3:70b,conservative,2.0,fairness
agreement,13,llama3:70b,conservative,2.0,fairness
agreement,13,llama3:70b,conservative,2.0,fairness
agreement,13,llama3:70b,conservative,2.0,fairness
agreement,13,llama3:70b,conservative,2.0,fairness
agreement,13,llama3:70b,conservative,2.0,fairness
agreement,13,llama3:70b,conservative,1.0,fairness
agreement,13,llama3:70b,conservative,1.0,fairness
agreement,13,llama3:70b,conservative,2.0,fairness
agreement,13,llama3:70b,conservative,2.0,fairness
agreement,13,llama3:70b,conservative,1.0,fairness
agreement,13,llama3:70b,conservative,2.0,fairness
agreement,13,llama3:70b,conservative,1.0,fairness
agreement,13,llama3:70b,conservative,2.0,fairness
agreement,13,llama3:70b,conservative,1.0,fairness
agreement,13,llama3:70b,conservative,2.0,fairness
agreement,13,llama3:70b,conservative,2.0,fairness
agreement,13,llama3:70b,moderate,4.0,fairness
agreement,13,llama3:70b,moderate,4.0,fairness
agreement,13,llama3:70b,moderate,4.0,fairness
agreement,13,llama3:70b,moderate,4.0,fairness
agreement,13,llama3:70b,moderate,4.0,fairness
agreement,13,llama3:70b,moderate,3.0,fairness
agreement,13,llama3:70b,moderate,3.0,fairness
agreement,13,llama3:70b,moderate,4.0,fairness
agreement,13,llama3:70b,moderate,4.0,fairness
agreement,13,llama3:70b,moderate,4.0,fairness
agreement,13,llama3:70b,moderate,4.0,fairness
agreement,13,llama3:70b,moderate,4.0,fairness
agreement,13,llama3:70b,moderate,4.0,fairness
agreement,13,llama3:70b,moderate,4.0,fairness
agreement,13,llama3:70b,moderate,3.0,fairness
agreement,13,llama3:70b,moderate,4.0,fairness
agreement,13,llama3:70b,moderate,4.0,fairness
agreement,13,llama3:70b,moderate,3.0,fairness
agreement,13,llama3:70b,moderate,4.0,fairness
agreement,13,llama3:70b,moderate,4.0,fairness
agreement,13,llama3:70b,moderate,4.0,fairness
agreement,13,llama3:70b,moderate,4.0,fairness
agreement,13,llama3:70b,moderate,4.0,fairness
agreement,13,llama3:70b,moderate,4.0,fairness
agreement,13,llama3:70b,moderate,4.0,fairness
agreement,13,llama3:70b,moderate,3.0,fairness
agreement,13,llama3:70b,moderate,4.0,fairness
agreement,13,llama3:70b,moderate,4.0,fairness
agreement,13,llama3:70b,moderate,4.0,fairness
agreement,13,llama3:70b,moderate,3.0,fairness
agreement,13,llama3:70b,moderate,4.0,fairness
agreement,13,llama3:70b,moderate,4.0,fairness
agreement,13,llama3:70b,moderate,4.0,fairness
agreement,13,llama3:70b,moderate,4.0,fairness
agreement,13,llama3:70b,moderate,4.0,fairness
agreement,13,llama3:70b,moderate,4.0,fairness
agreement,13,llama3:70b,moderate,4.0,fairness
agreement,13,llama3:70b,moderate,4.0,fairness
agreement,13,llama3:70b,moderate,4.0,fairness
agreement,13,llama3:70b,moderate,4.0,fairness
agreement,13,llama3:70b,moderate,4.0,fairness
agreement,13,llama3:70b,moderate,3.0,fairness
agreement,13,llama3:70b,moderate,4.0,fairness
agreement,13,llama3:70b,moderate,3.0,fairness
agreement,13,llama3:70b,moderate,3.0,fairness
agreement,13,llama3:70b,moderate,4.0,fairness
agreement,13,llama3:70b,moderate,4.0,fairness
agreement,13,llama3:70b,moderate,4.0,fairness
agreement,13,llama3:70b,moderate,4.0,fairness
agreement,13,llama3:70b,moderate,4.0,fairness
agreement,13,llama3:70b,liberal,5.0,fairness
agreement,13,llama3:70b,liberal,5.0,fairness
agreement,13,llama3:70b,liberal,5.0,fairness
agreement,13,llama3:70b,liberal,5.0,fairness
agreement,13,llama3:70b,liberal,5.0,fairness
agreement,13,llama3:70b,liberal,5.0,fairness
agreement,13,llama3:70b,liberal,5.0,fairness
agreement,13,llama3:70b,liberal,5.0,fairness
agreement,13,llama3:70b,liberal,5.0,fairness
agreement,13,llama3:70b,liberal,5.0,fairness
agreement,13,llama3:70b,liberal,5.0,fairness
agreement,13,llama3:70b,liberal,5.0,fairness
agreement,13,llama3:70b,liberal,5.0,fairness
agreement,13,llama3:70b,liberal,5.0,fairness
agreement,13,llama3:70b,liberal,5.0,fairness
agreement,13,llama3:70b,liberal,5.0,fairness
agreement,13,llama3:70b,liberal,5.0,fairness
agreement,13,llama3:70b,liberal,5.0,fairness
agreement,13,llama3:70b,liberal,5.0,fairness
agreement,13,llama3:70b,liberal,5.0,fairness
agreement,13,llama3:70b,liberal,5.0,fairness
agreement,13,llama3:70b,liberal,5.0,fairness
agreement,13,llama3:70b,liberal,5.0,fairness
agreement,13,llama3:70b,liberal,5.0,fairness
agreement,13,llama3:70b,liberal,5.0,fairness
agreement,13,llama3:70b,liberal,5.0,fairness
agreement,13,llama3:70b,liberal,5.0,fairness
agreement,13,llama3:70b,liberal,5.0,fairness
agreement,13,llama3:70b,liberal,5.0,fairness
agreement,13,llama3:70b,liberal,5.0,fairness
agreement,13,llama3:70b,liberal,5.0,fairness
agreement,13,llama3:70b,liberal,5.0,fairness
agreement,13,llama3:70b,liberal,5.0,fairness
agreement,13,llama3:70b,liberal,5.0,fairness
agreement,13,llama3:70b,liberal,5.0,fairness
agreement,13,llama3:70b,liberal,5.0,fairness
agreement,13,llama3:70b,liberal,5.0,fairness
agreement,13,llama3:70b,liberal,5.0,fairness
agreement,13,llama3:70b,liberal,5.0,fairness
agreement,13,llama3:70b,liberal,5.0,fairness
agreement,13,llama3:70b,liberal,5.0,fairness
agreement,13,llama3:70b,liberal,5.0,fairness
agreement,13,llama3:70b,liberal,5.0,fairness
agreement,13,llama3:70b,liberal,5.0,fairness
agreement,13,llama3:70b,liberal,5.0,fairness
agreement,13,llama3:70b,liberal,5.0,fairness
agreement,13,llama3:70b,liberal,5.0,fairness
agreement,13,llama3:70b,liberal,5.0,fairness
agreement,13,llama3:70b,liberal,5.0,fairness
agreement,13,llama3:70b,liberal,5.0,fairness
agreement,13,llama3.1:70b,conservative,1.0,fairness
agreement,13,llama3.1:70b,conservative,2.0,fairness
agreement,13,llama3.1:70b,conservative,2.0,fairness
agreement,13,llama3.1:70b,conservative,2.0,fairness
agreement,13,llama3.1:70b,conservative,0.0,fairness
agreement,13,llama3.1:70b,conservative,1.0,fairness
agreement,13,llama3.1:70b,conservative,0.0,fairness
agreement,13,llama3.1:70b,conservative,1.0,fairness
agreement,13,llama3.1:70b,conservative,2.0,fairness
agreement,13,llama3.1:70b,conservative,2.0,fairness
agreement,13,llama3.1:70b,conservative,0.0,fairness
agreement,13,llama3.1:70b,conservative,0.0,fairness
agreement,13,llama3.1:70b,conservative,0.0,fairness
agreement,13,llama3.1:70b,conservative,2.0,fairness
agreement,13,llama3.1:70b,conservative,2.0,fairness
agreement,13,llama3.1:70b,conservative,2.0,fairness
agreement,13,llama3.1:70b,conservative,1.0,fairness
agreement,13,llama3.1:70b,conservative,2.0,fairness
agreement,13,llama3.1:70b,conservative,0.0,fairness
agreement,13,llama3.1:70b,conservative,1.0,fairness
agreement,13,llama3.1:70b,conservative,1.0,fairness
agreement,13,llama3.1:70b,conservative,2.0,fairness
agreement,13,llama3.1:70b,conservative,1.0,fairness
agreement,13,llama3.1:70b,conservative,1.0,fairness
agreement,13,llama3.1:70b,conservative,1.0,fairness
agreement,13,llama3.1:70b,conservative,2.0,fairness
agreement,13,llama3.1:70b,conservative,0.0,fairness
agreement,13,llama3.1:70b,conservative,2.0,fairness
agreement,13,llama3.1:70b,conservative,0.0,fairness
agreement,13,llama3.1:70b,conservative,1.0,fairness
agreement,13,llama3.1:70b,conservative,1.0,fairness
agreement,13,llama3.1:70b,conservative,0.0,fairness
agreement,13,llama3.1:70b,conservative,1.0,fairness
agreement,13,llama3.1:70b,conservative,2.0,fairness
agreement,13,llama3.1:70b,conservative,2.0,fairness
agreement,13,llama3.1:70b,conservative,2.0,fairness
agreement,13,llama3.1:70b,conservative,0.0,fairness
agreement,13,llama3.1:70b,conservative,0.0,fairness
agreement,13,llama3.1:70b,conservative,0.0,fairness
agreement,13,llama3.1:70b,conservative,2.0,fairness
agreement,13,llama3.1:70b,conservative,0.0,fairness
agreement,13,llama3.1:70b,conservative,2.0,fairness
agreement,13,llama3.1:70b,conservative,0.0,fairness
agreement,13,llama3.1:70b,conservative,2.0,fairness
agreement,13,llama3.1:70b,conservative,0.0,fairness
agreement,13,llama3.1:70b,conservative,2.0,fairness
agreement,13,llama3.1:70b,conservative,2.0,fairness
agreement,13,llama3.1:70b,conservative,0.0,fairness
agreement,13,llama3.1:70b,conservative,2.0,fairness
agreement,13,llama3.1:70b,conservative,0.0,fairness
agreement,13,llama3.1:70b,moderate,4.0,fairness
agreement,13,llama3.1:70b,moderate,4.0,fairness
agreement,13,llama3.1:70b,moderate,5.0,fairness
agreement,13,llama3.1:70b,moderate,5.0,fairness
agreement,13,llama3.1:70b,moderate,4.0,fairness
agreement,13,llama3.1:70b,moderate,5.0,fairness
agreement,13,llama3.1:70b,moderate,4.0,fairness
agreement,13,llama3.1:70b,moderate,4.0,fairness
agreement,13,llama3.1:70b,moderate,4.0,fairness
agreement,13,llama3.1:70b,moderate,5.0,fairness
agreement,13,llama3.1:70b,moderate,4.0,fairness
agreement,13,llama3.1:70b,moderate,4.0,fairness
agreement,13,llama3.1:70b,moderate,4.0,fairness
agreement,13,llama3.1:70b,moderate,4.0,fairness
agreement,13,llama3.1:70b,moderate,4.0,fairness
agreement,13,llama3.1:70b,moderate,5.0,fairness
agreement,13,llama3.1:70b,moderate,5.0,fairness
agreement,13,llama3.1:70b,moderate,4.0,fairness
agreement,13,llama3.1:70b,moderate,5.0,fairness
agreement,13,llama3.1:70b,moderate,4.0,fairness
agreement,13,llama3.1:70b,moderate,5.0,fairness
agreement,13,llama3.1:70b,moderate,4.0,fairness
agreement,13,llama3.1:70b,moderate,4.0,fairness
agreement,13,llama3.1:70b,moderate,5.0,fairness
agreement,13,llama3.1:70b,moderate,4.0,fairness
agreement,13,llama3.1:70b,moderate,4.0,fairness
agreement,13,llama3.1:70b,moderate,5.0,fairness
agreement,13,llama3.1:70b,moderate,5.0,fairness
agreement,13,llama3.1:70b,moderate,4.0,fairness
agreement,13,llama3.1:70b,moderate,4.0,fairness
agreement,13,llama3.1:70b,moderate,4.0,fairness
agreement,13,llama3.1:70b,moderate,5.0,fairness
agreement,13,llama3.1:70b,moderate,5.0,fairness
agreement,13,llama3.1:70b,moderate,5.0,fairness
agreement,13,llama3.1:70b,moderate,4.0,fairness
agreement,13,llama3.1:70b,moderate,5.0,fairness
agreement,13,llama3.1:70b,moderate,4.0,fairness
agreement,13,llama3.1:70b,moderate,4.0,fairness
agreement,13,llama3.1:70b,moderate,4.0,fairness
agreement,13,llama3.1:70b,moderate,4.0,fairness
agreement,13,llama3.1:70b,moderate,4.0,fairness
agreement,13,llama3.1:70b,moderate,5.0,fairness
agreement,13,llama3.1:70b,moderate,4.0,fairness
agreement,13,llama3.1:70b,moderate,4.0,fairness
agreement,13,llama3.1:70b,moderate,4.0,fairness
agreement,13,llama3.1:70b,moderate,4.0,fairness
agreement,13,llama3.1:70b,moderate,4.0,fairness
agreement,13,llama3.1:70b,moderate,4.0,fairness
agreement,13,llama3.1:70b,moderate,5.0,fairness
agreement,13,llama3.1:70b,moderate,5.0,fairness
agreement,13,llama3.1:70b,liberal,5.0,fairness
agreement,13,llama3.1:70b,liberal,5.0,fairness
agreement,13,llama3.1:70b,liberal,5.0,fairness
agreement,13,llama3.1:70b,liberal,5.0,fairness
agreement,13,llama3.1:70b,liberal,5.0,fairness
agreement,13,llama3.1:70b,liberal,5.0,fairness
agreement,13,llama3.1:70b,liberal,5.0,fairness
agreement,13,llama3.1:70b,liberal,5.0,fairness
agreement,13,llama3.1:70b,liberal,5.0,fairness
agreement,13,llama3.1:70b,liberal,5.0,fairness
agreement,13,llama3.1:70b,liberal,5.0,fairness
agreement,13,llama3.1:70b,liberal,5.0,fairness
agreement,13,llama3.1:70b,liberal,5.0,fairness
agreement,13,llama3.1:70b,liberal,5.0,fairness
agreement,13,llama3.1:70b,liberal,5.0,fairness
agreement,13,llama3.1:70b,liberal,5.0,fairness
agreement,13,llama3.1:70b,liberal,5.0,fairness
agreement,13,llama3.1:70b,liberal,5.0,fairness
agreement,13,llama3.1:70b,liberal,5.0,fairness
agreement,13,llama3.1:70b,liberal,5.0,fairness
agreement,13,llama3.1:70b,liberal,5.0,fairness
agreement,13,llama3.1:70b,liberal,5.0,fairness
agreement,13,llama3.1:70b,liberal,5.0,fairness
agreement,13,llama3.1:70b,liberal,5.0,fairness
agreement,13,llama3.1:70b,liberal,5.0,fairness
agreement,13,llama3.1:70b,liberal,5.0,fairness
agreement,13,llama3.1:70b,liberal,5.0,fairness
agreement,13,llama3.1:70b,liberal,5.0,fairness
agreement,13,llama3.1:70b,liberal,5.0,fairness
agreement,13,llama3.1:70b,liberal,5.0,fairness
agreement,13,llama3.1:70b,liberal,5.0,fairness
agreement,13,llama3.1:70b,liberal,5.0,fairness
agreement,13,llama3.1:70b,liberal,5.0,fairness
agreement,13,llama3.1:70b,liberal,5.0,fairness
agreement,13,llama3.1:70b,liberal,5.0,fairness
agreement,13,llama3.1:70b,liberal,5.0,fairness
agreement,13,llama3.1:70b,liberal,5.0,fairness
agreement,13,llama3.1:70b,liberal,5.0,fairness
agreement,13,llama3.1:70b,liberal,5.0,fairness
agreement,13,llama3.1:70b,liberal,5.0,fairness
agreement,13,llama3.1:70b,liberal,5.0,fairness
agreement,13,llama3.1:70b,liberal,5.0,fairness
agreement,13,llama3.1:70b,liberal,5.0,fairness
agreement,13,llama3.1:70b,liberal,5.0,fairness
agreement,13,llama3.1:70b,liberal,5.0,fairness
agreement,13,llama3.1:70b,liberal,5.0,fairness
agreement,13,llama3.1:70b,liberal,5.0,fairness
agreement,13,llama3.1:70b,liberal,5.0,fairness
agreement,13,llama3.1:70b,liberal,5.0,fairness
agreement,13,llama3.1:70b,liberal,5.0,fairness
agreement,13,mistral:7b,conservative,1.0,fairness
agreement,13,mistral:7b,conservative,1.0,fairness
agreement,13,mistral:7b,conservative,1.0,fairness
agreement,13,mistral:7b,conservative,1.0,fairness
agreement,13,mistral:7b,conservative,5.0,fairness
agreement,13,mistral:7b,conservative,5.0,fairness
agreement,13,mistral:7b,conservative,1.0,fairness
agreement,13,mistral:7b,conservative,1.0,fairness
agreement,13,mistral:7b,conservative,1.0,fairness
agreement,13,mistral:7b,conservative,1.0,fairness
agreement,13,mistral:7b,conservative,1.0,fairness
agreement,13,mistral:7b,conservative,1.0,fairness
agreement,13,mistral:7b,conservative,1.0,fairness
agreement,13,mistral:7b,conservative,1.0,fairness
agreement,13,mistral:7b,conservative,1.0,fairness
agreement,13,mistral:7b,conservative,1.0,fairness
agreement,13,mistral:7b,conservative,2.0,fairness
agreement,13,mistral:7b,conservative,1.0,fairness
agreement,13,mistral:7b,conservative,1.0,fairness
agreement,13,mistral:7b,conservative,1.0,fairness
agreement,13,mistral:7b,conservative,1.0,fairness
agreement,13,mistral:7b,conservative,1.0,fairness
agreement,13,mistral:7b,conservative,1.0,fairness
agreement,13,mistral:7b,conservative,1.0,fairness
agreement,13,mistral:7b,conservative,1.0,fairness
agreement,13,mistral:7b,conservative,1.0,fairness
agreement,13,mistral:7b,conservative,1.0,fairness
agreement,13,mistral:7b,conservative,5.0,fairness
agreement,13,mistral:7b,conservative,1.0,fairness
agreement,13,mistral:7b,conservative,1.0,fairness
agreement,13,mistral:7b,conservative,5.0,fairness
agreement,13,mistral:7b,conservative,1.0,fairness
agreement,13,mistral:7b,conservative,1.0,fairness
agreement,13,mistral:7b,conservative,1.0,fairness
agreement,13,mistral:7b,conservative,1.0,fairness
agreement,13,mistral:7b,conservative,1.0,fairness
agreement,13,mistral:7b,conservative,5.0,fairness
agreement,13,mistral:7b,conservative,1.0,fairness
agreement,13,mistral:7b,conservative,1.0,fairness
agreement,13,mistral:7b,conservative,1.0,fairness
agreement,13,mistral:7b,conservative,1.0,fairness
agreement,13,mistral:7b,conservative,1.0,fairness
agreement,13,mistral:7b,conservative,1.0,fairness
agreement,13,mistral:7b,conservative,1.0,fairness
agreement,13,mistral:7b,conservative,1.0,fairness
agreement,13,mistral:7b,conservative,1.0,fairness
agreement,13,mistral:7b,conservative,1.0,fairness
agreement,13,mistral:7b,conservative,1.0,fairness
agreement,13,mistral:7b,conservative,1.0,fairness
agreement,13,mistral:7b,conservative,1.0,fairness
agreement,13,mistral:7b,moderate,4.0,fairness
agreement,13,mistral:7b,moderate,4.0,fairness
agreement,13,mistral:7b,moderate,4.0,fairness
agreement,13,mistral:7b,moderate,4.0,fairness
agreement,13,mistral:7b,moderate,5.0,fairness
agreement,13,mistral:7b,moderate,4.0,fairness
agreement,13,mistral:7b,moderate,4.0,fairness
agreement,13,mistral:7b,moderate,4.0,fairness
agreement,13,mistral:7b,moderate,5.0,fairness
agreement,13,mistral:7b,moderate,5.0,fairness
agreement,13,mistral:7b,moderate,4.0,fairness
agreement,13,mistral:7b,moderate,4.0,fairness
agreement,13,mistral:7b,moderate,4.0,fairness
agreement,13,mistral:7b,moderate,4.0,fairness
agreement,13,mistral:7b,moderate,4.0,fairness
agreement,13,mistral:7b,moderate,4.0,fairness
agreement,13,mistral:7b,moderate,4.0,fairness
agreement,13,mistral:7b,moderate,4.0,fairness
agreement,13,mistral:7b,moderate,4.0,fairness
agreement,13,mistral:7b,moderate,4.0,fairness
agreement,13,mistral:7b,moderate,4.0,fairness
agreement,13,mistral:7b,moderate,4.0,fairness
agreement,13,mistral:7b,moderate,4.0,fairness
agreement,13,mistral:7b,moderate,4.0,fairness
agreement,13,mistral:7b,moderate,4.0,fairness
agreement,13,mistral:7b,moderate,4.0,fairness
agreement,13,mistral:7b,moderate,5.0,fairness
agreement,13,mistral:7b,moderate,4.0,fairness
agreement,13,mistral:7b,moderate,4.0,fairness
agreement,13,mistral:7b,moderate,4.0,fairness
agreement,13,mistral:7b,moderate,4.0,fairness
agreement,13,mistral:7b,moderate,4.0,fairness
agreement,13,mistral:7b,moderate,4.0,fairness
agreement,13,mistral:7b,moderate,4.0,fairness
agreement,13,mistral:7b,moderate,4.0,fairness
agreement,13,mistral:7b,moderate,4.0,fairness
agreement,13,mistral:7b,moderate,4.0,fairness
agreement,13,mistral:7b,moderate,4.0,fairness
agreement,13,mistral:7b,moderate,4.0,fairness
agreement,13,mistral:7b,moderate,4.0,fairness
agreement,13,mistral:7b,moderate,5.0,fairness
agreement,13,mistral:7b,moderate,4.0,fairness
agreement,13,mistral:7b,moderate,4.0,fairness
agreement,13,mistral:7b,moderate,4.0,fairness
agreement,13,mistral:7b,moderate,5.0,fairness
agreement,13,mistral:7b,moderate,4.0,fairness
agreement,13,mistral:7b,moderate,4.0,fairness
agreement,13,mistral:7b,moderate,4.0,fairness
agreement,13,mistral:7b,moderate,4.0,fairness
agreement,13,mistral:7b,moderate,4.0,fairness
agreement,13,mistral:7b,liberal,5.0,fairness
agreement,13,mistral:7b,liberal,5.0,fairness
agreement,13,mistral:7b,liberal,5.0,fairness
agreement,13,mistral:7b,liberal,5.0,fairness
agreement,13,mistral:7b,liberal,5.0,fairness
agreement,13,mistral:7b,liberal,5.0,fairness
agreement,13,mistral:7b,liberal,5.0,fairness
agreement,13,mistral:7b,liberal,5.0,fairness
agreement,13,mistral:7b,liberal,5.0,fairness
agreement,13,mistral:7b,liberal,5.0,fairness
agreement,13,mistral:7b,liberal,5.0,fairness
agreement,13,mistral:7b,liberal,5.0,fairness
agreement,13,mistral:7b,liberal,5.0,fairness
agreement,13,mistral:7b,liberal,5.0,fairness
agreement,13,mistral:7b,liberal,5.0,fairness
agreement,13,mistral:7b,liberal,5.0,fairness
agreement,13,mistral:7b,liberal,5.0,fairness
agreement,13,mistral:7b,liberal,5.0,fairness
agreement,13,mistral:7b,liberal,5.0,fairness
agreement,13,mistral:7b,liberal,5.0,fairness
agreement,13,mistral:7b,liberal,5.0,fairness
agreement,13,mistral:7b,liberal,5.0,fairness
agreement,13,mistral:7b,liberal,5.0,fairness
agreement,13,mistral:7b,liberal,5.0,fairness
agreement,13,mistral:7b,liberal,5.0,fairness
agreement,13,mistral:7b,liberal,5.0,fairness
agreement,13,mistral:7b,liberal,5.0,fairness
agreement,13,mistral:7b,liberal,5.0,fairness
agreement,13,mistral:7b,liberal,5.0,fairness
agreement,13,mistral:7b,liberal,5.0,fairness
agreement,13,mistral:7b,liberal,5.0,fairness
agreement,13,mistral:7b,liberal,5.0,fairness
agreement,13,mistral:7b,liberal,4.0,fairness
agreement,13,mistral:7b,liberal,5.0,fairness
agreement,13,mistral:7b,liberal,5.0,fairness
agreement,13,mistral:7b,liberal,5.0,fairness
agreement,13,mistral:7b,liberal,5.0,fairness
agreement,13,mistral:7b,liberal,5.0,fairness
agreement,13,mistral:7b,liberal,5.0,fairness
agreement,13,mistral:7b,liberal,4.0,fairness
agreement,13,mistral:7b,liberal,5.0,fairness
agreement,13,mistral:7b,liberal,5.0,fairness
agreement,13,mistral:7b,liberal,4.0,fairness
agreement,13,mistral:7b,liberal,5.0,fairness
agreement,13,mistral:7b,liberal,5.0,fairness
agreement,13,mistral:7b,liberal,5.0,fairness
agreement,13,mistral:7b,liberal,5.0,fairness
agreement,13,mistral:7b,liberal,5.0,fairness
agreement,13,mistral:7b,liberal,5.0,fairness
agreement,13,mistral:7b,liberal,5.0,fairness
agreement,13,mixtral:8x22b,conservative,1.0,fairness
agreement,13,mixtral:8x22b,conservative,1.0,fairness
agreement,13,mixtral:8x22b,conservative,1.0,fairness
agreement,13,mixtral:8x22b,conservative,1.0,fairness
agreement,13,mixtral:8x22b,conservative,1.0,fairness
agreement,13,mixtral:8x22b,conservative,1.0,fairness
agreement,13,mixtral:8x22b,conservative,1.0,fairness
agreement,13,mixtral:8x22b,conservative,1.0,fairness
agreement,13,mixtral:8x22b,conservative,1.0,fairness
agreement,13,mixtral:8x22b,conservative,1.0,fairness
agreement,13,mixtral:8x22b,conservative,1.0,fairness
agreement,13,mixtral:8x22b,conservative,4.0,fairness
agreement,13,mixtral:8x22b,conservative,1.0,fairness
agreement,13,mixtral:8x22b,conservative,1.0,fairness
agreement,13,mixtral:8x22b,conservative,1.0,fairness
agreement,13,mixtral:8x22b,conservative,1.0,fairness
agreement,13,mixtral:8x22b,conservative,1.0,fairness
agreement,13,mixtral:8x22b,conservative,1.0,fairness
agreement,13,mixtral:8x22b,conservative,1.0,fairness
agreement,13,mixtral:8x22b,conservative,1.0,fairness
agreement,13,mixtral:8x22b,conservative,1.0,fairness
agreement,13,mixtral:8x22b,conservative,1.0,fairness
agreement,13,mixtral:8x22b,conservative,1.0,fairness
agreement,13,mixtral:8x22b,conservative,1.0,fairness
agreement,13,mixtral:8x22b,conservative,1.0,fairness
agreement,13,mixtral:8x22b,conservative,1.0,fairness
agreement,13,mixtral:8x22b,conservative,1.0,fairness
agreement,13,mixtral:8x22b,conservative,1.0,fairness
agreement,13,mixtral:8x22b,conservative,1.0,fairness
agreement,13,mixtral:8x22b,conservative,1.0,fairness
agreement,13,mixtral:8x22b,conservative,1.0,fairness
agreement,13,mixtral:8x22b,conservative,1.0,fairness
agreement,13,mixtral:8x22b,conservative,1.0,fairness
agreement,13,mixtral:8x22b,conservative,1.0,fairness
agreement,13,mixtral:8x22b,conservative,1.0,fairness
agreement,13,mixtral:8x22b,conservative,1.0,fairness
agreement,13,mixtral:8x22b,conservative,1.0,fairness
agreement,13,mixtral:8x22b,conservative,1.0,fairness
agreement,13,mixtral:8x22b,conservative,1.0,fairness
agreement,13,mixtral:8x22b,conservative,1.0,fairness
agreement,13,mixtral:8x22b,conservative,1.0,fairness
agreement,13,mixtral:8x22b,conservative,1.0,fairness
agreement,13,mixtral:8x22b,conservative,1.0,fairness
agreement,13,mixtral:8x22b,conservative,1.0,fairness
agreement,13,mixtral:8x22b,conservative,1.0,fairness
agreement,13,mixtral:8x22b,conservative,1.0,fairness
agreement,13,mixtral:8x22b,conservative,1.0,fairness
agreement,13,mixtral:8x22b,conservative,1.0,fairness
agreement,13,mixtral:8x22b,conservative,1.0,fairness
agreement,13,mixtral:8x22b,conservative,1.0,fairness
agreement,13,mixtral:8x22b,moderate,5.0,fairness
agreement,13,mixtral:8x22b,moderate,5.0,fairness
agreement,13,mixtral:8x22b,moderate,5.0,fairness
agreement,13,mixtral:8x22b,moderate,0.0,fairness
agreement,13,mixtral:8x22b,moderate,5.0,fairness
agreement,13,mixtral:8x22b,moderate,4.0,fairness
agreement,13,mixtral:8x22b,moderate,4.0,fairness
agreement,13,mixtral:8x22b,moderate,4.0,fairness
agreement,13,mixtral:8x22b,moderate,5.0,fairness
agreement,13,mixtral:8x22b,moderate,5.0,fairness
agreement,13,mixtral:8x22b,moderate,4.0,fairness
agreement,13,mixtral:8x22b,moderate,5.0,fairness
agreement,13,mixtral:8x22b,moderate,5.0,fairness
agreement,13,mixtral:8x22b,moderate,4.0,fairness
agreement,13,mixtral:8x22b,moderate,4.0,fairness
agreement,13,mixtral:8x22b,moderate,4.0,fairness
agreement,13,mixtral:8x22b,moderate,5.0,fairness
agreement,13,mixtral:8x22b,moderate,5.0,fairness
agreement,13,mixtral:8x22b,moderate,5.0,fairness
agreement,13,mixtral:8x22b,moderate,5.0,fairness
agreement,13,mixtral:8x22b,moderate,5.0,fairness
agreement,13,mixtral:8x22b,moderate,5.0,fairness
agreement,13,mixtral:8x22b,moderate,5.0,fairness
agreement,13,mixtral:8x22b,moderate,4.0,fairness
agreement,13,mixtral:8x22b,moderate,5.0,fairness
agreement,13,mixtral:8x22b,moderate,5.0,fairness
agreement,13,mixtral:8x22b,moderate,1.0,fairness
agreement,13,mixtral:8x22b,moderate,5.0,fairness
agreement,13,mixtral:8x22b,moderate,4.0,fairness
agreement,13,mixtral:8x22b,moderate,5.0,fairness
agreement,13,mixtral:8x22b,moderate,5.0,fairness
agreement,13,mixtral:8x22b,moderate,4.0,fairness
agreement,13,mixtral:8x22b,moderate,1.0,fairness
agreement,13,mixtral:8x22b,moderate,4.0,fairness
agreement,13,mixtral:8x22b,moderate,4.0,fairness
agreement,13,mixtral:8x22b,moderate,5.0,fairness
agreement,13,mixtral:8x22b,moderate,5.0,fairness
agreement,13,mixtral:8x22b,moderate,4.0,fairness
agreement,13,mixtral:8x22b,moderate,5.0,fairness
agreement,13,mixtral:8x22b,moderate,4.0,fairness
agreement,13,mixtral:8x22b,moderate,5.0,fairness
agreement,13,mixtral:8x22b,moderate,4.0,fairness
agreement,13,mixtral:8x22b,moderate,5.0,fairness
agreement,13,mixtral:8x22b,moderate,5.0,fairness
agreement,13,mixtral:8x22b,moderate,4.0,fairness
agreement,13,mixtral:8x22b,moderate,0.0,fairness
agreement,13,mixtral:8x22b,moderate,5.0,fairness
agreement,13,mixtral:8x22b,moderate,4.0,fairness
agreement,13,mixtral:8x22b,moderate,5.0,fairness
agreement,13,mixtral:8x22b,moderate,4.0,fairness
agreement,13,mixtral:8x22b,liberal,5.0,fairness
agreement,13,mixtral:8x22b,liberal,5.0,fairness
agreement,13,mixtral:8x22b,liberal,5.0,fairness
agreement,13,mixtral:8x22b,liberal,5.0,fairness
agreement,13,mixtral:8x22b,liberal,4.0,fairness
agreement,13,mixtral:8x22b,liberal,5.0,fairness
agreement,13,mixtral:8x22b,liberal,5.0,fairness
agreement,13,mixtral:8x22b,liberal,4.0,fairness
agreement,13,mixtral:8x22b,liberal,5.0,fairness
agreement,13,mixtral:8x22b,liberal,5.0,fairness
agreement,13,mixtral:8x22b,liberal,5.0,fairness
agreement,13,mixtral:8x22b,liberal,5.0,fairness
agreement,13,mixtral:8x22b,liberal,5.0,fairness
agreement,13,mixtral:8x22b,liberal,5.0,fairness
agreement,13,mixtral:8x22b,liberal,5.0,fairness
agreement,13,mixtral:8x22b,liberal,5.0,fairness
agreement,13,mixtral:8x22b,liberal,5.0,fairness
agreement,13,mixtral:8x22b,liberal,5.0,fairness
agreement,13,mixtral:8x22b,liberal,5.0,fairness
agreement,13,mixtral:8x22b,liberal,5.0,fairness
agreement,13,mixtral:8x22b,liberal,5.0,fairness
agreement,13,mixtral:8x22b,liberal,5.0,fairness
agreement,13,mixtral:8x22b,liberal,5.0,fairness
agreement,13,mixtral:8x22b,liberal,5.0,fairness
agreement,13,mixtral:8x22b,liberal,5.0,fairness
agreement,13,mixtral:8x22b,liberal,5.0,fairness
agreement,13,mixtral:8x22b,liberal,5.0,fairness
agreement,13,mixtral:8x22b,liberal,5.0,fairness
agreement,13,mixtral:8x22b,liberal,5.0,fairness
agreement,13,mixtral:8x22b,liberal,5.0,fairness
agreement,13,mixtral:8x22b,liberal,5.0,fairness
agreement,13,mixtral:8x22b,liberal,5.0,fairness
agreement,13,mixtral:8x22b,liberal,5.0,fairness
agreement,13,mixtral:8x22b,liberal,5.0,fairness
agreement,13,mixtral:8x22b,liberal,4.0,fairness
agreement,13,mixtral:8x22b,liberal,5.0,fairness
agreement,13,mixtral:8x22b,liberal,4.0,fairness
agreement,13,mixtral:8x22b,liberal,5.0,fairness
agreement,13,mixtral:8x22b,liberal,5.0,fairness
agreement,13,mixtral:8x22b,liberal,5.0,fairness
agreement,13,mixtral:8x22b,liberal,5.0,fairness
agreement,13,mixtral:8x22b,liberal,5.0,fairness
agreement,13,mixtral:8x22b,liberal,5.0,fairness
agreement,13,mixtral:8x22b,liberal,4.0,fairness
agreement,13,mixtral:8x22b,liberal,5.0,fairness
agreement,13,mixtral:8x22b,liberal,5.0,fairness
agreement,13,mixtral:8x22b,liberal,5.0,fairness
agreement,13,mixtral:8x22b,liberal,5.0,fairness
agreement,13,mixtral:8x22b,liberal,5.0,fairness
agreement,13,mixtral:8x22b,liberal,5.0,fairness
agreement,13,mixtral:8x7b,conservative,4.0,fairness
agreement,13,mixtral:8x7b,conservative,4.0,fairness
agreement,13,mixtral:8x7b,conservative,4.0,fairness
agreement,13,mixtral:8x7b,conservative,4.0,fairness
agreement,13,mixtral:8x7b,conservative,4.0,fairness
agreement,13,mixtral:8x7b,conservative,4.0,fairness
agreement,13,mixtral:8x7b,conservative,4.0,fairness
agreement,13,mixtral:8x7b,conservative,4.0,fairness
agreement,13,mixtral:8x7b,conservative,4.0,fairness
agreement,13,mixtral:8x7b,conservative,4.0,fairness
agreement,13,mixtral:8x7b,conservative,4.0,fairness
agreement,13,mixtral:8x7b,conservative,4.0,fairness
agreement,13,mixtral:8x7b,conservative,4.0,fairness
agreement,13,mixtral:8x7b,conservative,4.0,fairness
agreement,13,mixtral:8x7b,conservative,4.0,fairness
agreement,13,mixtral:8x7b,conservative,4.0,fairness
agreement,13,mixtral:8x7b,conservative,4.0,fairness
agreement,13,mixtral:8x7b,conservative,4.0,fairness
agreement,13,mixtral:8x7b,conservative,4.0,fairness
agreement,13,mixtral:8x7b,conservative,4.0,fairness
agreement,13,mixtral:8x7b,conservative,4.0,fairness
agreement,13,mixtral:8x7b,conservative,4.0,fairness
agreement,13,mixtral:8x7b,conservative,4.0,fairness
agreement,13,mixtral:8x7b,conservative,4.0,fairness
agreement,13,mixtral:8x7b,conservative,4.0,fairness
agreement,13,mixtral:8x7b,conservative,4.0,fairness
agreement,13,mixtral:8x7b,conservative,4.0,fairness
agreement,13,mixtral:8x7b,conservative,4.0,fairness
agreement,13,mixtral:8x7b,conservative,4.0,fairness
agreement,13,mixtral:8x7b,conservative,4.0,fairness
agreement,13,mixtral:8x7b,conservative,4.0,fairness
agreement,13,mixtral:8x7b,conservative,4.0,fairness
agreement,13,mixtral:8x7b,conservative,4.0,fairness
agreement,13,mixtral:8x7b,conservative,4.0,fairness
agreement,13,mixtral:8x7b,conservative,4.0,fairness
agreement,13,mixtral:8x7b,conservative,4.0,fairness
agreement,13,mixtral:8x7b,conservative,4.0,fairness
agreement,13,mixtral:8x7b,conservative,4.0,fairness
agreement,13,mixtral:8x7b,conservative,4.0,fairness
agreement,13,mixtral:8x7b,conservative,4.0,fairness
agreement,13,mixtral:8x7b,conservative,4.0,fairness
agreement,13,mixtral:8x7b,conservative,4.0,fairness
agreement,13,mixtral:8x7b,conservative,4.0,fairness
agreement,13,mixtral:8x7b,conservative,4.0,fairness
agreement,13,mixtral:8x7b,conservative,4.0,fairness
agreement,13,mixtral:8x7b,conservative,4.0,fairness
agreement,13,mixtral:8x7b,conservative,4.0,fairness
agreement,13,mixtral:8x7b,conservative,4.0,fairness
agreement,13,mixtral:8x7b,conservative,4.0,fairness
agreement,13,mixtral:8x7b,conservative,4.0,fairness
agreement,13,mixtral:8x7b,moderate,4.0,fairness
agreement,13,mixtral:8x7b,moderate,4.0,fairness
agreement,13,mixtral:8x7b,moderate,4.0,fairness
agreement,13,mixtral:8x7b,moderate,4.0,fairness
agreement,13,mixtral:8x7b,moderate,4.0,fairness
agreement,13,mixtral:8x7b,moderate,4.0,fairness
agreement,13,mixtral:8x7b,moderate,4.0,fairness
agreement,13,mixtral:8x7b,moderate,4.0,fairness
agreement,13,mixtral:8x7b,moderate,4.0,fairness
agreement,13,mixtral:8x7b,moderate,4.0,fairness
agreement,13,mixtral:8x7b,moderate,4.0,fairness
agreement,13,mixtral:8x7b,moderate,4.0,fairness
agreement,13,mixtral:8x7b,moderate,4.0,fairness
agreement,13,mixtral:8x7b,moderate,4.0,fairness
agreement,13,mixtral:8x7b,moderate,4.0,fairness
agreement,13,mixtral:8x7b,moderate,4.0,fairness
agreement,13,mixtral:8x7b,moderate,4.0,fairness
agreement,13,mixtral:8x7b,moderate,4.0,fairness
agreement,13,mixtral:8x7b,moderate,4.0,fairness
agreement,13,mixtral:8x7b,moderate,4.0,fairness
agreement,13,mixtral:8x7b,moderate,4.0,fairness
agreement,13,mixtral:8x7b,moderate,4.0,fairness
agreement,13,mixtral:8x7b,moderate,4.0,fairness
agreement,13,mixtral:8x7b,moderate,4.0,fairness
agreement,13,mixtral:8x7b,moderate,4.0,fairness
agreement,13,mixtral:8x7b,moderate,4.0,fairness
agreement,13,mixtral:8x7b,moderate,4.0,fairness
agreement,13,mixtral:8x7b,moderate,4.0,fairness
agreement,13,mixtral:8x7b,moderate,4.0,fairness
agreement,13,mixtral:8x7b,moderate,4.0,fairness
agreement,13,mixtral:8x7b,moderate,4.0,fairness
agreement,13,mixtral:8x7b,moderate,4.0,fairness
agreement,13,mixtral:8x7b,moderate,4.0,fairness
agreement,13,mixtral:8x7b,moderate,4.0,fairness
agreement,13,mixtral:8x7b,moderate,4.0,fairness
agreement,13,mixtral:8x7b,moderate,4.0,fairness
agreement,13,mixtral:8x7b,moderate,4.0,fairness
agreement,13,mixtral:8x7b,moderate,4.0,fairness
agreement,13,mixtral:8x7b,moderate,4.0,fairness
agreement,13,mixtral:8x7b,moderate,4.0,fairness
agreement,13,mixtral:8x7b,moderate,4.0,fairness
agreement,13,mixtral:8x7b,moderate,4.0,fairness
agreement,13,mixtral:8x7b,moderate,4.0,fairness
agreement,13,mixtral:8x7b,moderate,4.0,fairness
agreement,13,mixtral:8x7b,moderate,4.0,fairness
agreement,13,mixtral:8x7b,moderate,4.0,fairness
agreement,13,mixtral:8x7b,moderate,4.0,fairness
agreement,13,mixtral:8x7b,moderate,4.0,fairness
agreement,13,mixtral:8x7b,moderate,4.0,fairness
agreement,13,mixtral:8x7b,moderate,4.0,fairness
agreement,13,mixtral:8x7b,liberal,5.0,fairness
agreement,13,mixtral:8x7b,liberal,5.0,fairness
agreement,13,mixtral:8x7b,liberal,5.0,fairness
agreement,13,mixtral:8x7b,liberal,5.0,fairness
agreement,13,mixtral:8x7b,liberal,5.0,fairness
agreement,13,mixtral:8x7b,liberal,5.0,fairness
agreement,13,mixtral:8x7b,liberal,5.0,fairness
agreement,13,mixtral:8x7b,liberal,5.0,fairness
agreement,13,mixtral:8x7b,liberal,5.0,fairness
agreement,13,mixtral:8x7b,liberal,5.0,fairness
agreement,13,mixtral:8x7b,liberal,5.0,fairness
agreement,13,mixtral:8x7b,liberal,5.0,fairness
agreement,13,mixtral:8x7b,liberal,5.0,fairness
agreement,13,mixtral:8x7b,liberal,5.0,fairness
agreement,13,mixtral:8x7b,liberal,5.0,fairness
agreement,13,mixtral:8x7b,liberal,5.0,fairness
agreement,13,mixtral:8x7b,liberal,5.0,fairness
agreement,13,mixtral:8x7b,liberal,5.0,fairness
agreement,13,mixtral:8x7b,liberal,5.0,fairness
agreement,13,mixtral:8x7b,liberal,5.0,fairness
agreement,13,mixtral:8x7b,liberal,5.0,fairness
agreement,13,mixtral:8x7b,liberal,5.0,fairness
agreement,13,mixtral:8x7b,liberal,5.0,fairness
agreement,13,mixtral:8x7b,liberal,5.0,fairness
agreement,13,mixtral:8x7b,liberal,5.0,fairness
agreement,13,mixtral:8x7b,liberal,5.0,fairness
agreement,13,mixtral:8x7b,liberal,5.0,fairness
agreement,13,mixtral:8x7b,liberal,5.0,fairness
agreement,13,mixtral:8x7b,liberal,5.0,fairness
agreement,13,mixtral:8x7b,liberal,5.0,fairness
agreement,13,mixtral:8x7b,liberal,5.0,fairness
agreement,13,mixtral:8x7b,liberal,5.0,fairness
agreement,13,mixtral:8x7b,liberal,5.0,fairness
agreement,13,mixtral:8x7b,liberal,5.0,fairness
agreement,13,mixtral:8x7b,liberal,5.0,fairness
agreement,13,mixtral:8x7b,liberal,5.0,fairness
agreement,13,mixtral:8x7b,liberal,5.0,fairness
agreement,13,mixtral:8x7b,liberal,5.0,fairness
agreement,13,mixtral:8x7b,liberal,5.0,fairness
agreement,13,mixtral:8x7b,liberal,5.0,fairness
agreement,13,mixtral:8x7b,liberal,5.0,fairness
agreement,13,mixtral:8x7b,liberal,5.0,fairness
agreement,13,mixtral:8x7b,liberal,5.0,fairness
agreement,13,mixtral:8x7b,liberal,5.0,fairness
agreement,13,mixtral:8x7b,liberal,5.0,fairness
agreement,13,mixtral:8x7b,liberal,5.0,fairness
agreement,13,mixtral:8x7b,liberal,5.0,fairness
agreement,13,phi3:14b,conservative,1.0,fairness
agreement,13,phi3:14b,conservative,0.0,fairness
agreement,13,phi3:14b,conservative,1.0,fairness
agreement,13,phi3:14b,conservative,0.0,fairness
agreement,13,phi3:14b,conservative,0.0,fairness
agreement,13,phi3:14b,conservative,2.0,fairness
agreement,13,phi3:14b,conservative,0.0,fairness
agreement,13,phi3:14b,conservative,0.0,fairness
agreement,13,phi3:14b,conservative,2.0,fairness
agreement,13,phi3:14b,conservative,2.0,fairness
agreement,13,phi3:14b,conservative,1.0,fairness
agreement,13,phi3:14b,conservative,3.0,fairness
agreement,13,phi3:14b,conservative,0.0,fairness
agreement,13,phi3:14b,conservative,1.0,fairness
agreement,13,phi3:14b,conservative,2.0,fairness
agreement,13,phi3:14b,conservative,0.0,fairness
agreement,13,phi3:14b,conservative,1.0,fairness
agreement,13,phi3:14b,conservative,0.0,fairness
agreement,13,phi3:14b,conservative,0.0,fairness
agreement,13,phi3:14b,conservative,0.0,fairness
agreement,13,phi3:14b,conservative,1.0,fairness
agreement,13,phi3:14b,conservative,5.0,fairness
agreement,13,phi3:14b,conservative,0.0,fairness
agreement,13,phi3:14b,conservative,0.0,fairness
agreement,13,phi3:14b,conservative,0.0,fairness
agreement,13,phi3:14b,conservative,1.0,fairness
agreement,13,phi3:14b,conservative,1.0,fairness
agreement,13,phi3:14b,conservative,1.0,fairness
agreement,13,phi3:14b,conservative,5.0,fairness
agreement,13,phi3:14b,conservative,2.0,fairness
agreement,13,phi3:14b,conservative,0.0,fairness
agreement,13,phi3:14b,conservative,0.0,fairness
agreement,13,phi3:14b,conservative,4.0,fairness
agreement,13,phi3:14b,conservative,0.0,fairness
agreement,13,phi3:14b,conservative,3.0,fairness
agreement,13,phi3:14b,conservative,0.0,fairness
agreement,13,phi3:14b,conservative,0.0,fairness
agreement,13,phi3:14b,conservative,1.0,fairness
agreement,13,phi3:14b,conservative,2.0,fairness
agreement,13,phi3:14b,conservative,0.0,fairness
agreement,13,phi3:14b,conservative,5.0,fairness
agreement,13,phi3:14b,conservative,1.0,fairness
agreement,13,phi3:14b,conservative,1.0,fairness
agreement,13,phi3:14b,conservative,2.0,fairness
agreement,13,phi3:14b,conservative,1.0,fairness
agreement,13,phi3:14b,conservative,1.0,fairness
agreement,13,phi3:14b,conservative,0.0,fairness
agreement,13,phi3:14b,conservative,1.0,fairness
agreement,13,phi3:14b,conservative,0.0,fairness
agreement,13,phi3:14b,moderate,4.0,fairness
agreement,13,phi3:14b,moderate,4.0,fairness
agreement,13,phi3:14b,moderate,5.0,fairness
agreement,13,phi3:14b,moderate,5.0,fairness
agreement,13,phi3:14b,moderate,4.0,fairness
agreement,13,phi3:14b,moderate,4.0,fairness
agreement,13,phi3:14b,moderate,4.0,fairness
agreement,13,phi3:14b,moderate,3.0,fairness
agreement,13,phi3:14b,moderate,5.0,fairness
agreement,13,phi3:14b,moderate,5.0,fairness
agreement,13,phi3:14b,moderate,5.0,fairness
agreement,13,phi3:14b,moderate,5.0,fairness
agreement,13,phi3:14b,moderate,3.0,fairness
agreement,13,phi3:14b,moderate,4.0,fairness
agreement,13,phi3:14b,moderate,5.0,fairness
agreement,13,phi3:14b,moderate,5.0,fairness
agreement,13,phi3:14b,moderate,4.0,fairness
agreement,13,phi3:14b,moderate,5.0,fairness
agreement,13,phi3:14b,moderate,3.0,fairness
agreement,13,phi3:14b,moderate,4.0,fairness
agreement,13,phi3:14b,moderate,5.0,fairness
agreement,13,phi3:14b,moderate,4.0,fairness
agreement,13,phi3:14b,moderate,4.0,fairness
agreement,13,phi3:14b,moderate,3.0,fairness
agreement,13,phi3:14b,moderate,4.0,fairness
agreement,13,phi3:14b,moderate,4.0,fairness
agreement,13,phi3:14b,moderate,4.0,fairness
agreement,13,phi3:14b,moderate,4.0,fairness
agreement,13,phi3:14b,moderate,4.0,fairness
agreement,13,phi3:14b,moderate,5.0,fairness
agreement,13,phi3:14b,moderate,3.0,fairness
agreement,13,phi3:14b,moderate,3.0,fairness
agreement,13,phi3:14b,moderate,3.0,fairness
agreement,13,phi3:14b,moderate,4.0,fairness
agreement,13,phi3:14b,moderate,4.0,fairness
agreement,13,phi3:14b,moderate,4.0,fairness
agreement,13,phi3:14b,moderate,4.0,fairness
agreement,13,phi3:14b,moderate,4.0,fairness
agreement,13,phi3:14b,moderate,5.0,fairness
agreement,13,phi3:14b,moderate,4.0,fairness
agreement,13,phi3:14b,moderate,5.0,fairness
agreement,13,phi3:14b,moderate,3.0,fairness
agreement,13,phi3:14b,moderate,5.0,fairness
agreement,13,phi3:14b,moderate,4.0,fairness
agreement,13,phi3:14b,moderate,5.0,fairness
agreement,13,phi3:14b,moderate,3.0,fairness
agreement,13,phi3:14b,moderate,4.0,fairness
agreement,13,phi3:14b,moderate,4.0,fairness
agreement,13,phi3:14b,moderate,5.0,fairness
agreement,13,phi3:14b,moderate,3.0,fairness
agreement,13,phi3:14b,liberal,5.0,fairness
agreement,13,phi3:14b,liberal,5.0,fairness
agreement,13,phi3:14b,liberal,5.0,fairness
agreement,13,phi3:14b,liberal,5.0,fairness
agreement,13,phi3:14b,liberal,5.0,fairness
agreement,13,phi3:14b,liberal,5.0,fairness
agreement,13,phi3:14b,liberal,5.0,fairness
agreement,13,phi3:14b,liberal,5.0,fairness
agreement,13,phi3:14b,liberal,5.0,fairness
agreement,13,phi3:14b,liberal,5.0,fairness
agreement,13,phi3:14b,liberal,5.0,fairness
agreement,13,phi3:14b,liberal,5.0,fairness
agreement,13,phi3:14b,liberal,5.0,fairness
agreement,13,phi3:14b,liberal,5.0,fairness
agreement,13,phi3:14b,liberal,5.0,fairness
agreement,13,phi3:14b,liberal,5.0,fairness
agreement,13,phi3:14b,liberal,5.0,fairness
agreement,13,phi3:14b,liberal,5.0,fairness
agreement,13,phi3:14b,liberal,5.0,fairness
agreement,13,phi3:14b,liberal,5.0,fairness
agreement,13,phi3:14b,liberal,5.0,fairness
agreement,13,phi3:14b,liberal,5.0,fairness
agreement,13,phi3:14b,liberal,5.0,fairness
agreement,13,phi3:14b,liberal,5.0,fairness
agreement,13,phi3:14b,liberal,5.0,fairness
agreement,13,phi3:14b,liberal,5.0,fairness
agreement,13,phi3:14b,liberal,5.0,fairness
agreement,13,phi3:14b,liberal,4.0,fairness
agreement,13,phi3:14b,liberal,5.0,fairness
agreement,13,phi3:14b,liberal,5.0,fairness
agreement,13,phi3:14b,liberal,5.0,fairness
agreement,13,phi3:14b,liberal,5.0,fairness
agreement,13,phi3:14b,liberal,5.0,fairness
agreement,13,phi3:14b,liberal,4.0,fairness
agreement,13,phi3:14b,liberal,5.0,fairness
agreement,13,phi3:14b,liberal,5.0,fairness
agreement,13,phi3:14b,liberal,5.0,fairness
agreement,13,phi3:14b,liberal,5.0,fairness
agreement,13,phi3:14b,liberal,5.0,fairness
agreement,13,phi3:14b,liberal,5.0,fairness
agreement,13,phi3:14b,liberal,5.0,fairness
agreement,13,phi3:14b,liberal,5.0,fairness
agreement,13,phi3:14b,liberal,5.0,fairness
agreement,13,phi3:14b,liberal,5.0,fairness
agreement,13,phi3:14b,liberal,5.0,fairness
agreement,13,phi3:14b,liberal,5.0,fairness
agreement,13,phi3:14b,liberal,5.0,fairness
agreement,13,phi3:14b,liberal,5.0,fairness
agreement,13,phi3:14b,liberal,5.0,fairness
agreement,13,phi3:14b,liberal,5.0,fairness
agreement,13,gemma:7b,conservative,5.0,fairness
agreement,13,gemma:7b,conservative,5.0,fairness
agreement,13,gemma:7b,conservative,4.0,fairness
agreement,13,gemma:7b,conservative,4.0,fairness
agreement,13,gemma:7b,conservative,5.0,fairness
agreement,13,gemma:7b,conservative,4.0,fairness
agreement,13,gemma:7b,conservative,4.0,fairness
agreement,13,gemma:7b,conservative,4.0,fairness
agreement,13,gemma:7b,conservative,4.0,fairness
agreement,13,gemma:7b,conservative,5.0,fairness
agreement,13,gemma:7b,conservative,4.0,fairness
agreement,13,gemma:7b,conservative,5.0,fairness
agreement,13,gemma:7b,conservative,5.0,fairness
agreement,13,gemma:7b,conservative,4.0,fairness
agreement,13,gemma:7b,conservative,4.0,fairness
agreement,13,gemma:7b,conservative,4.0,fairness
agreement,13,gemma:7b,conservative,5.0,fairness
agreement,13,gemma:7b,conservative,4.0,fairness
agreement,13,gemma:7b,conservative,4.0,fairness
agreement,13,gemma:7b,conservative,4.0,fairness
agreement,13,gemma:7b,conservative,5.0,fairness
agreement,13,gemma:7b,conservative,4.0,fairness
agreement,13,gemma:7b,conservative,4.0,fairness
agreement,13,gemma:7b,conservative,4.0,fairness
agreement,13,gemma:7b,conservative,4.0,fairness
agreement,13,gemma:7b,conservative,4.0,fairness
agreement,13,gemma:7b,conservative,4.0,fairness
agreement,13,gemma:7b,conservative,4.0,fairness
agreement,13,gemma:7b,conservative,4.0,fairness
agreement,13,gemma:7b,conservative,4.0,fairness
agreement,13,gemma:7b,conservative,5.0,fairness
agreement,13,gemma:7b,conservative,5.0,fairness
agreement,13,gemma:7b,conservative,5.0,fairness
agreement,13,gemma:7b,conservative,4.0,fairness
agreement,13,gemma:7b,conservative,5.0,fairness
agreement,13,gemma:7b,conservative,4.0,fairness
agreement,13,gemma:7b,conservative,4.0,fairness
agreement,13,gemma:7b,conservative,4.0,fairness
agreement,13,gemma:7b,conservative,4.0,fairness
agreement,13,gemma:7b,conservative,4.0,fairness
agreement,13,gemma:7b,conservative,2.0,fairness
agreement,13,gemma:7b,conservative,5.0,fairness
agreement,13,gemma:7b,conservative,4.0,fairness
agreement,13,gemma:7b,conservative,5.0,fairness
agreement,13,gemma:7b,conservative,4.0,fairness
agreement,13,gemma:7b,conservative,4.0,fairness
agreement,13,gemma:7b,conservative,4.0,fairness
agreement,13,gemma:7b,conservative,4.0,fairness
agreement,13,gemma:7b,conservative,4.0,fairness
agreement,13,gemma:7b,conservative,5.0,fairness
agreement,13,gemma:7b,moderate,4.0,fairness
agreement,13,gemma:7b,moderate,4.0,fairness
agreement,13,gemma:7b,moderate,4.0,fairness
agreement,13,gemma:7b,moderate,4.0,fairness
agreement,13,gemma:7b,moderate,4.0,fairness
agreement,13,gemma:7b,moderate,4.0,fairness
agreement,13,gemma:7b,moderate,4.0,fairness
agreement,13,gemma:7b,moderate,4.0,fairness
agreement,13,gemma:7b,moderate,4.0,fairness
agreement,13,gemma:7b,moderate,4.0,fairness
agreement,13,gemma:7b,moderate,4.0,fairness
agreement,13,gemma:7b,moderate,4.0,fairness
agreement,13,gemma:7b,moderate,3.0,fairness
agreement,13,gemma:7b,moderate,4.0,fairness
agreement,13,gemma:7b,moderate,4.0,fairness
agreement,13,gemma:7b,moderate,4.0,fairness
agreement,13,gemma:7b,moderate,4.0,fairness
agreement,13,gemma:7b,moderate,4.0,fairness
agreement,13,gemma:7b,moderate,4.0,fairness
agreement,13,gemma:7b,moderate,4.0,fairness
agreement,13,gemma:7b,moderate,4.0,fairness
agreement,13,gemma:7b,moderate,4.0,fairness
agreement,13,gemma:7b,moderate,4.0,fairness
agreement,13,gemma:7b,moderate,4.0,fairness
agreement,13,gemma:7b,moderate,4.0,fairness
agreement,13,gemma:7b,moderate,4.0,fairness
agreement,13,gemma:7b,moderate,4.0,fairness
agreement,13,gemma:7b,moderate,4.0,fairness
agreement,13,gemma:7b,moderate,4.0,fairness
agreement,13,gemma:7b,moderate,4.0,fairness
agreement,13,gemma:7b,moderate,4.0,fairness
agreement,13,gemma:7b,moderate,4.0,fairness
agreement,13,gemma:7b,moderate,4.0,fairness
agreement,13,gemma:7b,moderate,4.0,fairness
agreement,13,gemma:7b,moderate,4.0,fairness
agreement,13,gemma:7b,moderate,4.0,fairness
agreement,13,gemma:7b,moderate,4.0,fairness
agreement,13,gemma:7b,moderate,4.0,fairness
agreement,13,gemma:7b,moderate,4.0,fairness
agreement,13,gemma:7b,moderate,4.0,fairness
agreement,13,gemma:7b,moderate,4.0,fairness
agreement,13,gemma:7b,moderate,4.0,fairness
agreement,13,gemma:7b,moderate,4.0,fairness
agreement,13,gemma:7b,moderate,4.0,fairness
agreement,13,gemma:7b,moderate,4.0,fairness
agreement,13,gemma:7b,moderate,4.0,fairness
agreement,13,gemma:7b,moderate,4.0,fairness
agreement,13,gemma:7b,moderate,4.0,fairness
agreement,13,gemma:7b,moderate,4.0,fairness
agreement,13,gemma:7b,moderate,4.0,fairness
agreement,13,gemma:7b,liberal,5.0,fairness
agreement,13,gemma:7b,liberal,5.0,fairness
agreement,13,gemma:7b,liberal,5.0,fairness
agreement,13,gemma:7b,liberal,5.0,fairness
agreement,13,gemma:7b,liberal,5.0,fairness
agreement,13,gemma:7b,liberal,5.0,fairness
agreement,13,gemma:7b,liberal,5.0,fairness
agreement,13,gemma:7b,liberal,5.0,fairness
agreement,13,gemma:7b,liberal,5.0,fairness
agreement,13,gemma:7b,liberal,5.0,fairness
agreement,13,gemma:7b,liberal,5.0,fairness
agreement,13,gemma:7b,liberal,5.0,fairness
agreement,13,gemma:7b,liberal,5.0,fairness
agreement,13,gemma:7b,liberal,5.0,fairness
agreement,13,gemma:7b,liberal,5.0,fairness
agreement,13,gemma:7b,liberal,5.0,fairness
agreement,13,gemma:7b,liberal,5.0,fairness
agreement,13,gemma:7b,liberal,5.0,fairness
agreement,13,gemma:7b,liberal,5.0,fairness
agreement,13,gemma:7b,liberal,5.0,fairness
agreement,13,gemma:7b,liberal,5.0,fairness
agreement,13,gemma:7b,liberal,5.0,fairness
agreement,13,gemma:7b,liberal,5.0,fairness
agreement,13,gemma:7b,liberal,5.0,fairness
agreement,13,gemma:7b,liberal,5.0,fairness
agreement,13,gemma:7b,liberal,5.0,fairness
agreement,13,gemma:7b,liberal,5.0,fairness
agreement,13,gemma:7b,liberal,5.0,fairness
agreement,13,gemma:7b,liberal,5.0,fairness
agreement,13,gemma:7b,liberal,5.0,fairness
agreement,13,gemma:7b,liberal,5.0,fairness
agreement,13,gemma:7b,liberal,5.0,fairness
agreement,13,gemma:7b,liberal,5.0,fairness
agreement,13,gemma:7b,liberal,5.0,fairness
agreement,13,gemma:7b,liberal,5.0,fairness
agreement,13,gemma:7b,liberal,5.0,fairness
agreement,13,gemma:7b,liberal,5.0,fairness
agreement,13,gemma:7b,liberal,5.0,fairness
agreement,13,gemma:7b,liberal,5.0,fairness
agreement,13,gemma:7b,liberal,5.0,fairness
agreement,13,gemma:7b,liberal,5.0,fairness
agreement,13,gemma:7b,liberal,5.0,fairness
agreement,13,gemma:7b,liberal,5.0,fairness
agreement,13,gemma:7b,liberal,5.0,fairness
agreement,13,gemma:7b,liberal,5.0,fairness
agreement,13,gemma:7b,liberal,5.0,fairness
agreement,13,gemma:7b,liberal,5.0,fairness
agreement,13,gemma:7b,liberal,5.0,fairness
agreement,13,gemma:7b,liberal,5.0,fairness
agreement,13,gemma:7b,liberal,5.0,fairness
agreement,13,gemma2:27b,conservative,4.0,fairness
agreement,13,gemma2:27b,conservative,4.0,fairness
agreement,13,gemma2:27b,conservative,4.0,fairness
agreement,13,gemma2:27b,conservative,4.0,fairness
agreement,13,gemma2:27b,conservative,3.0,fairness
agreement,13,gemma2:27b,conservative,4.0,fairness
agreement,13,gemma2:27b,conservative,4.0,fairness
agreement,13,gemma2:27b,conservative,3.0,fairness
agreement,13,gemma2:27b,conservative,4.0,fairness
agreement,13,gemma2:27b,conservative,4.0,fairness
agreement,13,gemma2:27b,conservative,4.0,fairness
agreement,13,gemma2:27b,conservative,4.0,fairness
agreement,13,gemma2:27b,conservative,4.0,fairness
agreement,13,gemma2:27b,conservative,4.0,fairness
agreement,13,gemma2:27b,conservative,4.0,fairness
agreement,13,gemma2:27b,conservative,4.0,fairness
agreement,13,gemma2:27b,conservative,4.0,fairness
agreement,13,gemma2:27b,conservative,4.0,fairness
agreement,13,gemma2:27b,conservative,4.0,fairness
agreement,13,gemma2:27b,conservative,4.0,fairness
agreement,13,gemma2:27b,conservative,4.0,fairness
agreement,13,gemma2:27b,conservative,4.0,fairness
agreement,13,gemma2:27b,conservative,4.0,fairness
agreement,13,gemma2:27b,conservative,4.0,fairness
agreement,13,gemma2:27b,conservative,4.0,fairness
agreement,13,gemma2:27b,conservative,4.0,fairness
agreement,13,gemma2:27b,conservative,4.0,fairness
agreement,13,gemma2:27b,conservative,4.0,fairness
agreement,13,gemma2:27b,conservative,3.0,fairness
agreement,13,gemma2:27b,conservative,4.0,fairness
agreement,13,gemma2:27b,conservative,4.0,fairness
agreement,13,gemma2:27b,conservative,4.0,fairness
agreement,13,gemma2:27b,conservative,4.0,fairness
agreement,13,gemma2:27b,conservative,4.0,fairness
agreement,13,gemma2:27b,conservative,4.0,fairness
agreement,13,gemma2:27b,conservative,4.0,fairness
agreement,13,gemma2:27b,conservative,4.0,fairness
agreement,13,gemma2:27b,conservative,4.0,fairness
agreement,13,gemma2:27b,conservative,4.0,fairness
agreement,13,gemma2:27b,conservative,4.0,fairness
agreement,13,gemma2:27b,conservative,4.0,fairness
agreement,13,gemma2:27b,conservative,4.0,fairness
agreement,13,gemma2:27b,conservative,4.0,fairness
agreement,13,gemma2:27b,conservative,4.0,fairness
agreement,13,gemma2:27b,conservative,4.0,fairness
agreement,13,gemma2:27b,conservative,4.0,fairness
agreement,13,gemma2:27b,conservative,3.0,fairness
agreement,13,gemma2:27b,conservative,4.0,fairness
agreement,13,gemma2:27b,conservative,4.0,fairness
agreement,13,gemma2:27b,conservative,4.0,fairness
agreement,13,gemma2:27b,moderate,4.0,fairness
agreement,13,gemma2:27b,moderate,4.0,fairness
agreement,13,gemma2:27b,moderate,4.0,fairness
agreement,13,gemma2:27b,moderate,4.0,fairness
agreement,13,gemma2:27b,moderate,4.0,fairness
agreement,13,gemma2:27b,moderate,4.0,fairness
agreement,13,gemma2:27b,moderate,4.0,fairness
agreement,13,gemma2:27b,moderate,4.0,fairness
agreement,13,gemma2:27b,moderate,4.0,fairness
agreement,13,gemma2:27b,moderate,4.0,fairness
agreement,13,gemma2:27b,moderate,4.0,fairness
agreement,13,gemma2:27b,moderate,4.0,fairness
agreement,13,gemma2:27b,moderate,4.0,fairness
agreement,13,gemma2:27b,moderate,4.0,fairness
agreement,13,gemma2:27b,moderate,4.0,fairness
agreement,13,gemma2:27b,moderate,4.0,fairness
agreement,13,gemma2:27b,moderate,4.0,fairness
agreement,13,gemma2:27b,moderate,4.0,fairness
agreement,13,gemma2:27b,moderate,4.0,fairness
agreement,13,gemma2:27b,moderate,4.0,fairness
agreement,13,gemma2:27b,moderate,4.0,fairness
agreement,13,gemma2:27b,moderate,4.0,fairness
agreement,13,gemma2:27b,moderate,4.0,fairness
agreement,13,gemma2:27b,moderate,4.0,fairness
agreement,13,gemma2:27b,moderate,4.0,fairness
agreement,13,gemma2:27b,moderate,4.0,fairness
agreement,13,gemma2:27b,moderate,4.0,fairness
agreement,13,gemma2:27b,moderate,4.0,fairness
agreement,13,gemma2:27b,moderate,4.0,fairness
agreement,13,gemma2:27b,moderate,4.0,fairness
agreement,13,gemma2:27b,moderate,4.0,fairness
agreement,13,gemma2:27b,moderate,4.0,fairness
agreement,13,gemma2:27b,moderate,4.0,fairness
agreement,13,gemma2:27b,moderate,4.0,fairness
agreement,13,gemma2:27b,moderate,4.0,fairness
agreement,13,gemma2:27b,moderate,4.0,fairness
agreement,13,gemma2:27b,moderate,4.0,fairness
agreement,13,gemma2:27b,moderate,4.0,fairness
agreement,13,gemma2:27b,moderate,4.0,fairness
agreement,13,gemma2:27b,moderate,4.0,fairness
agreement,13,gemma2:27b,moderate,4.0,fairness
agreement,13,gemma2:27b,moderate,4.0,fairness
agreement,13,gemma2:27b,moderate,4.0,fairness
agreement,13,gemma2:27b,moderate,4.0,fairness
agreement,13,gemma2:27b,moderate,4.0,fairness
agreement,13,gemma2:27b,moderate,4.0,fairness
agreement,13,gemma2:27b,moderate,4.0,fairness
agreement,13,gemma2:27b,moderate,4.0,fairness
agreement,13,gemma2:27b,moderate,4.0,fairness
agreement,13,gemma2:27b,moderate,4.0,fairness
agreement,13,gemma2:27b,liberal,5.0,fairness
agreement,13,gemma2:27b,liberal,5.0,fairness
agreement,13,gemma2:27b,liberal,5.0,fairness
agreement,13,gemma2:27b,liberal,5.0,fairness
agreement,13,gemma2:27b,liberal,5.0,fairness
agreement,13,gemma2:27b,liberal,5.0,fairness
agreement,13,gemma2:27b,liberal,5.0,fairness
agreement,13,gemma2:27b,liberal,5.0,fairness
agreement,13,gemma2:27b,liberal,5.0,fairness
agreement,13,gemma2:27b,liberal,5.0,fairness
agreement,13,gemma2:27b,liberal,5.0,fairness
agreement,13,gemma2:27b,liberal,5.0,fairness
agreement,13,gemma2:27b,liberal,5.0,fairness
agreement,13,gemma2:27b,liberal,5.0,fairness
agreement,13,gemma2:27b,liberal,5.0,fairness
agreement,13,gemma2:27b,liberal,5.0,fairness
agreement,13,gemma2:27b,liberal,5.0,fairness
agreement,13,gemma2:27b,liberal,5.0,fairness
agreement,13,gemma2:27b,liberal,5.0,fairness
agreement,13,gemma2:27b,liberal,5.0,fairness
agreement,13,gemma2:27b,liberal,5.0,fairness
agreement,13,gemma2:27b,liberal,5.0,fairness
agreement,13,gemma2:27b,liberal,5.0,fairness
agreement,13,gemma2:27b,liberal,5.0,fairness
agreement,13,gemma2:27b,liberal,5.0,fairness
agreement,13,gemma2:27b,liberal,5.0,fairness
agreement,13,gemma2:27b,liberal,5.0,fairness
agreement,13,gemma2:27b,liberal,5.0,fairness
agreement,13,gemma2:27b,liberal,5.0,fairness
agreement,13,gemma2:27b,liberal,5.0,fairness
agreement,13,gemma2:27b,liberal,5.0,fairness
agreement,13,gemma2:27b,liberal,5.0,fairness
agreement,13,gemma2:27b,liberal,5.0,fairness
agreement,13,gemma2:27b,liberal,5.0,fairness
agreement,13,gemma2:27b,liberal,5.0,fairness
agreement,13,gemma2:27b,liberal,5.0,fairness
agreement,13,gemma2:27b,liberal,5.0,fairness
agreement,13,gemma2:27b,liberal,5.0,fairness
agreement,13,gemma2:27b,liberal,5.0,fairness
agreement,13,gemma2:27b,liberal,5.0,fairness
agreement,13,gemma2:27b,liberal,5.0,fairness
agreement,13,gemma2:27b,liberal,5.0,fairness
agreement,13,gemma2:27b,liberal,5.0,fairness
agreement,13,gemma2:27b,liberal,5.0,fairness
agreement,13,gemma2:27b,liberal,5.0,fairness
agreement,13,gemma2:27b,liberal,5.0,fairness
agreement,13,gemma2:27b,liberal,5.0,fairness
agreement,13,gemma2:27b,liberal,5.0,fairness
agreement,13,gemma2:27b,liberal,5.0,fairness
agreement,13,gemma2:27b,liberal,5.0,fairness
agreement,13,qwen:72b,conservative,4.0,fairness
agreement,13,qwen:72b,conservative,2.0,fairness
agreement,13,qwen:72b,conservative,3.0,fairness
agreement,13,qwen:72b,conservative,3.0,fairness
agreement,13,qwen:72b,conservative,5.0,fairness
agreement,13,qwen:72b,conservative,4.0,fairness
agreement,13,qwen:72b,conservative,5.0,fairness
agreement,13,qwen:72b,conservative,5.0,fairness
agreement,13,qwen:72b,conservative,3.0,fairness
agreement,13,qwen:72b,conservative,5.0,fairness
agreement,13,qwen:72b,conservative,4.0,fairness
agreement,13,qwen:72b,conservative,4.0,fairness
agreement,13,qwen:72b,conservative,2.0,fairness
agreement,13,qwen:72b,conservative,5.0,fairness
agreement,13,qwen:72b,conservative,5.0,fairness
agreement,13,qwen:72b,conservative,2.0,fairness
agreement,13,qwen:72b,conservative,4.0,fairness
agreement,13,qwen:72b,conservative,5.0,fairness
agreement,13,qwen:72b,conservative,3.0,fairness
agreement,13,qwen:72b,conservative,4.0,fairness
agreement,13,qwen:72b,conservative,3.0,fairness
agreement,13,qwen:72b,conservative,5.0,fairness
agreement,13,qwen:72b,conservative,5.0,fairness
agreement,13,qwen:72b,conservative,2.0,fairness
agreement,13,qwen:72b,conservative,3.0,fairness
agreement,13,qwen:72b,conservative,5.0,fairness
agreement,13,qwen:72b,conservative,3.0,fairness
agreement,13,qwen:72b,conservative,3.0,fairness
agreement,13,qwen:72b,conservative,5.0,fairness
agreement,13,qwen:72b,conservative,4.0,fairness
agreement,13,qwen:72b,conservative,3.0,fairness
agreement,13,qwen:72b,conservative,4.0,fairness
agreement,13,qwen:72b,conservative,2.0,fairness
agreement,13,qwen:72b,conservative,3.0,fairness
agreement,13,qwen:72b,conservative,4.0,fairness
agreement,13,qwen:72b,conservative,2.0,fairness
agreement,13,qwen:72b,conservative,4.0,fairness
agreement,13,qwen:72b,conservative,5.0,fairness
agreement,13,qwen:72b,conservative,4.0,fairness
agreement,13,qwen:72b,conservative,3.0,fairness
agreement,13,qwen:72b,conservative,2.0,fairness
agreement,13,qwen:72b,conservative,4.0,fairness
agreement,13,qwen:72b,conservative,1.0,fairness
agreement,13,qwen:72b,conservative,5.0,fairness
agreement,13,qwen:72b,conservative,2.0,fairness
agreement,13,qwen:72b,conservative,4.0,fairness
agreement,13,qwen:72b,conservative,1.0,fairness
agreement,13,qwen:72b,conservative,3.0,fairness
agreement,13,qwen:72b,moderate,5.0,fairness
agreement,13,qwen:72b,moderate,4.0,fairness
agreement,13,qwen:72b,moderate,4.0,fairness
agreement,13,qwen:72b,moderate,4.0,fairness
agreement,13,qwen:72b,moderate,4.0,fairness
agreement,13,qwen:72b,moderate,4.0,fairness
agreement,13,qwen:72b,moderate,4.0,fairness
agreement,13,qwen:72b,moderate,4.0,fairness
agreement,13,qwen:72b,moderate,5.0,fairness
agreement,13,qwen:72b,moderate,5.0,fairness
agreement,13,qwen:72b,moderate,5.0,fairness
agreement,13,qwen:72b,moderate,4.0,fairness
agreement,13,qwen:72b,moderate,4.0,fairness
agreement,13,qwen:72b,moderate,4.0,fairness
agreement,13,qwen:72b,moderate,4.0,fairness
agreement,13,qwen:72b,moderate,5.0,fairness
agreement,13,qwen:72b,moderate,4.0,fairness
agreement,13,qwen:72b,moderate,4.0,fairness
agreement,13,qwen:72b,moderate,5.0,fairness
agreement,13,qwen:72b,moderate,4.0,fairness
agreement,13,qwen:72b,moderate,4.0,fairness
agreement,13,qwen:72b,moderate,4.0,fairness
agreement,13,qwen:72b,moderate,4.0,fairness
agreement,13,qwen:72b,moderate,4.0,fairness
agreement,13,qwen:72b,moderate,4.0,fairness
agreement,13,qwen:72b,moderate,5.0,fairness
agreement,13,qwen:72b,moderate,4.0,fairness
agreement,13,qwen:72b,moderate,4.0,fairness
agreement,13,qwen:72b,moderate,4.0,fairness
agreement,13,qwen:72b,moderate,4.0,fairness
agreement,13,qwen:72b,moderate,4.0,fairness
agreement,13,qwen:72b,moderate,4.0,fairness
agreement,13,qwen:72b,moderate,4.0,fairness
agreement,13,qwen:72b,moderate,4.0,fairness
agreement,13,qwen:72b,moderate,4.0,fairness
agreement,13,qwen:72b,moderate,4.0,fairness
agreement,13,qwen:72b,moderate,4.0,fairness
agreement,13,qwen:72b,moderate,5.0,fairness
agreement,13,qwen:72b,moderate,4.0,fairness
agreement,13,qwen:72b,moderate,4.0,fairness
agreement,13,qwen:72b,moderate,4.0,fairness
agreement,13,qwen:72b,moderate,4.0,fairness
agreement,13,qwen:72b,moderate,5.0,fairness
agreement,13,qwen:72b,moderate,5.0,fairness
agreement,13,qwen:72b,moderate,5.0,fairness
agreement,13,qwen:72b,moderate,4.0,fairness
agreement,13,qwen:72b,moderate,4.0,fairness
agreement,13,qwen:72b,moderate,4.0,fairness
agreement,13,qwen:72b,moderate,4.0,fairness
agreement,13,qwen:72b,moderate,4.0,fairness
agreement,13,qwen:72b,liberal,5.0,fairness
agreement,13,qwen:72b,liberal,5.0,fairness
agreement,13,qwen:72b,liberal,5.0,fairness
agreement,13,qwen:72b,liberal,5.0,fairness
agreement,13,qwen:72b,liberal,5.0,fairness
agreement,13,qwen:72b,liberal,5.0,fairness
agreement,13,qwen:72b,liberal,5.0,fairness
agreement,13,qwen:72b,liberal,5.0,fairness
agreement,13,qwen:72b,liberal,5.0,fairness
agreement,13,qwen:72b,liberal,5.0,fairness
agreement,13,qwen:72b,liberal,5.0,fairness
agreement,13,qwen:72b,liberal,5.0,fairness
agreement,13,qwen:72b,liberal,5.0,fairness
agreement,13,qwen:72b,liberal,5.0,fairness
agreement,13,qwen:72b,liberal,5.0,fairness
agreement,13,qwen:72b,liberal,5.0,fairness
agreement,13,qwen:72b,liberal,5.0,fairness
agreement,13,qwen:72b,liberal,5.0,fairness
agreement,13,qwen:72b,liberal,5.0,fairness
agreement,13,qwen:72b,liberal,5.0,fairness
agreement,13,qwen:72b,liberal,5.0,fairness
agreement,13,qwen:72b,liberal,5.0,fairness
agreement,13,qwen:72b,liberal,5.0,fairness
agreement,13,qwen:72b,liberal,5.0,fairness
agreement,13,qwen:72b,liberal,5.0,fairness
agreement,13,qwen:72b,liberal,5.0,fairness
agreement,13,qwen:72b,liberal,5.0,fairness
agreement,13,qwen:72b,liberal,5.0,fairness
agreement,13,qwen:72b,liberal,5.0,fairness
agreement,13,qwen:72b,liberal,5.0,fairness
agreement,13,qwen:72b,liberal,5.0,fairness
agreement,13,qwen:72b,liberal,5.0,fairness
agreement,13,qwen:72b,liberal,5.0,fairness
agreement,13,qwen:72b,liberal,5.0,fairness
agreement,13,qwen:72b,liberal,5.0,fairness
agreement,13,qwen:72b,liberal,5.0,fairness
agreement,13,qwen:72b,liberal,5.0,fairness
agreement,13,qwen:72b,liberal,5.0,fairness
agreement,13,qwen:72b,liberal,5.0,fairness
agreement,13,qwen:72b,liberal,5.0,fairness
agreement,13,qwen:72b,liberal,5.0,fairness
agreement,13,qwen:72b,liberal,5.0,fairness
agreement,13,qwen:72b,liberal,5.0,fairness
agreement,13,qwen:72b,liberal,5.0,fairness
agreement,13,qwen:72b,liberal,5.0,fairness
agreement,13,qwen:72b,liberal,5.0,fairness
agreement,13,qwen:72b,liberal,5.0,fairness
agreement,13,qwen:72b,liberal,5.0,fairness
agreement,13,qwen:72b,liberal,5.0,fairness
agreement,13,qwen:72b,liberal,5.0,fairness
agreement,13,qwen2:72b,conservative,0.0,fairness
agreement,13,qwen2:72b,conservative,1.0,fairness
agreement,13,qwen2:72b,conservative,0.0,fairness
agreement,13,qwen2:72b,conservative,1.0,fairness
agreement,13,qwen2:72b,conservative,0.0,fairness
agreement,13,qwen2:72b,conservative,0.0,fairness
agreement,13,qwen2:72b,conservative,2.0,fairness
agreement,13,qwen2:72b,conservative,0.0,fairness
agreement,13,qwen2:72b,conservative,2.0,fairness
agreement,13,qwen2:72b,conservative,1.0,fairness
agreement,13,qwen2:72b,conservative,0.0,fairness
agreement,13,qwen2:72b,conservative,0.0,fairness
agreement,13,qwen2:72b,conservative,0.0,fairness
agreement,13,qwen2:72b,conservative,2.0,fairness
agreement,13,qwen2:72b,conservative,0.0,fairness
agreement,13,qwen2:72b,conservative,0.0,fairness
agreement,13,qwen2:72b,conservative,0.0,fairness
agreement,13,qwen2:72b,conservative,0.0,fairness
agreement,13,qwen2:72b,conservative,1.0,fairness
agreement,13,qwen2:72b,conservative,0.0,fairness
agreement,13,qwen2:72b,conservative,0.0,fairness
agreement,13,qwen2:72b,conservative,0.0,fairness
agreement,13,qwen2:72b,conservative,0.0,fairness
agreement,13,qwen2:72b,conservative,1.0,fairness
agreement,13,qwen2:72b,conservative,0.0,fairness
agreement,13,qwen2:72b,conservative,0.0,fairness
agreement,13,qwen2:72b,conservative,0.0,fairness
agreement,13,qwen2:72b,conservative,0.0,fairness
agreement,13,qwen2:72b,conservative,1.0,fairness
agreement,13,qwen2:72b,conservative,1.0,fairness
agreement,13,qwen2:72b,conservative,2.0,fairness
agreement,13,qwen2:72b,conservative,0.0,fairness
agreement,13,qwen2:72b,conservative,0.0,fairness
agreement,13,qwen2:72b,conservative,2.0,fairness
agreement,13,qwen2:72b,conservative,0.0,fairness
agreement,13,qwen2:72b,conservative,2.0,fairness
agreement,13,qwen2:72b,conservative,0.0,fairness
agreement,13,qwen2:72b,conservative,0.0,fairness
agreement,13,qwen2:72b,conservative,0.0,fairness
agreement,13,qwen2:72b,conservative,0.0,fairness
agreement,13,qwen2:72b,conservative,1.0,fairness
agreement,13,qwen2:72b,conservative,1.0,fairness
agreement,13,qwen2:72b,conservative,0.0,fairness
agreement,13,qwen2:72b,conservative,1.0,fairness
agreement,13,qwen2:72b,conservative,1.0,fairness
agreement,13,qwen2:72b,conservative,0.0,fairness
agreement,13,qwen2:72b,conservative,0.0,fairness
agreement,13,qwen2:72b,conservative,1.0,fairness
agreement,13,qwen2:72b,conservative,0.0,fairness
agreement,13,qwen2:72b,conservative,1.0,fairness
agreement,13,qwen2:72b,moderate,4.0,fairness
agreement,13,qwen2:72b,moderate,4.0,fairness
agreement,13,qwen2:72b,moderate,4.0,fairness
agreement,13,qwen2:72b,moderate,4.0,fairness
agreement,13,qwen2:72b,moderate,4.0,fairness
agreement,13,qwen2:72b,moderate,4.0,fairness
agreement,13,qwen2:72b,moderate,4.0,fairness
agreement,13,qwen2:72b,moderate,4.0,fairness
agreement,13,qwen2:72b,moderate,5.0,fairness
agreement,13,qwen2:72b,moderate,4.0,fairness
agreement,13,qwen2:72b,moderate,4.0,fairness
agreement,13,qwen2:72b,moderate,4.0,fairness
agreement,13,qwen2:72b,moderate,4.0,fairness
agreement,13,qwen2:72b,moderate,4.0,fairness
agreement,13,qwen2:72b,moderate,4.0,fairness
agreement,13,qwen2:72b,moderate,4.0,fairness
agreement,13,qwen2:72b,moderate,4.0,fairness
agreement,13,qwen2:72b,moderate,4.0,fairness
agreement,13,qwen2:72b,moderate,4.0,fairness
agreement,13,qwen2:72b,moderate,4.0,fairness
agreement,13,qwen2:72b,moderate,4.0,fairness
agreement,13,qwen2:72b,moderate,4.0,fairness
agreement,13,qwen2:72b,moderate,4.0,fairness
agreement,13,qwen2:72b,moderate,4.0,fairness
agreement,13,qwen2:72b,moderate,4.0,fairness
agreement,13,qwen2:72b,moderate,4.0,fairness
agreement,13,qwen2:72b,moderate,4.0,fairness
agreement,13,qwen2:72b,moderate,4.0,fairness
agreement,13,qwen2:72b,moderate,4.0,fairness
agreement,13,qwen2:72b,moderate,4.0,fairness
agreement,13,qwen2:72b,moderate,4.0,fairness
agreement,13,qwen2:72b,moderate,4.0,fairness
agreement,13,qwen2:72b,moderate,4.0,fairness
agreement,13,qwen2:72b,moderate,4.0,fairness
agreement,13,qwen2:72b,moderate,4.0,fairness
agreement,13,qwen2:72b,moderate,4.0,fairness
agreement,13,qwen2:72b,moderate,4.0,fairness
agreement,13,qwen2:72b,moderate,4.0,fairness
agreement,13,qwen2:72b,moderate,4.0,fairness
agreement,13,qwen2:72b,moderate,4.0,fairness
agreement,13,qwen2:72b,moderate,4.0,fairness
agreement,13,qwen2:72b,moderate,5.0,fairness
agreement,13,qwen2:72b,moderate,4.0,fairness
agreement,13,qwen2:72b,moderate,4.0,fairness
agreement,13,qwen2:72b,moderate,4.0,fairness
agreement,13,qwen2:72b,moderate,4.0,fairness
agreement,13,qwen2:72b,moderate,4.0,fairness
agreement,13,qwen2:72b,moderate,4.0,fairness
agreement,13,qwen2:72b,moderate,4.0,fairness
agreement,13,qwen2:72b,moderate,4.0,fairness
agreement,13,qwen2:72b,liberal,5.0,fairness
agreement,13,qwen2:72b,liberal,5.0,fairness
agreement,13,qwen2:72b,liberal,5.0,fairness
agreement,13,qwen2:72b,liberal,5.0,fairness
agreement,13,qwen2:72b,liberal,5.0,fairness
agreement,13,qwen2:72b,liberal,5.0,fairness
agreement,13,qwen2:72b,liberal,5.0,fairness
agreement,13,qwen2:72b,liberal,5.0,fairness
agreement,13,qwen2:72b,liberal,5.0,fairness
agreement,13,qwen2:72b,liberal,5.0,fairness
agreement,13,qwen2:72b,liberal,5.0,fairness
agreement,13,qwen2:72b,liberal,5.0,fairness
agreement,13,qwen2:72b,liberal,5.0,fairness
agreement,13,qwen2:72b,liberal,5.0,fairness
agreement,13,qwen2:72b,liberal,5.0,fairness
agreement,13,qwen2:72b,liberal,5.0,fairness
agreement,13,qwen2:72b,liberal,5.0,fairness
agreement,13,qwen2:72b,liberal,5.0,fairness
agreement,13,qwen2:72b,liberal,5.0,fairness
agreement,13,qwen2:72b,liberal,5.0,fairness
agreement,13,qwen2:72b,liberal,5.0,fairness
agreement,13,qwen2:72b,liberal,5.0,fairness
agreement,13,qwen2:72b,liberal,5.0,fairness
agreement,13,qwen2:72b,liberal,5.0,fairness
agreement,13,qwen2:72b,liberal,5.0,fairness
agreement,13,qwen2:72b,liberal,5.0,fairness
agreement,13,qwen2:72b,liberal,5.0,fairness
agreement,13,qwen2:72b,liberal,5.0,fairness
agreement,13,qwen2:72b,liberal,5.0,fairness
agreement,13,qwen2:72b,liberal,5.0,fairness
agreement,13,qwen2:72b,liberal,5.0,fairness
agreement,13,qwen2:72b,liberal,5.0,fairness
agreement,13,qwen2:72b,liberal,5.0,fairness
agreement,13,qwen2:72b,liberal,5.0,fairness
agreement,13,qwen2:72b,liberal,5.0,fairness
agreement,13,qwen2:72b,liberal,5.0,fairness
agreement,13,qwen2:72b,liberal,5.0,fairness
agreement,13,qwen2:72b,liberal,5.0,fairness
agreement,13,qwen2:72b,liberal,5.0,fairness
agreement,13,qwen2:72b,liberal,5.0,fairness
agreement,13,qwen2:72b,liberal,5.0,fairness
agreement,13,qwen2:72b,liberal,5.0,fairness
agreement,13,qwen2:72b,liberal,5.0,fairness
agreement,13,qwen2:72b,liberal,5.0,fairness
agreement,13,qwen2:72b,liberal,5.0,fairness
agreement,13,qwen2:72b,liberal,5.0,fairness
agreement,13,qwen2:72b,liberal,5.0,fairness
agreement,13,qwen2:72b,liberal,5.0,fairness
agreement,13,qwen2:72b,liberal,5.0,fairness
agreement,13,qwen2:72b,liberal,5.0,fairness
agreement,14,llama3.1:8b,conservative,4.0,ingroup
agreement,14,llama3.1:8b,conservative,0.0,ingroup
agreement,14,llama3.1:8b,conservative,1.0,ingroup
agreement,14,llama3.1:8b,conservative,0.0,ingroup
agreement,14,llama3.1:8b,conservative,0.0,ingroup
agreement,14,llama3.1:8b,conservative,0.0,ingroup
agreement,14,llama3.1:8b,conservative,0.0,ingroup
agreement,14,llama3.1:8b,conservative,4.0,ingroup
agreement,14,llama3.1:8b,conservative,0.0,ingroup
agreement,14,llama3.1:8b,conservative,5.0,ingroup
agreement,14,llama3.1:8b,conservative,1.0,ingroup
agreement,14,llama3.1:8b,conservative,0.0,ingroup
agreement,14,llama3.1:8b,conservative,0.0,ingroup
agreement,14,llama3.1:8b,conservative,1.0,ingroup
agreement,14,llama3.1:8b,conservative,0.0,ingroup
agreement,14,llama3.1:8b,conservative,5.0,ingroup
agreement,14,llama3.1:8b,conservative,5.0,ingroup
agreement,14,llama3.1:8b,conservative,4.0,ingroup
agreement,14,llama3.1:8b,conservative,0.0,ingroup
agreement,14,llama3.1:8b,conservative,0.0,ingroup
agreement,14,llama3.1:8b,conservative,4.0,ingroup
agreement,14,llama3.1:8b,conservative,2.0,ingroup
agreement,14,llama3.1:8b,conservative,4.0,ingroup
agreement,14,llama3.1:8b,conservative,2.0,ingroup
agreement,14,llama3.1:8b,conservative,0.0,ingroup
agreement,14,llama3.1:8b,conservative,1.0,ingroup
agreement,14,llama3.1:8b,conservative,1.0,ingroup
agreement,14,llama3.1:8b,conservative,5.0,ingroup
agreement,14,llama3.1:8b,conservative,0.0,ingroup
agreement,14,llama3.1:8b,conservative,4.0,ingroup
agreement,14,llama3.1:8b,conservative,1.0,ingroup
agreement,14,llama3.1:8b,conservative,1.0,ingroup
agreement,14,llama3.1:8b,conservative,0.0,ingroup
agreement,14,llama3.1:8b,conservative,1.0,ingroup
agreement,14,llama3.1:8b,conservative,1.0,ingroup
agreement,14,llama3.1:8b,conservative,0.0,ingroup
agreement,14,llama3.1:8b,conservative,1.0,ingroup
agreement,14,llama3.1:8b,conservative,0.0,ingroup
agreement,14,llama3.1:8b,conservative,0.0,ingroup
agreement,14,llama3.1:8b,conservative,0.0,ingroup
agreement,14,llama3.1:8b,conservative,0.0,ingroup
agreement,14,llama3.1:8b,conservative,0.0,ingroup
agreement,14,llama3.1:8b,conservative,4.0,ingroup
agreement,14,llama3.1:8b,conservative,4.0,ingroup
agreement,14,llama3.1:8b,conservative,5.0,ingroup
agreement,14,llama3.1:8b,conservative,0.0,ingroup
agreement,14,llama3.1:8b,conservative,0.0,ingroup
agreement,14,llama3.1:8b,conservative,2.0,ingroup
agreement,14,llama3.1:8b,conservative,2.0,ingroup
agreement,14,llama3.1:8b,conservative,0.0,ingroup
agreement,14,llama3.1:8b,moderate,2.0,ingroup
agreement,14,llama3.1:8b,moderate,2.0,ingroup
agreement,14,llama3.1:8b,moderate,2.0,ingroup
agreement,14,llama3.1:8b,moderate,0.0,ingroup
agreement,14,llama3.1:8b,moderate,1.0,ingroup
agreement,14,llama3.1:8b,moderate,3.0,ingroup
agreement,14,llama3.1:8b,moderate,4.0,ingroup
agreement,14,llama3.1:8b,moderate,1.0,ingroup
agreement,14,llama3.1:8b,moderate,4.0,ingroup
agreement,14,llama3.1:8b,moderate,2.0,ingroup
agreement,14,llama3.1:8b,moderate,1.0,ingroup
agreement,14,llama3.1:8b,moderate,0.0,ingroup
agreement,14,llama3.1:8b,moderate,2.0,ingroup
agreement,14,llama3.1:8b,moderate,1.0,ingroup
agreement,14,llama3.1:8b,moderate,4.0,ingroup
agreement,14,llama3.1:8b,moderate,4.0,ingroup
agreement,14,llama3.1:8b,moderate,4.0,ingroup
agreement,14,llama3.1:8b,moderate,2.0,ingroup
agreement,14,llama3.1:8b,moderate,1.0,ingroup
agreement,14,llama3.1:8b,moderate,4.0,ingroup
agreement,14,llama3.1:8b,moderate,1.0,ingroup
agreement,14,llama3.1:8b,moderate,0.0,ingroup
agreement,14,llama3.1:8b,moderate,1.0,ingroup
agreement,14,llama3.1:8b,moderate,2.0,ingroup
agreement,14,llama3.1:8b,moderate,0.0,ingroup
agreement,14,llama3.1:8b,moderate,2.0,ingroup
agreement,14,llama3.1:8b,moderate,4.0,ingroup
agreement,14,llama3.1:8b,moderate,4.0,ingroup
agreement,14,llama3.1:8b,moderate,2.0,ingroup
agreement,14,llama3.1:8b,moderate,0.0,ingroup
agreement,14,llama3.1:8b,moderate,1.0,ingroup
agreement,14,llama3.1:8b,moderate,2.0,ingroup
agreement,14,llama3.1:8b,moderate,4.0,ingroup
agreement,14,llama3.1:8b,moderate,1.0,ingroup
agreement,14,llama3.1:8b,moderate,1.0,ingroup
agreement,14,llama3.1:8b,moderate,2.0,ingroup
agreement,14,llama3.1:8b,moderate,1.0,ingroup
agreement,14,llama3.1:8b,moderate,2.0,ingroup
agreement,14,llama3.1:8b,moderate,2.0,ingroup
agreement,14,llama3.1:8b,moderate,3.0,ingroup
agreement,14,llama3.1:8b,moderate,2.0,ingroup
agreement,14,llama3.1:8b,moderate,2.0,ingroup
agreement,14,llama3.1:8b,moderate,4.0,ingroup
agreement,14,llama3.1:8b,moderate,4.0,ingroup
agreement,14,llama3.1:8b,moderate,4.0,ingroup
agreement,14,llama3.1:8b,moderate,2.0,ingroup
agreement,14,llama3.1:8b,moderate,4.0,ingroup
agreement,14,llama3.1:8b,moderate,2.0,ingroup
agreement,14,llama3.1:8b,moderate,2.0,ingroup
agreement,14,llama3.1:8b,moderate,4.0,ingroup
agreement,14,llama3.1:8b,liberal,0.0,ingroup
agreement,14,llama3.1:8b,liberal,2.0,ingroup
agreement,14,llama3.1:8b,liberal,2.0,ingroup
agreement,14,llama3.1:8b,liberal,1.0,ingroup
agreement,14,llama3.1:8b,liberal,0.0,ingroup
agreement,14,llama3.1:8b,liberal,0.0,ingroup
agreement,14,llama3.1:8b,liberal,0.0,ingroup
agreement,14,llama3.1:8b,liberal,1.0,ingroup
agreement,14,llama3.1:8b,liberal,0.0,ingroup
agreement,14,llama3.1:8b,liberal,0.0,ingroup
agreement,14,llama3.1:8b,liberal,0.0,ingroup
agreement,14,llama3.1:8b,liberal,0.0,ingroup
agreement,14,llama3.1:8b,liberal,0.0,ingroup
agreement,14,llama3.1:8b,liberal,0.0,ingroup
agreement,14,llama3.1:8b,liberal,0.0,ingroup
agreement,14,llama3.1:8b,liberal,1.0,ingroup
agreement,14,llama3.1:8b,liberal,0.0,ingroup
agreement,14,llama3.1:8b,liberal,0.0,ingroup
agreement,14,llama3.1:8b,liberal,0.0,ingroup
agreement,14,llama3.1:8b,liberal,0.0,ingroup
agreement,14,llama3.1:8b,liberal,4.0,ingroup
agreement,14,llama3.1:8b,liberal,1.0,ingroup
agreement,14,llama3.1:8b,liberal,1.0,ingroup
agreement,14,llama3.1:8b,liberal,0.0,ingroup
agreement,14,llama3.1:8b,liberal,0.0,ingroup
agreement,14,llama3.1:8b,liberal,4.0,ingroup
agreement,14,llama3.1:8b,liberal,0.0,ingroup
agreement,14,llama3.1:8b,liberal,0.0,ingroup
agreement,14,llama3.1:8b,liberal,0.0,ingroup
agreement,14,llama3.1:8b,liberal,1.0,ingroup
agreement,14,llama3.1:8b,liberal,1.0,ingroup
agreement,14,llama3.1:8b,liberal,0.0,ingroup
agreement,14,llama3.1:8b,liberal,0.0,ingroup
agreement,14,llama3.1:8b,liberal,1.0,ingroup
agreement,14,llama3.1:8b,liberal,4.0,ingroup
agreement,14,llama3.1:8b,liberal,0.0,ingroup
agreement,14,llama3.1:8b,liberal,0.0,ingroup
agreement,14,llama3.1:8b,liberal,0.0,ingroup
agreement,14,llama3.1:8b,liberal,1.0,ingroup
agreement,14,llama3.1:8b,liberal,1.0,ingroup
agreement,14,llama3.1:8b,liberal,0.0,ingroup
agreement,14,llama3.1:8b,liberal,2.0,ingroup
agreement,14,llama3.1:8b,liberal,0.0,ingroup
agreement,14,llama3.1:8b,liberal,1.0,ingroup
agreement,14,llama3.1:8b,liberal,2.0,ingroup
agreement,14,llama3.1:8b,liberal,1.0,ingroup
agreement,14,llama3.1:8b,liberal,2.0,ingroup
agreement,14,llama3.1:8b,liberal,0.0,ingroup
agreement,14,llama3.1:8b,liberal,0.0,ingroup
agreement,14,llama3.1:8b,liberal,0.0,ingroup
agreement,14,llama2:70b,conservative,4.0,ingroup
agreement,14,llama2:70b,conservative,4.0,ingroup
agreement,14,llama2:70b,conservative,4.0,ingroup
agreement,14,llama2:70b,conservative,4.0,ingroup
agreement,14,llama2:70b,conservative,4.0,ingroup
agreement,14,llama2:70b,conservative,4.0,ingroup
agreement,14,llama2:70b,conservative,4.0,ingroup
agreement,14,llama2:70b,conservative,4.0,ingroup
agreement,14,llama2:70b,conservative,1.0,ingroup
agreement,14,llama2:70b,conservative,4.0,ingroup
agreement,14,llama2:70b,conservative,4.0,ingroup
agreement,14,llama2:70b,conservative,4.0,ingroup
agreement,14,llama2:70b,conservative,4.0,ingroup
agreement,14,llama2:70b,conservative,4.0,ingroup
agreement,14,llama2:70b,conservative,4.0,ingroup
agreement,14,llama2:70b,conservative,4.0,ingroup
agreement,14,llama2:70b,conservative,4.0,ingroup
agreement,14,llama2:70b,conservative,4.0,ingroup
agreement,14,llama2:70b,conservative,4.0,ingroup
agreement,14,llama2:70b,conservative,4.0,ingroup
agreement,14,llama2:70b,conservative,4.0,ingroup
agreement,14,llama2:70b,conservative,4.0,ingroup
agreement,14,llama2:70b,conservative,4.0,ingroup
agreement,14,llama2:70b,conservative,4.0,ingroup
agreement,14,llama2:70b,conservative,4.0,ingroup
agreement,14,llama2:70b,conservative,1.0,ingroup
agreement,14,llama2:70b,conservative,4.0,ingroup
agreement,14,llama2:70b,conservative,4.0,ingroup
agreement,14,llama2:70b,conservative,4.0,ingroup
agreement,14,llama2:70b,conservative,1.0,ingroup
agreement,14,llama2:70b,conservative,1.0,ingroup
agreement,14,llama2:70b,conservative,4.0,ingroup
agreement,14,llama2:70b,conservative,1.0,ingroup
agreement,14,llama2:70b,conservative,4.0,ingroup
agreement,14,llama2:70b,conservative,4.0,ingroup
agreement,14,llama2:70b,conservative,4.0,ingroup
agreement,14,llama2:70b,conservative,1.0,ingroup
agreement,14,llama2:70b,conservative,4.0,ingroup
agreement,14,llama2:70b,conservative,4.0,ingroup
agreement,14,llama2:70b,conservative,4.0,ingroup
agreement,14,llama2:70b,conservative,4.0,ingroup
agreement,14,llama2:70b,conservative,4.0,ingroup
agreement,14,llama2:70b,conservative,4.0,ingroup
agreement,14,llama2:70b,conservative,4.0,ingroup
agreement,14,llama2:70b,conservative,4.0,ingroup
agreement,14,llama2:70b,conservative,4.0,ingroup
agreement,14,llama2:70b,conservative,4.0,ingroup
agreement,14,llama2:70b,conservative,4.0,ingroup
agreement,14,llama2:70b,conservative,4.0,ingroup
agreement,14,llama2:70b,moderate,2.0,ingroup
agreement,14,llama2:70b,moderate,4.0,ingroup
agreement,14,llama2:70b,moderate,3.0,ingroup
agreement,14,llama2:70b,moderate,3.0,ingroup
agreement,14,llama2:70b,moderate,2.0,ingroup
agreement,14,llama2:70b,moderate,3.0,ingroup
agreement,14,llama2:70b,moderate,4.0,ingroup
agreement,14,llama2:70b,moderate,3.0,ingroup
agreement,14,llama2:70b,moderate,3.0,ingroup
agreement,14,llama2:70b,moderate,4.0,ingroup
agreement,14,llama2:70b,moderate,2.0,ingroup
agreement,14,llama2:70b,moderate,3.0,ingroup
agreement,14,llama2:70b,moderate,4.0,ingroup
agreement,14,llama2:70b,moderate,2.0,ingroup
agreement,14,llama2:70b,moderate,3.0,ingroup
agreement,14,llama2:70b,moderate,4.0,ingroup
agreement,14,llama2:70b,moderate,3.0,ingroup
agreement,14,llama2:70b,moderate,2.0,ingroup
agreement,14,llama2:70b,moderate,2.0,ingroup
agreement,14,llama2:70b,moderate,2.0,ingroup
agreement,14,llama2:70b,moderate,3.0,ingroup
agreement,14,llama2:70b,moderate,3.0,ingroup
agreement,14,llama2:70b,moderate,3.0,ingroup
agreement,14,llama2:70b,moderate,4.0,ingroup
agreement,14,llama2:70b,moderate,4.0,ingroup
agreement,14,llama2:70b,moderate,3.0,ingroup
agreement,14,llama2:70b,moderate,3.0,ingroup
agreement,14,llama2:70b,moderate,2.0,ingroup
agreement,14,llama2:70b,moderate,3.0,ingroup
agreement,14,llama2:70b,moderate,4.0,ingroup
agreement,14,llama2:70b,moderate,2.0,ingroup
agreement,14,llama2:70b,moderate,3.0,ingroup
agreement,14,llama2:70b,moderate,2.0,ingroup
agreement,14,llama2:70b,moderate,3.0,ingroup
agreement,14,llama2:70b,moderate,2.0,ingroup
agreement,14,llama2:70b,moderate,3.0,ingroup
agreement,14,llama2:70b,moderate,3.0,ingroup
agreement,14,llama2:70b,moderate,2.0,ingroup
agreement,14,llama2:70b,moderate,3.0,ingroup
agreement,14,llama2:70b,moderate,2.0,ingroup
agreement,14,llama2:70b,moderate,2.0,ingroup
agreement,14,llama2:70b,moderate,4.0,ingroup
agreement,14,llama2:70b,moderate,2.0,ingroup
agreement,14,llama2:70b,moderate,2.0,ingroup
agreement,14,llama2:70b,moderate,3.0,ingroup
agreement,14,llama2:70b,moderate,3.0,ingroup
agreement,14,llama2:70b,moderate,2.0,ingroup
agreement,14,llama2:70b,moderate,2.0,ingroup
agreement,14,llama2:70b,moderate,2.0,ingroup
agreement,14,llama2:70b,moderate,2.0,ingroup
agreement,14,llama2:70b,liberal,1.0,ingroup
agreement,14,llama2:70b,liberal,2.0,ingroup
agreement,14,llama2:70b,liberal,3.0,ingroup
agreement,14,llama2:70b,liberal,2.0,ingroup
agreement,14,llama2:70b,liberal,1.0,ingroup
agreement,14,llama2:70b,liberal,4.0,ingroup
agreement,14,llama2:70b,liberal,1.0,ingroup
agreement,14,llama2:70b,liberal,2.0,ingroup
agreement,14,llama2:70b,liberal,3.0,ingroup
agreement,14,llama2:70b,liberal,2.0,ingroup
agreement,14,llama2:70b,liberal,3.0,ingroup
agreement,14,llama2:70b,liberal,3.0,ingroup
agreement,14,llama2:70b,liberal,2.0,ingroup
agreement,14,llama2:70b,liberal,3.0,ingroup
agreement,14,llama2:70b,liberal,3.0,ingroup
agreement,14,llama2:70b,liberal,1.0,ingroup
agreement,14,llama2:70b,liberal,3.0,ingroup
agreement,14,llama2:70b,liberal,3.0,ingroup
agreement,14,llama2:70b,liberal,1.0,ingroup
agreement,14,llama2:70b,liberal,2.0,ingroup
agreement,14,llama2:70b,liberal,2.0,ingroup
agreement,14,llama2:70b,liberal,3.0,ingroup
agreement,14,llama2:70b,liberal,2.0,ingroup
agreement,14,llama2:70b,liberal,1.0,ingroup
agreement,14,llama2:70b,liberal,3.0,ingroup
agreement,14,llama2:70b,liberal,3.0,ingroup
agreement,14,llama2:70b,liberal,3.0,ingroup
agreement,14,llama2:70b,liberal,3.0,ingroup
agreement,14,llama2:70b,liberal,3.0,ingroup
agreement,14,llama2:70b,liberal,1.0,ingroup
agreement,14,llama2:70b,liberal,3.0,ingroup
agreement,14,llama2:70b,liberal,3.0,ingroup
agreement,14,llama2:70b,liberal,2.0,ingroup
agreement,14,llama2:70b,liberal,3.0,ingroup
agreement,14,llama2:70b,liberal,2.0,ingroup
agreement,14,llama2:70b,liberal,3.0,ingroup
agreement,14,llama2:70b,liberal,3.0,ingroup
agreement,14,llama2:70b,liberal,3.0,ingroup
agreement,14,llama2:70b,liberal,3.0,ingroup
agreement,14,llama2:70b,liberal,3.0,ingroup
agreement,14,llama2:70b,liberal,1.0,ingroup
agreement,14,llama2:70b,liberal,2.0,ingroup
agreement,14,llama2:70b,liberal,1.0,ingroup
agreement,14,llama2:70b,liberal,3.0,ingroup
agreement,14,llama2:70b,liberal,3.0,ingroup
agreement,14,llama2:70b,liberal,1.0,ingroup
agreement,14,llama2:70b,liberal,3.0,ingroup
agreement,14,llama2:70b,liberal,2.0,ingroup
agreement,14,llama2:70b,liberal,1.0,ingroup
agreement,14,llama2:70b,liberal,2.0,ingroup
agreement,14,llama3:70b,conservative,5.0,ingroup
agreement,14,llama3:70b,conservative,5.0,ingroup
agreement,14,llama3:70b,conservative,5.0,ingroup
agreement,14,llama3:70b,conservative,5.0,ingroup
agreement,14,llama3:70b,conservative,5.0,ingroup
agreement,14,llama3:70b,conservative,5.0,ingroup
agreement,14,llama3:70b,conservative,5.0,ingroup
agreement,14,llama3:70b,conservative,5.0,ingroup
agreement,14,llama3:70b,conservative,5.0,ingroup
agreement,14,llama3:70b,conservative,5.0,ingroup
agreement,14,llama3:70b,conservative,5.0,ingroup
agreement,14,llama3:70b,conservative,5.0,ingroup
agreement,14,llama3:70b,conservative,5.0,ingroup
agreement,14,llama3:70b,conservative,5.0,ingroup
agreement,14,llama3:70b,conservative,5.0,ingroup
agreement,14,llama3:70b,conservative,5.0,ingroup
agreement,14,llama3:70b,conservative,5.0,ingroup
agreement,14,llama3:70b,conservative,5.0,ingroup
agreement,14,llama3:70b,conservative,5.0,ingroup
agreement,14,llama3:70b,conservative,5.0,ingroup
agreement,14,llama3:70b,conservative,5.0,ingroup
agreement,14,llama3:70b,conservative,5.0,ingroup
agreement,14,llama3:70b,conservative,5.0,ingroup
agreement,14,llama3:70b,conservative,5.0,ingroup
agreement,14,llama3:70b,conservative,5.0,ingroup
agreement,14,llama3:70b,conservative,5.0,ingroup
agreement,14,llama3:70b,conservative,5.0,ingroup
agreement,14,llama3:70b,conservative,5.0,ingroup
agreement,14,llama3:70b,conservative,5.0,ingroup
agreement,14,llama3:70b,conservative,5.0,ingroup
agreement,14,llama3:70b,conservative,5.0,ingroup
agreement,14,llama3:70b,conservative,5.0,ingroup
agreement,14,llama3:70b,conservative,5.0,ingroup
agreement,14,llama3:70b,conservative,5.0,ingroup
agreement,14,llama3:70b,conservative,5.0,ingroup
agreement,14,llama3:70b,conservative,5.0,ingroup
agreement,14,llama3:70b,conservative,5.0,ingroup
agreement,14,llama3:70b,conservative,5.0,ingroup
agreement,14,llama3:70b,conservative,5.0,ingroup
agreement,14,llama3:70b,conservative,5.0,ingroup
agreement,14,llama3:70b,conservative,5.0,ingroup
agreement,14,llama3:70b,conservative,5.0,ingroup
agreement,14,llama3:70b,conservative,5.0,ingroup
agreement,14,llama3:70b,conservative,5.0,ingroup
agreement,14,llama3:70b,conservative,5.0,ingroup
agreement,14,llama3:70b,conservative,5.0,ingroup
agreement,14,llama3:70b,conservative,5.0,ingroup
agreement,14,llama3:70b,conservative,5.0,ingroup
agreement,14,llama3:70b,conservative,5.0,ingroup
agreement,14,llama3:70b,conservative,5.0,ingroup
agreement,14,llama3:70b,moderate,3.0,ingroup
agreement,14,llama3:70b,moderate,3.0,ingroup
agreement,14,llama3:70b,moderate,3.0,ingroup
agreement,14,llama3:70b,moderate,3.0,ingroup
agreement,14,llama3:70b,moderate,3.0,ingroup
agreement,14,llama3:70b,moderate,3.0,ingroup
agreement,14,llama3:70b,moderate,3.0,ingroup
agreement,14,llama3:70b,moderate,3.0,ingroup
agreement,14,llama3:70b,moderate,3.0,ingroup
agreement,14,llama3:70b,moderate,3.0,ingroup
agreement,14,llama3:70b,moderate,3.0,ingroup
agreement,14,llama3:70b,moderate,3.0,ingroup
agreement,14,llama3:70b,moderate,3.0,ingroup
agreement,14,llama3:70b,moderate,3.0,ingroup
agreement,14,llama3:70b,moderate,3.0,ingroup
agreement,14,llama3:70b,moderate,3.0,ingroup
agreement,14,llama3:70b,moderate,3.0,ingroup
agreement,14,llama3:70b,moderate,3.0,ingroup
agreement,14,llama3:70b,moderate,3.0,ingroup
agreement,14,llama3:70b,moderate,3.0,ingroup
agreement,14,llama3:70b,moderate,3.0,ingroup
agreement,14,llama3:70b,moderate,3.0,ingroup
agreement,14,llama3:70b,moderate,3.0,ingroup
agreement,14,llama3:70b,moderate,3.0,ingroup
agreement,14,llama3:70b,moderate,3.0,ingroup
agreement,14,llama3:70b,moderate,3.0,ingroup
agreement,14,llama3:70b,moderate,3.0,ingroup
agreement,14,llama3:70b,moderate,3.0,ingroup
agreement,14,llama3:70b,moderate,3.0,ingroup
agreement,14,llama3:70b,moderate,3.0,ingroup
agreement,14,llama3:70b,moderate,3.0,ingroup
agreement,14,llama3:70b,moderate,3.0,ingroup
agreement,14,llama3:70b,moderate,3.0,ingroup
agreement,14,llama3:70b,moderate,3.0,ingroup
agreement,14,llama3:70b,moderate,3.0,ingroup
agreement,14,llama3:70b,moderate,3.0,ingroup
agreement,14,llama3:70b,moderate,3.0,ingroup
agreement,14,llama3:70b,moderate,3.0,ingroup
agreement,14,llama3:70b,moderate,3.0,ingroup
agreement,14,llama3:70b,moderate,3.0,ingroup
agreement,14,llama3:70b,moderate,3.0,ingroup
agreement,14,llama3:70b,moderate,3.0,ingroup
agreement,14,llama3:70b,moderate,3.0,ingroup
agreement,14,llama3:70b,moderate,3.0,ingroup
agreement,14,llama3:70b,moderate,3.0,ingroup
agreement,14,llama3:70b,moderate,3.0,ingroup
agreement,14,llama3:70b,moderate,3.0,ingroup
agreement,14,llama3:70b,moderate,3.0,ingroup
agreement,14,llama3:70b,moderate,3.0,ingroup
agreement,14,llama3:70b,moderate,3.0,ingroup
agreement,14,llama3:70b,liberal,2.0,ingroup
agreement,14,llama3:70b,liberal,2.0,ingroup
agreement,14,llama3:70b,liberal,2.0,ingroup
agreement,14,llama3:70b,liberal,2.0,ingroup
agreement,14,llama3:70b,liberal,2.0,ingroup
agreement,14,llama3:70b,liberal,2.0,ingroup
agreement,14,llama3:70b,liberal,2.0,ingroup
agreement,14,llama3:70b,liberal,2.0,ingroup
agreement,14,llama3:70b,liberal,2.0,ingroup
agreement,14,llama3:70b,liberal,2.0,ingroup
agreement,14,llama3:70b,liberal,2.0,ingroup
agreement,14,llama3:70b,liberal,2.0,ingroup
agreement,14,llama3:70b,liberal,2.0,ingroup
agreement,14,llama3:70b,liberal,2.0,ingroup
agreement,14,llama3:70b,liberal,2.0,ingroup
agreement,14,llama3:70b,liberal,2.0,ingroup
agreement,14,llama3:70b,liberal,2.0,ingroup
agreement,14,llama3:70b,liberal,2.0,ingroup
agreement,14,llama3:70b,liberal,2.0,ingroup
agreement,14,llama3:70b,liberal,2.0,ingroup
agreement,14,llama3:70b,liberal,2.0,ingroup
agreement,14,llama3:70b,liberal,1.0,ingroup
agreement,14,llama3:70b,liberal,2.0,ingroup
agreement,14,llama3:70b,liberal,2.0,ingroup
agreement,14,llama3:70b,liberal,1.0,ingroup
agreement,14,llama3:70b,liberal,2.0,ingroup
agreement,14,llama3:70b,liberal,2.0,ingroup
agreement,14,llama3:70b,liberal,2.0,ingroup
agreement,14,llama3:70b,liberal,2.0,ingroup
agreement,14,llama3:70b,liberal,2.0,ingroup
agreement,14,llama3:70b,liberal,2.0,ingroup
agreement,14,llama3:70b,liberal,2.0,ingroup
agreement,14,llama3:70b,liberal,1.0,ingroup
agreement,14,llama3:70b,liberal,2.0,ingroup
agreement,14,llama3:70b,liberal,2.0,ingroup
agreement,14,llama3:70b,liberal,2.0,ingroup
agreement,14,llama3:70b,liberal,2.0,ingroup
agreement,14,llama3:70b,liberal,2.0,ingroup
agreement,14,llama3:70b,liberal,2.0,ingroup
agreement,14,llama3:70b,liberal,1.0,ingroup
agreement,14,llama3:70b,liberal,2.0,ingroup
agreement,14,llama3:70b,liberal,2.0,ingroup
agreement,14,llama3:70b,liberal,2.0,ingroup
agreement,14,llama3:70b,liberal,2.0,ingroup
agreement,14,llama3:70b,liberal,2.0,ingroup
agreement,14,llama3:70b,liberal,2.0,ingroup
agreement,14,llama3:70b,liberal,2.0,ingroup
agreement,14,llama3:70b,liberal,2.0,ingroup
agreement,14,llama3:70b,liberal,2.0,ingroup
agreement,14,llama3:70b,liberal,2.0,ingroup
agreement,14,llama3.1:70b,conservative,5.0,ingroup
agreement,14,llama3.1:70b,conservative,4.0,ingroup
agreement,14,llama3.1:70b,conservative,3.0,ingroup
agreement,14,llama3.1:70b,conservative,5.0,ingroup
agreement,14,llama3.1:70b,conservative,0.0,ingroup
agreement,14,llama3.1:70b,conservative,2.0,ingroup
agreement,14,llama3.1:70b,conservative,5.0,ingroup
agreement,14,llama3.1:70b,conservative,3.0,ingroup
agreement,14,llama3.1:70b,conservative,0.0,ingroup
agreement,14,llama3.1:70b,conservative,2.0,ingroup
agreement,14,llama3.1:70b,conservative,3.0,ingroup
agreement,14,llama3.1:70b,conservative,3.0,ingroup
agreement,14,llama3.1:70b,conservative,2.0,ingroup
agreement,14,llama3.1:70b,conservative,0.0,ingroup
agreement,14,llama3.1:70b,conservative,3.0,ingroup
agreement,14,llama3.1:70b,conservative,4.0,ingroup
agreement,14,llama3.1:70b,conservative,3.0,ingroup
agreement,14,llama3.1:70b,conservative,3.0,ingroup
agreement,14,llama3.1:70b,conservative,3.0,ingroup
agreement,14,llama3.1:70b,conservative,5.0,ingroup
agreement,14,llama3.1:70b,conservative,5.0,ingroup
agreement,14,llama3.1:70b,conservative,5.0,ingroup
agreement,14,llama3.1:70b,conservative,2.0,ingroup
agreement,14,llama3.1:70b,conservative,0.0,ingroup
agreement,14,llama3.1:70b,conservative,5.0,ingroup
agreement,14,llama3.1:70b,conservative,3.0,ingroup
agreement,14,llama3.1:70b,conservative,5.0,ingroup
agreement,14,llama3.1:70b,conservative,3.0,ingroup
agreement,14,llama3.1:70b,conservative,2.0,ingroup
agreement,14,llama3.1:70b,conservative,0.0,ingroup
agreement,14,llama3.1:70b,conservative,4.0,ingroup
agreement,14,llama3.1:70b,conservative,2.0,ingroup
agreement,14,llama3.1:70b,conservative,0.0,ingroup
agreement,14,llama3.1:70b,conservative,5.0,ingroup
agreement,14,llama3.1:70b,conservative,5.0,ingroup
agreement,14,llama3.1:70b,conservative,5.0,ingroup
agreement,14,llama3.1:70b,conservative,4.0,ingroup
agreement,14,llama3.1:70b,conservative,0.0,ingroup
agreement,14,llama3.1:70b,conservative,0.0,ingroup
agreement,14,llama3.1:70b,conservative,3.0,ingroup
agreement,14,llama3.1:70b,conservative,2.0,ingroup
agreement,14,llama3.1:70b,conservative,3.0,ingroup
agreement,14,llama3.1:70b,conservative,5.0,ingroup
agreement,14,llama3.1:70b,conservative,3.0,ingroup
agreement,14,llama3.1:70b,conservative,2.0,ingroup
agreement,14,llama3.1:70b,conservative,4.0,ingroup
agreement,14,llama3.1:70b,conservative,3.0,ingroup
agreement,14,llama3.1:70b,conservative,0.0,ingroup
agreement,14,llama3.1:70b,conservative,5.0,ingroup
agreement,14,llama3.1:70b,conservative,5.0,ingroup
agreement,14,llama3.1:70b,moderate,2.0,ingroup
agreement,14,llama3.1:70b,moderate,2.0,ingroup
agreement,14,llama3.1:70b,moderate,2.0,ingroup
agreement,14,llama3.1:70b,moderate,2.0,ingroup
agreement,14,llama3.1:70b,moderate,3.0,ingroup
agreement,14,llama3.1:70b,moderate,3.0,ingroup
agreement,14,llama3.1:70b,moderate,2.0,ingroup
agreement,14,llama3.1:70b,moderate,3.0,ingroup
agreement,14,llama3.1:70b,moderate,2.0,ingroup
agreement,14,llama3.1:70b,moderate,2.0,ingroup
agreement,14,llama3.1:70b,moderate,2.0,ingroup
agreement,14,llama3.1:70b,moderate,2.0,ingroup
agreement,14,llama3.1:70b,moderate,2.0,ingroup
agreement,14,llama3.1:70b,moderate,2.0,ingroup
agreement,14,llama3.1:70b,moderate,2.0,ingroup
agreement,14,llama3.1:70b,moderate,3.0,ingroup
agreement,14,llama3.1:70b,moderate,2.0,ingroup
agreement,14,llama3.1:70b,moderate,2.0,ingroup
agreement,14,llama3.1:70b,moderate,2.0,ingroup
agreement,14,llama3.1:70b,moderate,2.0,ingroup
agreement,14,llama3.1:70b,moderate,3.0,ingroup
agreement,14,llama3.1:70b,moderate,3.0,ingroup
agreement,14,llama3.1:70b,moderate,3.0,ingroup
agreement,14,llama3.1:70b,moderate,3.0,ingroup
agreement,14,llama3.1:70b,moderate,2.0,ingroup
agreement,14,llama3.1:70b,moderate,3.0,ingroup
agreement,14,llama3.1:70b,moderate,3.0,ingroup
agreement,14,llama3.1:70b,moderate,2.0,ingroup
agreement,14,llama3.1:70b,moderate,2.0,ingroup
agreement,14,llama3.1:70b,moderate,2.0,ingroup
agreement,14,llama3.1:70b,moderate,2.0,ingroup
agreement,14,llama3.1:70b,moderate,2.0,ingroup
agreement,14,llama3.1:70b,moderate,2.0,ingroup
agreement,14,llama3.1:70b,moderate,3.0,ingroup
agreement,14,llama3.1:70b,moderate,2.0,ingroup
agreement,14,llama3.1:70b,moderate,2.0,ingroup
agreement,14,llama3.1:70b,moderate,2.0,ingroup
agreement,14,llama3.1:70b,moderate,2.0,ingroup
agreement,14,llama3.1:70b,moderate,2.0,ingroup
agreement,14,llama3.1:70b,moderate,2.0,ingroup
agreement,14,llama3.1:70b,moderate,3.0,ingroup
agreement,14,llama3.1:70b,moderate,2.0,ingroup
agreement,14,llama3.1:70b,moderate,2.0,ingroup
agreement,14,llama3.1:70b,moderate,3.0,ingroup
agreement,14,llama3.1:70b,moderate,3.0,ingroup
agreement,14,llama3.1:70b,moderate,2.0,ingroup
agreement,14,llama3.1:70b,moderate,2.0,ingroup
agreement,14,llama3.1:70b,moderate,2.0,ingroup
agreement,14,llama3.1:70b,moderate,2.0,ingroup
agreement,14,llama3.1:70b,moderate,2.0,ingroup
agreement,14,llama3.1:70b,liberal,1.0,ingroup
agreement,14,llama3.1:70b,liberal,0.0,ingroup
agreement,14,llama3.1:70b,liberal,0.0,ingroup
agreement,14,llama3.1:70b,liberal,0.0,ingroup
agreement,14,llama3.1:70b,liberal,0.0,ingroup
agreement,14,llama3.1:70b,liberal,2.0,ingroup
agreement,14,llama3.1:70b,liberal,0.0,ingroup
agreement,14,llama3.1:70b,liberal,2.0,ingroup
agreement,14,llama3.1:70b,liberal,0.0,ingroup
agreement,14,llama3.1:70b,liberal,1.0,ingroup
agreement,14,llama3.1:70b,liberal,2.0,ingroup
agreement,14,llama3.1:70b,liberal,0.0,ingroup
agreement,14,llama3.1:70b,liberal,0.0,ingroup
agreement,14,llama3.1:70b,liberal,2.0,ingroup
agreement,14,llama3.1:70b,liberal,1.0,ingroup
agreement,14,llama3.1:70b,liberal,0.0,ingroup
agreement,14,llama3.1:70b,liberal,2.0,ingroup
agreement,14,llama3.1:70b,liberal,0.0,ingroup
agreement,14,llama3.1:70b,liberal,0.0,ingroup
agreement,14,llama3.1:70b,liberal,2.0,ingroup
agreement,14,llama3.1:70b,liberal,0.0,ingroup
agreement,14,llama3.1:70b,liberal,1.0,ingroup
agreement,14,llama3.1:70b,liberal,0.0,ingroup
agreement,14,llama3.1:70b,liberal,0.0,ingroup
agreement,14,llama3.1:70b,liberal,2.0,ingroup
agreement,14,llama3.1:70b,liberal,0.0,ingroup
agreement,14,llama3.1:70b,liberal,0.0,ingroup
agreement,14,llama3.1:70b,liberal,0.0,ingroup
agreement,14,llama3.1:70b,liberal,1.0,ingroup
agreement,14,llama3.1:70b,liberal,0.0,ingroup
agreement,14,llama3.1:70b,liberal,1.0,ingroup
agreement,14,llama3.1:70b,liberal,0.0,ingroup
agreement,14,llama3.1:70b,liberal,1.0,ingroup
agreement,14,llama3.1:70b,liberal,2.0,ingroup
agreement,14,llama3.1:70b,liberal,0.0,ingroup
agreement,14,llama3.1:70b,liberal,0.0,ingroup
agreement,14,llama3.1:70b,liberal,1.0,ingroup
agreement,14,llama3.1:70b,liberal,2.0,ingroup
agreement,14,llama3.1:70b,liberal,2.0,ingroup
agreement,14,llama3.1:70b,liberal,0.0,ingroup
agreement,14,llama3.1:70b,liberal,0.0,ingroup
agreement,14,llama3.1:70b,liberal,1.0,ingroup
agreement,14,llama3.1:70b,liberal,0.0,ingroup
agreement,14,llama3.1:70b,liberal,0.0,ingroup
agreement,14,llama3.1:70b,liberal,0.0,ingroup
agreement,14,llama3.1:70b,liberal,0.0,ingroup
agreement,14,llama3.1:70b,liberal,0.0,ingroup
agreement,14,llama3.1:70b,liberal,0.0,ingroup
agreement,14,llama3.1:70b,liberal,0.0,ingroup
agreement,14,llama3.1:70b,liberal,0.0,ingroup
agreement,14,mistral:7b,conservative,2.0,ingroup
agreement,14,mistral:7b,conservative,2.0,ingroup
agreement,14,mistral:7b,conservative,2.0,ingroup
agreement,14,mistral:7b,conservative,2.0,ingroup
agreement,14,mistral:7b,conservative,2.0,ingroup
agreement,14,mistral:7b,conservative,1.0,ingroup
agreement,14,mistral:7b,conservative,3.0,ingroup
agreement,14,mistral:7b,conservative,1.0,ingroup
agreement,14,mistral:7b,conservative,2.0,ingroup
agreement,14,mistral:7b,conservative,2.0,ingroup
agreement,14,mistral:7b,conservative,2.0,ingroup
agreement,14,mistral:7b,conservative,2.0,ingroup
agreement,14,mistral:7b,conservative,2.0,ingroup
agreement,14,mistral:7b,conservative,1.0,ingroup
agreement,14,mistral:7b,conservative,2.0,ingroup
agreement,14,mistral:7b,conservative,1.0,ingroup
agreement,14,mistral:7b,conservative,2.0,ingroup
agreement,14,mistral:7b,conservative,3.0,ingroup
agreement,14,mistral:7b,conservative,2.0,ingroup
agreement,14,mistral:7b,conservative,2.0,ingroup
agreement,14,mistral:7b,conservative,3.0,ingroup
agreement,14,mistral:7b,conservative,3.0,ingroup
agreement,14,mistral:7b,conservative,2.0,ingroup
agreement,14,mistral:7b,conservative,2.0,ingroup
agreement,14,mistral:7b,conservative,2.0,ingroup
agreement,14,mistral:7b,conservative,1.0,ingroup
agreement,14,mistral:7b,conservative,2.0,ingroup
agreement,14,mistral:7b,conservative,2.0,ingroup
agreement,14,mistral:7b,conservative,1.0,ingroup
agreement,14,mistral:7b,conservative,2.0,ingroup
agreement,14,mistral:7b,conservative,2.0,ingroup
agreement,14,mistral:7b,conservative,1.0,ingroup
agreement,14,mistral:7b,conservative,2.0,ingroup
agreement,14,mistral:7b,conservative,2.0,ingroup
agreement,14,mistral:7b,conservative,2.0,ingroup
agreement,14,mistral:7b,conservative,3.0,ingroup
agreement,14,mistral:7b,conservative,1.0,ingroup
agreement,14,mistral:7b,conservative,2.0,ingroup
agreement,14,mistral:7b,conservative,1.0,ingroup
agreement,14,mistral:7b,conservative,2.0,ingroup
agreement,14,mistral:7b,conservative,2.0,ingroup
agreement,14,mistral:7b,conservative,3.0,ingroup
agreement,14,mistral:7b,conservative,2.0,ingroup
agreement,14,mistral:7b,conservative,2.0,ingroup
agreement,14,mistral:7b,conservative,2.0,ingroup
agreement,14,mistral:7b,conservative,2.0,ingroup
agreement,14,mistral:7b,conservative,1.0,ingroup
agreement,14,mistral:7b,conservative,3.0,ingroup
agreement,14,mistral:7b,moderate,3.0,ingroup
agreement,14,mistral:7b,moderate,3.0,ingroup
agreement,14,mistral:7b,moderate,3.0,ingroup
agreement,14,mistral:7b,moderate,3.0,ingroup
agreement,14,mistral:7b,moderate,0.0,ingroup
agreement,14,mistral:7b,moderate,3.0,ingroup
agreement,14,mistral:7b,moderate,3.0,ingroup
agreement,14,mistral:7b,moderate,3.0,ingroup
agreement,14,mistral:7b,moderate,3.0,ingroup
agreement,14,mistral:7b,moderate,3.0,ingroup
agreement,14,mistral:7b,moderate,3.0,ingroup
agreement,14,mistral:7b,moderate,3.0,ingroup
agreement,14,mistral:7b,moderate,3.0,ingroup
agreement,14,mistral:7b,moderate,3.0,ingroup
agreement,14,mistral:7b,moderate,3.0,ingroup
agreement,14,mistral:7b,moderate,3.0,ingroup
agreement,14,mistral:7b,moderate,3.0,ingroup
agreement,14,mistral:7b,moderate,3.0,ingroup
agreement,14,mistral:7b,moderate,1.0,ingroup
agreement,14,mistral:7b,moderate,3.0,ingroup
agreement,14,mistral:7b,moderate,3.0,ingroup
agreement,14,mistral:7b,moderate,3.0,ingroup
agreement,14,mistral:7b,moderate,3.0,ingroup
agreement,14,mistral:7b,moderate,3.0,ingroup
agreement,14,mistral:7b,moderate,3.0,ingroup
agreement,14,mistral:7b,moderate,3.0,ingroup
agreement,14,mistral:7b,moderate,3.0,ingroup
agreement,14,mistral:7b,moderate,3.0,ingroup
agreement,14,mistral:7b,moderate,3.0,ingroup
agreement,14,mistral:7b,moderate,3.0,ingroup
agreement,14,mistral:7b,moderate,3.0,ingroup
agreement,14,mistral:7b,moderate,3.0,ingroup
agreement,14,mistral:7b,moderate,3.0,ingroup
agreement,14,mistral:7b,moderate,3.0,ingroup
agreement,14,mistral:7b,moderate,3.0,ingroup
agreement,14,mistral:7b,moderate,3.0,ingroup
agreement,14,mistral:7b,moderate,3.0,ingroup
agreement,14,mistral:7b,moderate,3.0,ingroup
agreement,14,mistral:7b,moderate,3.0,ingroup
agreement,14,mistral:7b,moderate,3.0,ingroup
agreement,14,mistral:7b,moderate,3.0,ingroup
agreement,14,mistral:7b,moderate,3.0,ingroup
agreement,14,mistral:7b,moderate,3.0,ingroup
agreement,14,mistral:7b,moderate,3.0,ingroup
agreement,14,mistral:7b,moderate,3.0,ingroup
agreement,14,mistral:7b,moderate,3.0,ingroup
agreement,14,mistral:7b,moderate,3.0,ingroup
agreement,14,mistral:7b,moderate,3.0,ingroup
agreement,14,mistral:7b,moderate,3.0,ingroup
agreement,14,mistral:7b,moderate,3.0,ingroup
agreement,14,mistral:7b,liberal,1.0,ingroup
agreement,14,mistral:7b,liberal,2.0,ingroup
agreement,14,mistral:7b,liberal,2.0,ingroup
agreement,14,mistral:7b,liberal,0.0,ingroup
agreement,14,mistral:7b,liberal,2.0,ingroup
agreement,14,mistral:7b,liberal,3.0,ingroup
agreement,14,mistral:7b,liberal,1.0,ingroup
agreement,14,mistral:7b,liberal,3.0,ingroup
agreement,14,mistral:7b,liberal,2.0,ingroup
agreement,14,mistral:7b,liberal,1.0,ingroup
agreement,14,mistral:7b,liberal,2.0,ingroup
agreement,14,mistral:7b,liberal,2.0,ingroup
agreement,14,mistral:7b,liberal,2.0,ingroup
agreement,14,mistral:7b,liberal,2.0,ingroup
agreement,14,mistral:7b,liberal,2.0,ingroup
agreement,14,mistral:7b,liberal,2.0,ingroup
agreement,14,mistral:7b,liberal,2.0,ingroup
agreement,14,mistral:7b,liberal,2.0,ingroup
agreement,14,mistral:7b,liberal,2.0,ingroup
agreement,14,mistral:7b,liberal,2.0,ingroup
agreement,14,mistral:7b,liberal,2.0,ingroup
agreement,14,mistral:7b,liberal,3.0,ingroup
agreement,14,mistral:7b,liberal,1.0,ingroup
agreement,14,mistral:7b,liberal,2.0,ingroup
agreement,14,mistral:7b,liberal,2.0,ingroup
agreement,14,mistral:7b,liberal,2.0,ingroup
agreement,14,mistral:7b,liberal,2.0,ingroup
agreement,14,mistral:7b,liberal,2.0,ingroup
agreement,14,mistral:7b,liberal,0.0,ingroup
agreement,14,mistral:7b,liberal,0.0,ingroup
agreement,14,mistral:7b,liberal,1.0,ingroup
agreement,14,mistral:7b,liberal,2.0,ingroup
agreement,14,mistral:7b,liberal,1.0,ingroup
agreement,14,mistral:7b,liberal,2.0,ingroup
agreement,14,mistral:7b,liberal,2.0,ingroup
agreement,14,mistral:7b,liberal,1.0,ingroup
agreement,14,mistral:7b,liberal,2.0,ingroup
agreement,14,mistral:7b,liberal,2.0,ingroup
agreement,14,mistral:7b,liberal,2.0,ingroup
agreement,14,mistral:7b,liberal,2.0,ingroup
agreement,14,mistral:7b,liberal,2.0,ingroup
agreement,14,mistral:7b,liberal,2.0,ingroup
agreement,14,mistral:7b,liberal,2.0,ingroup
agreement,14,mistral:7b,liberal,3.0,ingroup
agreement,14,mistral:7b,liberal,1.0,ingroup
agreement,14,mistral:7b,liberal,0.0,ingroup
agreement,14,mistral:7b,liberal,2.0,ingroup
agreement,14,mistral:7b,liberal,1.0,ingroup
agreement,14,mistral:7b,liberal,2.0,ingroup
agreement,14,mixtral:8x22b,conservative,4.0,ingroup
agreement,14,mixtral:8x22b,conservative,3.0,ingroup
agreement,14,mixtral:8x22b,conservative,4.0,ingroup
agreement,14,mixtral:8x22b,conservative,4.0,ingroup
agreement,14,mixtral:8x22b,conservative,3.0,ingroup
agreement,14,mixtral:8x22b,conservative,4.0,ingroup
agreement,14,mixtral:8x22b,conservative,4.0,ingroup
agreement,14,mixtral:8x22b,conservative,3.0,ingroup
agreement,14,mixtral:8x22b,conservative,4.0,ingroup
agreement,14,mixtral:8x22b,conservative,4.0,ingroup
agreement,14,mixtral:8x22b,conservative,4.0,ingroup
agreement,14,mixtral:8x22b,conservative,3.0,ingroup
agreement,14,mixtral:8x22b,conservative,3.0,ingroup
agreement,14,mixtral:8x22b,conservative,3.0,ingroup
agreement,14,mixtral:8x22b,conservative,4.0,ingroup
agreement,14,mixtral:8x22b,conservative,4.0,ingroup
agreement,14,mixtral:8x22b,conservative,3.0,ingroup
agreement,14,mixtral:8x22b,conservative,4.0,ingroup
agreement,14,mixtral:8x22b,conservative,4.0,ingroup
agreement,14,mixtral:8x22b,conservative,4.0,ingroup
agreement,14,mixtral:8x22b,conservative,3.0,ingroup
agreement,14,mixtral:8x22b,conservative,4.0,ingroup
agreement,14,mixtral:8x22b,conservative,3.0,ingroup
agreement,14,mixtral:8x22b,conservative,4.0,ingroup
agreement,14,mixtral:8x22b,conservative,3.0,ingroup
agreement,14,mixtral:8x22b,conservative,4.0,ingroup
agreement,14,mixtral:8x22b,conservative,3.0,ingroup
agreement,14,mixtral:8x22b,conservative,4.0,ingroup
agreement,14,mixtral:8x22b,conservative,4.0,ingroup
agreement,14,mixtral:8x22b,conservative,4.0,ingroup
agreement,14,mixtral:8x22b,conservative,4.0,ingroup
agreement,14,mixtral:8x22b,conservative,4.0,ingroup
agreement,14,mixtral:8x22b,conservative,4.0,ingroup
agreement,14,mixtral:8x22b,conservative,3.0,ingroup
agreement,14,mixtral:8x22b,conservative,4.0,ingroup
agreement,14,mixtral:8x22b,conservative,4.0,ingroup
agreement,14,mixtral:8x22b,conservative,4.0,ingroup
agreement,14,mixtral:8x22b,conservative,4.0,ingroup
agreement,14,mixtral:8x22b,conservative,4.0,ingroup
agreement,14,mixtral:8x22b,conservative,4.0,ingroup
agreement,14,mixtral:8x22b,conservative,3.0,ingroup
agreement,14,mixtral:8x22b,conservative,4.0,ingroup
agreement,14,mixtral:8x22b,conservative,3.0,ingroup
agreement,14,mixtral:8x22b,conservative,4.0,ingroup
agreement,14,mixtral:8x22b,conservative,4.0,ingroup
agreement,14,mixtral:8x22b,conservative,4.0,ingroup
agreement,14,mixtral:8x22b,conservative,4.0,ingroup
agreement,14,mixtral:8x22b,conservative,4.0,ingroup
agreement,14,mixtral:8x22b,conservative,4.0,ingroup
agreement,14,mixtral:8x22b,conservative,4.0,ingroup
agreement,14,mixtral:8x22b,moderate,1.0,ingroup
agreement,14,mixtral:8x22b,moderate,1.0,ingroup
agreement,14,mixtral:8x22b,moderate,1.0,ingroup
agreement,14,mixtral:8x22b,moderate,1.0,ingroup
agreement,14,mixtral:8x22b,moderate,1.0,ingroup
agreement,14,mixtral:8x22b,moderate,1.0,ingroup
agreement,14,mixtral:8x22b,moderate,1.0,ingroup
agreement,14,mixtral:8x22b,moderate,1.0,ingroup
agreement,14,mixtral:8x22b,moderate,1.0,ingroup
agreement,14,mixtral:8x22b,moderate,1.0,ingroup
agreement,14,mixtral:8x22b,moderate,1.0,ingroup
agreement,14,mixtral:8x22b,moderate,1.0,ingroup
agreement,14,mixtral:8x22b,moderate,1.0,ingroup
agreement,14,mixtral:8x22b,moderate,1.0,ingroup
agreement,14,mixtral:8x22b,moderate,1.0,ingroup
agreement,14,mixtral:8x22b,moderate,1.0,ingroup
agreement,14,mixtral:8x22b,moderate,1.0,ingroup
agreement,14,mixtral:8x22b,moderate,1.0,ingroup
agreement,14,mixtral:8x22b,moderate,1.0,ingroup
agreement,14,mixtral:8x22b,moderate,1.0,ingroup
agreement,14,mixtral:8x22b,moderate,1.0,ingroup
agreement,14,mixtral:8x22b,moderate,1.0,ingroup
agreement,14,mixtral:8x22b,moderate,1.0,ingroup
agreement,14,mixtral:8x22b,moderate,1.0,ingroup
agreement,14,mixtral:8x22b,moderate,1.0,ingroup
agreement,14,mixtral:8x22b,moderate,1.0,ingroup
agreement,14,mixtral:8x22b,moderate,1.0,ingroup
agreement,14,mixtral:8x22b,moderate,1.0,ingroup
agreement,14,mixtral:8x22b,moderate,1.0,ingroup
agreement,14,mixtral:8x22b,moderate,1.0,ingroup
agreement,14,mixtral:8x22b,moderate,1.0,ingroup
agreement,14,mixtral:8x22b,moderate,1.0,ingroup
agreement,14,mixtral:8x22b,moderate,1.0,ingroup
agreement,14,mixtral:8x22b,moderate,1.0,ingroup
agreement,14,mixtral:8x22b,moderate,1.0,ingroup
agreement,14,mixtral:8x22b,moderate,1.0,ingroup
agreement,14,mixtral:8x22b,moderate,1.0,ingroup
agreement,14,mixtral:8x22b,moderate,1.0,ingroup
agreement,14,mixtral:8x22b,moderate,1.0,ingroup
agreement,14,mixtral:8x22b,moderate,1.0,ingroup
agreement,14,mixtral:8x22b,moderate,1.0,ingroup
agreement,14,mixtral:8x22b,moderate,1.0,ingroup
agreement,14,mixtral:8x22b,moderate,1.0,ingroup
agreement,14,mixtral:8x22b,moderate,1.0,ingroup
agreement,14,mixtral:8x22b,moderate,1.0,ingroup
agreement,14,mixtral:8x22b,moderate,1.0,ingroup
agreement,14,mixtral:8x22b,moderate,1.0,ingroup
agreement,14,mixtral:8x22b,moderate,1.0,ingroup
agreement,14,mixtral:8x22b,moderate,1.0,ingroup
agreement,14,mixtral:8x22b,moderate,1.0,ingroup
agreement,14,mixtral:8x22b,liberal,1.0,ingroup
agreement,14,mixtral:8x22b,liberal,1.0,ingroup
agreement,14,mixtral:8x22b,liberal,1.0,ingroup
agreement,14,mixtral:8x22b,liberal,1.0,ingroup
agreement,14,mixtral:8x22b,liberal,1.0,ingroup
agreement,14,mixtral:8x22b,liberal,1.0,ingroup
agreement,14,mixtral:8x22b,liberal,1.0,ingroup
agreement,14,mixtral:8x22b,liberal,1.0,ingroup
agreement,14,mixtral:8x22b,liberal,1.0,ingroup
agreement,14,mixtral:8x22b,liberal,1.0,ingroup
agreement,14,mixtral:8x22b,liberal,1.0,ingroup
agreement,14,mixtral:8x22b,liberal,1.0,ingroup
agreement,14,mixtral:8x22b,liberal,1.0,ingroup
agreement,14,mixtral:8x22b,liberal,1.0,ingroup
agreement,14,mixtral:8x22b,liberal,1.0,ingroup
agreement,14,mixtral:8x22b,liberal,1.0,ingroup
agreement,14,mixtral:8x22b,liberal,1.0,ingroup
agreement,14,mixtral:8x22b,liberal,1.0,ingroup
agreement,14,mixtral:8x22b,liberal,1.0,ingroup
agreement,14,mixtral:8x22b,liberal,1.0,ingroup
agreement,14,mixtral:8x22b,liberal,1.0,ingroup
agreement,14,mixtral:8x22b,liberal,1.0,ingroup
agreement,14,mixtral:8x22b,liberal,1.0,ingroup
agreement,14,mixtral:8x22b,liberal,1.0,ingroup
agreement,14,mixtral:8x22b,liberal,1.0,ingroup
agreement,14,mixtral:8x22b,liberal,1.0,ingroup
agreement,14,mixtral:8x22b,liberal,1.0,ingroup
agreement,14,mixtral:8x22b,liberal,1.0,ingroup
agreement,14,mixtral:8x22b,liberal,1.0,ingroup
agreement,14,mixtral:8x22b,liberal,1.0,ingroup
agreement,14,mixtral:8x22b,liberal,1.0,ingroup
agreement,14,mixtral:8x22b,liberal,1.0,ingroup
agreement,14,mixtral:8x22b,liberal,1.0,ingroup
agreement,14,mixtral:8x22b,liberal,1.0,ingroup
agreement,14,mixtral:8x22b,liberal,1.0,ingroup
agreement,14,mixtral:8x22b,liberal,1.0,ingroup
agreement,14,mixtral:8x22b,liberal,1.0,ingroup
agreement,14,mixtral:8x22b,liberal,1.0,ingroup
agreement,14,mixtral:8x22b,liberal,1.0,ingroup
agreement,14,mixtral:8x22b,liberal,1.0,ingroup
agreement,14,mixtral:8x22b,liberal,1.0,ingroup
agreement,14,mixtral:8x22b,liberal,1.0,ingroup
agreement,14,mixtral:8x22b,liberal,1.0,ingroup
agreement,14,mixtral:8x22b,liberal,1.0,ingroup
agreement,14,mixtral:8x22b,liberal,1.0,ingroup
agreement,14,mixtral:8x22b,liberal,1.0,ingroup
agreement,14,mixtral:8x22b,liberal,1.0,ingroup
agreement,14,mixtral:8x22b,liberal,1.0,ingroup
agreement,14,mixtral:8x22b,liberal,1.0,ingroup
agreement,14,mixtral:8x22b,liberal,1.0,ingroup
agreement,14,mixtral:8x7b,conservative,4.0,ingroup
agreement,14,mixtral:8x7b,conservative,4.0,ingroup
agreement,14,mixtral:8x7b,conservative,4.0,ingroup
agreement,14,mixtral:8x7b,conservative,4.0,ingroup
agreement,14,mixtral:8x7b,conservative,4.0,ingroup
agreement,14,mixtral:8x7b,conservative,4.0,ingroup
agreement,14,mixtral:8x7b,conservative,4.0,ingroup
agreement,14,mixtral:8x7b,conservative,4.0,ingroup
agreement,14,mixtral:8x7b,conservative,4.0,ingroup
agreement,14,mixtral:8x7b,conservative,4.0,ingroup
agreement,14,mixtral:8x7b,conservative,4.0,ingroup
agreement,14,mixtral:8x7b,conservative,4.0,ingroup
agreement,14,mixtral:8x7b,conservative,4.0,ingroup
agreement,14,mixtral:8x7b,conservative,4.0,ingroup
agreement,14,mixtral:8x7b,conservative,4.0,ingroup
agreement,14,mixtral:8x7b,conservative,4.0,ingroup
agreement,14,mixtral:8x7b,conservative,4.0,ingroup
agreement,14,mixtral:8x7b,conservative,4.0,ingroup
agreement,14,mixtral:8x7b,conservative,4.0,ingroup
agreement,14,mixtral:8x7b,conservative,4.0,ingroup
agreement,14,mixtral:8x7b,conservative,4.0,ingroup
agreement,14,mixtral:8x7b,conservative,4.0,ingroup
agreement,14,mixtral:8x7b,conservative,4.0,ingroup
agreement,14,mixtral:8x7b,conservative,4.0,ingroup
agreement,14,mixtral:8x7b,conservative,4.0,ingroup
agreement,14,mixtral:8x7b,conservative,4.0,ingroup
agreement,14,mixtral:8x7b,conservative,4.0,ingroup
agreement,14,mixtral:8x7b,conservative,4.0,ingroup
agreement,14,mixtral:8x7b,conservative,4.0,ingroup
agreement,14,mixtral:8x7b,conservative,4.0,ingroup
agreement,14,mixtral:8x7b,conservative,4.0,ingroup
agreement,14,mixtral:8x7b,conservative,4.0,ingroup
agreement,14,mixtral:8x7b,conservative,4.0,ingroup
agreement,14,mixtral:8x7b,conservative,4.0,ingroup
agreement,14,mixtral:8x7b,conservative,4.0,ingroup
agreement,14,mixtral:8x7b,conservative,4.0,ingroup
agreement,14,mixtral:8x7b,conservative,4.0,ingroup
agreement,14,mixtral:8x7b,conservative,4.0,ingroup
agreement,14,mixtral:8x7b,conservative,4.0,ingroup
agreement,14,mixtral:8x7b,conservative,4.0,ingroup
agreement,14,mixtral:8x7b,conservative,4.0,ingroup
agreement,14,mixtral:8x7b,conservative,4.0,ingroup
agreement,14,mixtral:8x7b,conservative,4.0,ingroup
agreement,14,mixtral:8x7b,conservative,4.0,ingroup
agreement,14,mixtral:8x7b,conservative,4.0,ingroup
agreement,14,mixtral:8x7b,conservative,4.0,ingroup
agreement,14,mixtral:8x7b,conservative,4.0,ingroup
agreement,14,mixtral:8x7b,conservative,4.0,ingroup
agreement,14,mixtral:8x7b,conservative,4.0,ingroup
agreement,14,mixtral:8x7b,conservative,4.0,ingroup
agreement,14,mixtral:8x7b,moderate,3.0,ingroup
agreement,14,mixtral:8x7b,moderate,3.0,ingroup
agreement,14,mixtral:8x7b,moderate,3.0,ingroup
agreement,14,mixtral:8x7b,moderate,3.0,ingroup
agreement,14,mixtral:8x7b,moderate,3.0,ingroup
agreement,14,mixtral:8x7b,moderate,3.0,ingroup
agreement,14,mixtral:8x7b,moderate,3.0,ingroup
agreement,14,mixtral:8x7b,moderate,3.0,ingroup
agreement,14,mixtral:8x7b,moderate,3.0,ingroup
agreement,14,mixtral:8x7b,moderate,3.0,ingroup
agreement,14,mixtral:8x7b,moderate,3.0,ingroup
agreement,14,mixtral:8x7b,moderate,3.0,ingroup
agreement,14,mixtral:8x7b,moderate,3.0,ingroup
agreement,14,mixtral:8x7b,moderate,3.0,ingroup
agreement,14,mixtral:8x7b,moderate,3.0,ingroup
agreement,14,mixtral:8x7b,moderate,3.0,ingroup
agreement,14,mixtral:8x7b,moderate,3.0,ingroup
agreement,14,mixtral:8x7b,moderate,3.0,ingroup
agreement,14,mixtral:8x7b,moderate,3.0,ingroup
agreement,14,mixtral:8x7b,moderate,3.0,ingroup
agreement,14,mixtral:8x7b,moderate,3.0,ingroup
agreement,14,mixtral:8x7b,moderate,3.0,ingroup
agreement,14,mixtral:8x7b,moderate,3.0,ingroup
agreement,14,mixtral:8x7b,moderate,3.0,ingroup
agreement,14,mixtral:8x7b,moderate,3.0,ingroup
agreement,14,mixtral:8x7b,moderate,3.0,ingroup
agreement,14,mixtral:8x7b,moderate,3.0,ingroup
agreement,14,mixtral:8x7b,moderate,3.0,ingroup
agreement,14,mixtral:8x7b,moderate,3.0,ingroup
agreement,14,mixtral:8x7b,moderate,3.0,ingroup
agreement,14,mixtral:8x7b,moderate,3.0,ingroup
agreement,14,mixtral:8x7b,moderate,3.0,ingroup
agreement,14,mixtral:8x7b,moderate,3.0,ingroup
agreement,14,mixtral:8x7b,moderate,3.0,ingroup
agreement,14,mixtral:8x7b,moderate,3.0,ingroup
agreement,14,mixtral:8x7b,moderate,3.0,ingroup
agreement,14,mixtral:8x7b,moderate,3.0,ingroup
agreement,14,mixtral:8x7b,moderate,3.0,ingroup
agreement,14,mixtral:8x7b,moderate,3.0,ingroup
agreement,14,mixtral:8x7b,moderate,3.0,ingroup
agreement,14,mixtral:8x7b,moderate,3.0,ingroup
agreement,14,mixtral:8x7b,moderate,3.0,ingroup
agreement,14,mixtral:8x7b,moderate,3.0,ingroup
agreement,14,mixtral:8x7b,moderate,3.0,ingroup
agreement,14,mixtral:8x7b,moderate,3.0,ingroup
agreement,14,mixtral:8x7b,moderate,3.0,ingroup
agreement,14,mixtral:8x7b,moderate,3.0,ingroup
agreement,14,mixtral:8x7b,moderate,3.0,ingroup
agreement,14,mixtral:8x7b,moderate,3.0,ingroup
agreement,14,mixtral:8x7b,moderate,3.0,ingroup
agreement,14,mixtral:8x7b,liberal,2.0,ingroup
agreement,14,mixtral:8x7b,liberal,2.0,ingroup
agreement,14,mixtral:8x7b,liberal,2.0,ingroup
agreement,14,mixtral:8x7b,liberal,2.0,ingroup
agreement,14,mixtral:8x7b,liberal,2.0,ingroup
agreement,14,mixtral:8x7b,liberal,2.0,ingroup
agreement,14,mixtral:8x7b,liberal,2.0,ingroup
agreement,14,mixtral:8x7b,liberal,2.0,ingroup
agreement,14,mixtral:8x7b,liberal,2.0,ingroup
agreement,14,mixtral:8x7b,liberal,2.0,ingroup
agreement,14,mixtral:8x7b,liberal,2.0,ingroup
agreement,14,mixtral:8x7b,liberal,2.0,ingroup
agreement,14,mixtral:8x7b,liberal,2.0,ingroup
agreement,14,mixtral:8x7b,liberal,2.0,ingroup
agreement,14,mixtral:8x7b,liberal,2.0,ingroup
agreement,14,mixtral:8x7b,liberal,2.0,ingroup
agreement,14,mixtral:8x7b,liberal,2.0,ingroup
agreement,14,mixtral:8x7b,liberal,2.0,ingroup
agreement,14,mixtral:8x7b,liberal,2.0,ingroup
agreement,14,mixtral:8x7b,liberal,2.0,ingroup
agreement,14,mixtral:8x7b,liberal,2.0,ingroup
agreement,14,mixtral:8x7b,liberal,2.0,ingroup
agreement,14,mixtral:8x7b,liberal,2.0,ingroup
agreement,14,mixtral:8x7b,liberal,2.0,ingroup
agreement,14,mixtral:8x7b,liberal,2.0,ingroup
agreement,14,mixtral:8x7b,liberal,2.0,ingroup
agreement,14,mixtral:8x7b,liberal,2.0,ingroup
agreement,14,mixtral:8x7b,liberal,2.0,ingroup
agreement,14,mixtral:8x7b,liberal,2.0,ingroup
agreement,14,mixtral:8x7b,liberal,2.0,ingroup
agreement,14,mixtral:8x7b,liberal,2.0,ingroup
agreement,14,mixtral:8x7b,liberal,2.0,ingroup
agreement,14,mixtral:8x7b,liberal,2.0,ingroup
agreement,14,mixtral:8x7b,liberal,2.0,ingroup
agreement,14,mixtral:8x7b,liberal,2.0,ingroup
agreement,14,mixtral:8x7b,liberal,2.0,ingroup
agreement,14,mixtral:8x7b,liberal,2.0,ingroup
agreement,14,mixtral:8x7b,liberal,2.0,ingroup
agreement,14,mixtral:8x7b,liberal,2.0,ingroup
agreement,14,mixtral:8x7b,liberal,2.0,ingroup
agreement,14,mixtral:8x7b,liberal,2.0,ingroup
agreement,14,mixtral:8x7b,liberal,2.0,ingroup
agreement,14,mixtral:8x7b,liberal,2.0,ingroup
agreement,14,mixtral:8x7b,liberal,2.0,ingroup
agreement,14,mixtral:8x7b,liberal,2.0,ingroup
agreement,14,mixtral:8x7b,liberal,2.0,ingroup
agreement,14,mixtral:8x7b,liberal,2.0,ingroup
agreement,14,mixtral:8x7b,liberal,2.0,ingroup
agreement,14,mixtral:8x7b,liberal,2.0,ingroup
agreement,14,mixtral:8x7b,liberal,2.0,ingroup
agreement,14,phi3:14b,conservative,5.0,ingroup
agreement,14,phi3:14b,conservative,2.0,ingroup
agreement,14,phi3:14b,conservative,5.0,ingroup
agreement,14,phi3:14b,conservative,4.0,ingroup
agreement,14,phi3:14b,conservative,4.0,ingroup
agreement,14,phi3:14b,conservative,1.0,ingroup
agreement,14,phi3:14b,conservative,0.0,ingroup
agreement,14,phi3:14b,conservative,3.0,ingroup
agreement,14,phi3:14b,conservative,3.0,ingroup
agreement,14,phi3:14b,conservative,4.0,ingroup
agreement,14,phi3:14b,conservative,5.0,ingroup
agreement,14,phi3:14b,conservative,1.0,ingroup
agreement,14,phi3:14b,conservative,2.0,ingroup
agreement,14,phi3:14b,conservative,5.0,ingroup
agreement,14,phi3:14b,conservative,2.0,ingroup
agreement,14,phi3:14b,conservative,2.0,ingroup
agreement,14,phi3:14b,conservative,5.0,ingroup
agreement,14,phi3:14b,conservative,0.0,ingroup
agreement,14,phi3:14b,conservative,4.0,ingroup
agreement,14,phi3:14b,conservative,0.0,ingroup
agreement,14,phi3:14b,conservative,4.0,ingroup
agreement,14,phi3:14b,conservative,5.0,ingroup
agreement,14,phi3:14b,conservative,4.0,ingroup
agreement,14,phi3:14b,conservative,0.0,ingroup
agreement,14,phi3:14b,conservative,3.0,ingroup
agreement,14,phi3:14b,conservative,3.0,ingroup
agreement,14,phi3:14b,conservative,2.0,ingroup
agreement,14,phi3:14b,conservative,1.0,ingroup
agreement,14,phi3:14b,conservative,2.0,ingroup
agreement,14,phi3:14b,conservative,3.0,ingroup
agreement,14,phi3:14b,conservative,3.0,ingroup
agreement,14,phi3:14b,conservative,4.0,ingroup
agreement,14,phi3:14b,conservative,3.0,ingroup
agreement,14,phi3:14b,conservative,4.0,ingroup
agreement,14,phi3:14b,conservative,3.0,ingroup
agreement,14,phi3:14b,conservative,1.0,ingroup
agreement,14,phi3:14b,conservative,0.0,ingroup
agreement,14,phi3:14b,conservative,2.0,ingroup
agreement,14,phi3:14b,conservative,1.0,ingroup
agreement,14,phi3:14b,conservative,5.0,ingroup
agreement,14,phi3:14b,conservative,3.0,ingroup
agreement,14,phi3:14b,conservative,5.0,ingroup
agreement,14,phi3:14b,conservative,4.0,ingroup
agreement,14,phi3:14b,conservative,3.0,ingroup
agreement,14,phi3:14b,conservative,3.0,ingroup
agreement,14,phi3:14b,conservative,4.0,ingroup
agreement,14,phi3:14b,conservative,2.0,ingroup
agreement,14,phi3:14b,conservative,1.0,ingroup
agreement,14,phi3:14b,conservative,2.0,ingroup
agreement,14,phi3:14b,conservative,2.0,ingroup
agreement,14,phi3:14b,moderate,3.0,ingroup
agreement,14,phi3:14b,moderate,1.0,ingroup
agreement,14,phi3:14b,moderate,2.0,ingroup
agreement,14,phi3:14b,moderate,2.0,ingroup
agreement,14,phi3:14b,moderate,3.0,ingroup
agreement,14,phi3:14b,moderate,3.0,ingroup
agreement,14,phi3:14b,moderate,3.0,ingroup
agreement,14,phi3:14b,moderate,4.0,ingroup
agreement,14,phi3:14b,moderate,2.0,ingroup
agreement,14,phi3:14b,moderate,2.0,ingroup
agreement,14,phi3:14b,moderate,3.0,ingroup
agreement,14,phi3:14b,moderate,3.0,ingroup
agreement,14,phi3:14b,moderate,1.0,ingroup
agreement,14,phi3:14b,moderate,3.0,ingroup
agreement,14,phi3:14b,moderate,3.0,ingroup
agreement,14,phi3:14b,moderate,2.0,ingroup
agreement,14,phi3:14b,moderate,2.0,ingroup
agreement,14,phi3:14b,moderate,4.0,ingroup
agreement,14,phi3:14b,moderate,3.0,ingroup
agreement,14,phi3:14b,moderate,2.0,ingroup
agreement,14,phi3:14b,moderate,4.0,ingroup
agreement,14,phi3:14b,moderate,3.0,ingroup
agreement,14,phi3:14b,moderate,3.0,ingroup
agreement,14,phi3:14b,moderate,3.0,ingroup
agreement,14,phi3:14b,moderate,3.0,ingroup
agreement,14,phi3:14b,moderate,4.0,ingroup
agreement,14,phi3:14b,moderate,3.0,ingroup
agreement,14,phi3:14b,moderate,4.0,ingroup
agreement,14,phi3:14b,moderate,1.0,ingroup
agreement,14,phi3:14b,moderate,4.0,ingroup
agreement,14,phi3:14b,moderate,3.0,ingroup
agreement,14,phi3:14b,moderate,3.0,ingroup
agreement,14,phi3:14b,moderate,2.0,ingroup
agreement,14,phi3:14b,moderate,3.0,ingroup
agreement,14,phi3:14b,moderate,2.0,ingroup
agreement,14,phi3:14b,moderate,3.0,ingroup
agreement,14,phi3:14b,moderate,3.0,ingroup
agreement,14,phi3:14b,moderate,3.0,ingroup
agreement,14,phi3:14b,moderate,2.0,ingroup
agreement,14,phi3:14b,moderate,2.0,ingroup
agreement,14,phi3:14b,moderate,2.0,ingroup
agreement,14,phi3:14b,moderate,2.0,ingroup
agreement,14,phi3:14b,moderate,1.0,ingroup
agreement,14,phi3:14b,moderate,1.0,ingroup
agreement,14,phi3:14b,moderate,1.0,ingroup
agreement,14,phi3:14b,moderate,3.0,ingroup
agreement,14,phi3:14b,moderate,1.0,ingroup
agreement,14,phi3:14b,moderate,3.0,ingroup
agreement,14,phi3:14b,moderate,4.0,ingroup
agreement,14,phi3:14b,moderate,4.0,ingroup
agreement,14,phi3:14b,liberal,0.0,ingroup
agreement,14,phi3:14b,liberal,2.0,ingroup
agreement,14,phi3:14b,liberal,0.0,ingroup
agreement,14,phi3:14b,liberal,0.0,ingroup
agreement,14,phi3:14b,liberal,0.0,ingroup
agreement,14,phi3:14b,liberal,0.0,ingroup
agreement,14,phi3:14b,liberal,0.0,ingroup
agreement,14,phi3:14b,liberal,1.0,ingroup
agreement,14,phi3:14b,liberal,0.0,ingroup
agreement,14,phi3:14b,liberal,1.0,ingroup
agreement,14,phi3:14b,liberal,1.0,ingroup
agreement,14,phi3:14b,liberal,0.0,ingroup
agreement,14,phi3:14b,liberal,3.0,ingroup
agreement,14,phi3:14b,liberal,0.0,ingroup
agreement,14,phi3:14b,liberal,0.0,ingroup
agreement,14,phi3:14b,liberal,0.0,ingroup
agreement,14,phi3:14b,liberal,0.0,ingroup
agreement,14,phi3:14b,liberal,0.0,ingroup
agreement,14,phi3:14b,liberal,0.0,ingroup
agreement,14,phi3:14b,liberal,3.0,ingroup
agreement,14,phi3:14b,liberal,1.0,ingroup
agreement,14,phi3:14b,liberal,0.0,ingroup
agreement,14,phi3:14b,liberal,1.0,ingroup
agreement,14,phi3:14b,liberal,0.0,ingroup
agreement,14,phi3:14b,liberal,0.0,ingroup
agreement,14,phi3:14b,liberal,0.0,ingroup
agreement,14,phi3:14b,liberal,2.0,ingroup
agreement,14,phi3:14b,liberal,3.0,ingroup
agreement,14,phi3:14b,liberal,2.0,ingroup
agreement,14,phi3:14b,liberal,2.0,ingroup
agreement,14,phi3:14b,liberal,0.0,ingroup
agreement,14,phi3:14b,liberal,5.0,ingroup
agreement,14,phi3:14b,liberal,0.0,ingroup
agreement,14,phi3:14b,liberal,0.0,ingroup
agreement,14,phi3:14b,liberal,2.0,ingroup
agreement,14,phi3:14b,liberal,0.0,ingroup
agreement,14,phi3:14b,liberal,5.0,ingroup
agreement,14,phi3:14b,liberal,0.0,ingroup
agreement,14,phi3:14b,liberal,5.0,ingroup
agreement,14,phi3:14b,liberal,2.0,ingroup
agreement,14,phi3:14b,liberal,2.0,ingroup
agreement,14,phi3:14b,liberal,5.0,ingroup
agreement,14,phi3:14b,liberal,0.0,ingroup
agreement,14,phi3:14b,liberal,0.0,ingroup
agreement,14,phi3:14b,liberal,0.0,ingroup
agreement,14,phi3:14b,liberal,1.0,ingroup
agreement,14,phi3:14b,liberal,1.0,ingroup
agreement,14,phi3:14b,liberal,1.0,ingroup
agreement,14,phi3:14b,liberal,1.0,ingroup
agreement,14,phi3:14b,liberal,5.0,ingroup
agreement,14,gemma:7b,conservative,2.0,ingroup
agreement,14,gemma:7b,conservative,2.0,ingroup
agreement,14,gemma:7b,conservative,2.0,ingroup
agreement,14,gemma:7b,conservative,2.0,ingroup
agreement,14,gemma:7b,conservative,2.0,ingroup
agreement,14,gemma:7b,conservative,2.0,ingroup
agreement,14,gemma:7b,conservative,2.0,ingroup
agreement,14,gemma:7b,conservative,2.0,ingroup
agreement,14,gemma:7b,conservative,2.0,ingroup
agreement,14,gemma:7b,conservative,2.0,ingroup
agreement,14,gemma:7b,conservative,2.0,ingroup
agreement,14,gemma:7b,conservative,2.0,ingroup
agreement,14,gemma:7b,conservative,2.0,ingroup
agreement,14,gemma:7b,conservative,2.0,ingroup
agreement,14,gemma:7b,conservative,2.0,ingroup
agreement,14,gemma:7b,conservative,2.0,ingroup
agreement,14,gemma:7b,conservative,2.0,ingroup
agreement,14,gemma:7b,conservative,2.0,ingroup
agreement,14,gemma:7b,conservative,2.0,ingroup
agreement,14,gemma:7b,conservative,3.0,ingroup
agreement,14,gemma:7b,conservative,2.0,ingroup
agreement,14,gemma:7b,conservative,2.0,ingroup
agreement,14,gemma:7b,conservative,2.0,ingroup
agreement,14,gemma:7b,conservative,2.0,ingroup
agreement,14,gemma:7b,conservative,2.0,ingroup
agreement,14,gemma:7b,conservative,2.0,ingroup
agreement,14,gemma:7b,conservative,2.0,ingroup
agreement,14,gemma:7b,conservative,2.0,ingroup
agreement,14,gemma:7b,conservative,2.0,ingroup
agreement,14,gemma:7b,conservative,2.0,ingroup
agreement,14,gemma:7b,conservative,2.0,ingroup
agreement,14,gemma:7b,conservative,2.0,ingroup
agreement,14,gemma:7b,conservative,2.0,ingroup
agreement,14,gemma:7b,conservative,2.0,ingroup
agreement,14,gemma:7b,conservative,2.0,ingroup
agreement,14,gemma:7b,conservative,2.0,ingroup
agreement,14,gemma:7b,conservative,2.0,ingroup
agreement,14,gemma:7b,conservative,2.0,ingroup
agreement,14,gemma:7b,conservative,3.0,ingroup
agreement,14,gemma:7b,conservative,2.0,ingroup
agreement,14,gemma:7b,conservative,3.0,ingroup
agreement,14,gemma:7b,conservative,2.0,ingroup
agreement,14,gemma:7b,conservative,2.0,ingroup
agreement,14,gemma:7b,conservative,2.0,ingroup
agreement,14,gemma:7b,conservative,2.0,ingroup
agreement,14,gemma:7b,conservative,2.0,ingroup
agreement,14,gemma:7b,conservative,2.0,ingroup
agreement,14,gemma:7b,conservative,2.0,ingroup
agreement,14,gemma:7b,conservative,2.0,ingroup
agreement,14,gemma:7b,conservative,3.0,ingroup
agreement,14,gemma:7b,moderate,2.0,ingroup
agreement,14,gemma:7b,moderate,2.0,ingroup
agreement,14,gemma:7b,moderate,2.0,ingroup
agreement,14,gemma:7b,moderate,2.0,ingroup
agreement,14,gemma:7b,moderate,2.0,ingroup
agreement,14,gemma:7b,moderate,2.0,ingroup
agreement,14,gemma:7b,moderate,2.0,ingroup
agreement,14,gemma:7b,moderate,2.0,ingroup
agreement,14,gemma:7b,moderate,2.0,ingroup
agreement,14,gemma:7b,moderate,2.0,ingroup
agreement,14,gemma:7b,moderate,2.0,ingroup
agreement,14,gemma:7b,moderate,2.0,ingroup
agreement,14,gemma:7b,moderate,2.0,ingroup
agreement,14,gemma:7b,moderate,2.0,ingroup
agreement,14,gemma:7b,moderate,2.0,ingroup
agreement,14,gemma:7b,moderate,2.0,ingroup
agreement,14,gemma:7b,moderate,2.0,ingroup
agreement,14,gemma:7b,moderate,2.0,ingroup
agreement,14,gemma:7b,moderate,2.0,ingroup
agreement,14,gemma:7b,moderate,2.0,ingroup
agreement,14,gemma:7b,moderate,2.0,ingroup
agreement,14,gemma:7b,moderate,3.0,ingroup
agreement,14,gemma:7b,moderate,2.0,ingroup
agreement,14,gemma:7b,moderate,2.0,ingroup
agreement,14,gemma:7b,moderate,2.0,ingroup
agreement,14,gemma:7b,moderate,2.0,ingroup
agreement,14,gemma:7b,moderate,2.0,ingroup
agreement,14,gemma:7b,moderate,2.0,ingroup
agreement,14,gemma:7b,moderate,2.0,ingroup
agreement,14,gemma:7b,moderate,2.0,ingroup
agreement,14,gemma:7b,moderate,2.0,ingroup
agreement,14,gemma:7b,moderate,2.0,ingroup
agreement,14,gemma:7b,moderate,2.0,ingroup
agreement,14,gemma:7b,moderate,2.0,ingroup
agreement,14,gemma:7b,moderate,2.0,ingroup
agreement,14,gemma:7b,moderate,2.0,ingroup
agreement,14,gemma:7b,moderate,2.0,ingroup
agreement,14,gemma:7b,moderate,2.0,ingroup
agreement,14,gemma:7b,moderate,2.0,ingroup
agreement,14,gemma:7b,moderate,2.0,ingroup
agreement,14,gemma:7b,moderate,2.0,ingroup
agreement,14,gemma:7b,moderate,2.0,ingroup
agreement,14,gemma:7b,moderate,3.0,ingroup
agreement,14,gemma:7b,moderate,2.0,ingroup
agreement,14,gemma:7b,moderate,2.0,ingroup
agreement,14,gemma:7b,moderate,2.0,ingroup
agreement,14,gemma:7b,moderate,2.0,ingroup
agreement,14,gemma:7b,moderate,2.0,ingroup
agreement,14,gemma:7b,moderate,2.0,ingroup
agreement,14,gemma:7b,moderate,2.0,ingroup
agreement,14,gemma:7b,liberal,2.0,ingroup
agreement,14,gemma:7b,liberal,2.0,ingroup
agreement,14,gemma:7b,liberal,2.0,ingroup
agreement,14,gemma:7b,liberal,2.0,ingroup
agreement,14,gemma:7b,liberal,2.0,ingroup
agreement,14,gemma:7b,liberal,2.0,ingroup
agreement,14,gemma:7b,liberal,2.0,ingroup
agreement,14,gemma:7b,liberal,2.0,ingroup
agreement,14,gemma:7b,liberal,2.0,ingroup
agreement,14,gemma:7b,liberal,2.0,ingroup
agreement,14,gemma:7b,liberal,2.0,ingroup
agreement,14,gemma:7b,liberal,3.0,ingroup
agreement,14,gemma:7b,liberal,2.0,ingroup
agreement,14,gemma:7b,liberal,2.0,ingroup
agreement,14,gemma:7b,liberal,2.0,ingroup
agreement,14,gemma:7b,liberal,2.0,ingroup
agreement,14,gemma:7b,liberal,2.0,ingroup
agreement,14,gemma:7b,liberal,2.0,ingroup
agreement,14,gemma:7b,liberal,2.0,ingroup
agreement,14,gemma:7b,liberal,2.0,ingroup
agreement,14,gemma:7b,liberal,2.0,ingroup
agreement,14,gemma:7b,liberal,2.0,ingroup
agreement,14,gemma:7b,liberal,2.0,ingroup
agreement,14,gemma:7b,liberal,2.0,ingroup
agreement,14,gemma:7b,liberal,2.0,ingroup
agreement,14,gemma:7b,liberal,2.0,ingroup
agreement,14,gemma:7b,liberal,2.0,ingroup
agreement,14,gemma:7b,liberal,2.0,ingroup
agreement,14,gemma:7b,liberal,2.0,ingroup
agreement,14,gemma:7b,liberal,2.0,ingroup
agreement,14,gemma:7b,liberal,2.0,ingroup
agreement,14,gemma:7b,liberal,2.0,ingroup
agreement,14,gemma:7b,liberal,2.0,ingroup
agreement,14,gemma:7b,liberal,2.0,ingroup
agreement,14,gemma:7b,liberal,2.0,ingroup
agreement,14,gemma:7b,liberal,2.0,ingroup
agreement,14,gemma:7b,liberal,2.0,ingroup
agreement,14,gemma:7b,liberal,2.0,ingroup
agreement,14,gemma:7b,liberal,2.0,ingroup
agreement,14,gemma:7b,liberal,2.0,ingroup
agreement,14,gemma:7b,liberal,2.0,ingroup
agreement,14,gemma:7b,liberal,3.0,ingroup
agreement,14,gemma:7b,liberal,2.0,ingroup
agreement,14,gemma:7b,liberal,2.0,ingroup
agreement,14,gemma:7b,liberal,2.0,ingroup
agreement,14,gemma:7b,liberal,2.0,ingroup
agreement,14,gemma:7b,liberal,2.0,ingroup
agreement,14,gemma:7b,liberal,2.0,ingroup
agreement,14,gemma:7b,liberal,2.0,ingroup
agreement,14,gemma:7b,liberal,2.0,ingroup
agreement,14,gemma2:27b,conservative,4.0,ingroup
agreement,14,gemma2:27b,conservative,4.0,ingroup
agreement,14,gemma2:27b,conservative,4.0,ingroup
agreement,14,gemma2:27b,conservative,4.0,ingroup
agreement,14,gemma2:27b,conservative,4.0,ingroup
agreement,14,gemma2:27b,conservative,4.0,ingroup
agreement,14,gemma2:27b,conservative,4.0,ingroup
agreement,14,gemma2:27b,conservative,4.0,ingroup
agreement,14,gemma2:27b,conservative,4.0,ingroup
agreement,14,gemma2:27b,conservative,4.0,ingroup
agreement,14,gemma2:27b,conservative,4.0,ingroup
agreement,14,gemma2:27b,conservative,4.0,ingroup
agreement,14,gemma2:27b,conservative,4.0,ingroup
agreement,14,gemma2:27b,conservative,4.0,ingroup
agreement,14,gemma2:27b,conservative,4.0,ingroup
agreement,14,gemma2:27b,conservative,4.0,ingroup
agreement,14,gemma2:27b,conservative,4.0,ingroup
agreement,14,gemma2:27b,conservative,4.0,ingroup
agreement,14,gemma2:27b,conservative,4.0,ingroup
agreement,14,gemma2:27b,conservative,4.0,ingroup
agreement,14,gemma2:27b,conservative,4.0,ingroup
agreement,14,gemma2:27b,conservative,4.0,ingroup
agreement,14,gemma2:27b,conservative,4.0,ingroup
agreement,14,gemma2:27b,conservative,4.0,ingroup
agreement,14,gemma2:27b,conservative,4.0,ingroup
agreement,14,gemma2:27b,conservative,4.0,ingroup
agreement,14,gemma2:27b,conservative,4.0,ingroup
agreement,14,gemma2:27b,conservative,4.0,ingroup
agreement,14,gemma2:27b,conservative,4.0,ingroup
agreement,14,gemma2:27b,conservative,4.0,ingroup
agreement,14,gemma2:27b,conservative,4.0,ingroup
agreement,14,gemma2:27b,conservative,4.0,ingroup
agreement,14,gemma2:27b,conservative,4.0,ingroup
agreement,14,gemma2:27b,conservative,4.0,ingroup
agreement,14,gemma2:27b,conservative,4.0,ingroup
agreement,14,gemma2:27b,conservative,4.0,ingroup
agreement,14,gemma2:27b,conservative,4.0,ingroup
agreement,14,gemma2:27b,conservative,4.0,ingroup
agreement,14,gemma2:27b,conservative,4.0,ingroup
agreement,14,gemma2:27b,conservative,4.0,ingroup
agreement,14,gemma2:27b,conservative,4.0,ingroup
agreement,14,gemma2:27b,conservative,4.0,ingroup
agreement,14,gemma2:27b,conservative,4.0,ingroup
agreement,14,gemma2:27b,conservative,4.0,ingroup
agreement,14,gemma2:27b,conservative,4.0,ingroup
agreement,14,gemma2:27b,conservative,4.0,ingroup
agreement,14,gemma2:27b,conservative,4.0,ingroup
agreement,14,gemma2:27b,conservative,4.0,ingroup
agreement,14,gemma2:27b,conservative,4.0,ingroup
agreement,14,gemma2:27b,conservative,4.0,ingroup
agreement,14,gemma2:27b,moderate,2.0,ingroup
agreement,14,gemma2:27b,moderate,2.0,ingroup
agreement,14,gemma2:27b,moderate,2.0,ingroup
agreement,14,gemma2:27b,moderate,2.0,ingroup
agreement,14,gemma2:27b,moderate,2.0,ingroup
agreement,14,gemma2:27b,moderate,2.0,ingroup
agreement,14,gemma2:27b,moderate,2.0,ingroup
agreement,14,gemma2:27b,moderate,2.0,ingroup
agreement,14,gemma2:27b,moderate,2.0,ingroup
agreement,14,gemma2:27b,moderate,2.0,ingroup
agreement,14,gemma2:27b,moderate,2.0,ingroup
agreement,14,gemma2:27b,moderate,2.0,ingroup
agreement,14,gemma2:27b,moderate,2.0,ingroup
agreement,14,gemma2:27b,moderate,2.0,ingroup
agreement,14,gemma2:27b,moderate,2.0,ingroup
agreement,14,gemma2:27b,moderate,2.0,ingroup
agreement,14,gemma2:27b,moderate,2.0,ingroup
agreement,14,gemma2:27b,moderate,2.0,ingroup
agreement,14,gemma2:27b,moderate,2.0,ingroup
agreement,14,gemma2:27b,moderate,2.0,ingroup
agreement,14,gemma2:27b,moderate,2.0,ingroup
agreement,14,gemma2:27b,moderate,2.0,ingroup
agreement,14,gemma2:27b,moderate,2.0,ingroup
agreement,14,gemma2:27b,moderate,2.0,ingroup
agreement,14,gemma2:27b,moderate,2.0,ingroup
agreement,14,gemma2:27b,moderate,2.0,ingroup
agreement,14,gemma2:27b,moderate,2.0,ingroup
agreement,14,gemma2:27b,moderate,2.0,ingroup
agreement,14,gemma2:27b,moderate,2.0,ingroup
agreement,14,gemma2:27b,moderate,2.0,ingroup
agreement,14,gemma2:27b,moderate,2.0,ingroup
agreement,14,gemma2:27b,moderate,2.0,ingroup
agreement,14,gemma2:27b,moderate,2.0,ingroup
agreement,14,gemma2:27b,moderate,2.0,ingroup
agreement,14,gemma2:27b,moderate,2.0,ingroup
agreement,14,gemma2:27b,moderate,2.0,ingroup
agreement,14,gemma2:27b,moderate,2.0,ingroup
agreement,14,gemma2:27b,moderate,2.0,ingroup
agreement,14,gemma2:27b,moderate,2.0,ingroup
agreement,14,gemma2:27b,moderate,2.0,ingroup
agreement,14,gemma2:27b,moderate,2.0,ingroup
agreement,14,gemma2:27b,moderate,2.0,ingroup
agreement,14,gemma2:27b,moderate,2.0,ingroup
agreement,14,gemma2:27b,moderate,2.0,ingroup
agreement,14,gemma2:27b,moderate,2.0,ingroup
agreement,14,gemma2:27b,moderate,2.0,ingroup
agreement,14,gemma2:27b,moderate,2.0,ingroup
agreement,14,gemma2:27b,moderate,2.0,ingroup
agreement,14,gemma2:27b,moderate,2.0,ingroup
agreement,14,gemma2:27b,moderate,2.0,ingroup
agreement,14,gemma2:27b,liberal,1.0,ingroup
agreement,14,gemma2:27b,liberal,2.0,ingroup
agreement,14,gemma2:27b,liberal,1.0,ingroup
agreement,14,gemma2:27b,liberal,2.0,ingroup
agreement,14,gemma2:27b,liberal,1.0,ingroup
agreement,14,gemma2:27b,liberal,1.0,ingroup
agreement,14,gemma2:27b,liberal,1.0,ingroup
agreement,14,gemma2:27b,liberal,1.0,ingroup
agreement,14,gemma2:27b,liberal,2.0,ingroup
agreement,14,gemma2:27b,liberal,2.0,ingroup
agreement,14,gemma2:27b,liberal,2.0,ingroup
agreement,14,gemma2:27b,liberal,1.0,ingroup
agreement,14,gemma2:27b,liberal,1.0,ingroup
agreement,14,gemma2:27b,liberal,2.0,ingroup
agreement,14,gemma2:27b,liberal,1.0,ingroup
agreement,14,gemma2:27b,liberal,2.0,ingroup
agreement,14,gemma2:27b,liberal,1.0,ingroup
agreement,14,gemma2:27b,liberal,1.0,ingroup
agreement,14,gemma2:27b,liberal,1.0,ingroup
agreement,14,gemma2:27b,liberal,2.0,ingroup
agreement,14,gemma2:27b,liberal,2.0,ingroup
agreement,14,gemma2:27b,liberal,2.0,ingroup
agreement,14,gemma2:27b,liberal,1.0,ingroup
agreement,14,gemma2:27b,liberal,2.0,ingroup
agreement,14,gemma2:27b,liberal,1.0,ingroup
agreement,14,gemma2:27b,liberal,1.0,ingroup
agreement,14,gemma2:27b,liberal,1.0,ingroup
agreement,14,gemma2:27b,liberal,1.0,ingroup
agreement,14,gemma2:27b,liberal,1.0,ingroup
agreement,14,gemma2:27b,liberal,1.0,ingroup
agreement,14,gemma2:27b,liberal,1.0,ingroup
agreement,14,gemma2:27b,liberal,1.0,ingroup
agreement,14,gemma2:27b,liberal,2.0,ingroup
agreement,14,gemma2:27b,liberal,2.0,ingroup
agreement,14,gemma2:27b,liberal,1.0,ingroup
agreement,14,gemma2:27b,liberal,1.0,ingroup
agreement,14,gemma2:27b,liberal,2.0,ingroup
agreement,14,gemma2:27b,liberal,1.0,ingroup
agreement,14,gemma2:27b,liberal,2.0,ingroup
agreement,14,gemma2:27b,liberal,1.0,ingroup
agreement,14,gemma2:27b,liberal,1.0,ingroup
agreement,14,gemma2:27b,liberal,2.0,ingroup
agreement,14,gemma2:27b,liberal,2.0,ingroup
agreement,14,gemma2:27b,liberal,1.0,ingroup
agreement,14,gemma2:27b,liberal,1.0,ingroup
agreement,14,gemma2:27b,liberal,1.0,ingroup
agreement,14,gemma2:27b,liberal,1.0,ingroup
agreement,14,gemma2:27b,liberal,1.0,ingroup
agreement,14,gemma2:27b,liberal,1.0,ingroup
agreement,14,gemma2:27b,liberal,1.0,ingroup
agreement,14,qwen:72b,conservative,5.0,ingroup
agreement,14,qwen:72b,conservative,5.0,ingroup
agreement,14,qwen:72b,conservative,5.0,ingroup
agreement,14,qwen:72b,conservative,5.0,ingroup
agreement,14,qwen:72b,conservative,5.0,ingroup
agreement,14,qwen:72b,conservative,5.0,ingroup
agreement,14,qwen:72b,conservative,5.0,ingroup
agreement,14,qwen:72b,conservative,5.0,ingroup
agreement,14,qwen:72b,conservative,5.0,ingroup
agreement,14,qwen:72b,conservative,5.0,ingroup
agreement,14,qwen:72b,conservative,5.0,ingroup
agreement,14,qwen:72b,conservative,5.0,ingroup
agreement,14,qwen:72b,conservative,5.0,ingroup
agreement,14,qwen:72b,conservative,5.0,ingroup
agreement,14,qwen:72b,conservative,5.0,ingroup
agreement,14,qwen:72b,conservative,5.0,ingroup
agreement,14,qwen:72b,conservative,5.0,ingroup
agreement,14,qwen:72b,conservative,5.0,ingroup
agreement,14,qwen:72b,conservative,5.0,ingroup
agreement,14,qwen:72b,conservative,5.0,ingroup
agreement,14,qwen:72b,conservative,5.0,ingroup
agreement,14,qwen:72b,conservative,5.0,ingroup
agreement,14,qwen:72b,conservative,5.0,ingroup
agreement,14,qwen:72b,conservative,5.0,ingroup
agreement,14,qwen:72b,conservative,4.0,ingroup
agreement,14,qwen:72b,conservative,5.0,ingroup
agreement,14,qwen:72b,conservative,4.0,ingroup
agreement,14,qwen:72b,conservative,5.0,ingroup
agreement,14,qwen:72b,conservative,5.0,ingroup
agreement,14,qwen:72b,conservative,5.0,ingroup
agreement,14,qwen:72b,conservative,5.0,ingroup
agreement,14,qwen:72b,conservative,5.0,ingroup
agreement,14,qwen:72b,conservative,4.0,ingroup
agreement,14,qwen:72b,conservative,5.0,ingroup
agreement,14,qwen:72b,conservative,5.0,ingroup
agreement,14,qwen:72b,conservative,5.0,ingroup
agreement,14,qwen:72b,conservative,5.0,ingroup
agreement,14,qwen:72b,conservative,5.0,ingroup
agreement,14,qwen:72b,conservative,4.0,ingroup
agreement,14,qwen:72b,conservative,5.0,ingroup
agreement,14,qwen:72b,conservative,5.0,ingroup
agreement,14,qwen:72b,conservative,5.0,ingroup
agreement,14,qwen:72b,conservative,5.0,ingroup
agreement,14,qwen:72b,conservative,5.0,ingroup
agreement,14,qwen:72b,conservative,5.0,ingroup
agreement,14,qwen:72b,conservative,5.0,ingroup
agreement,14,qwen:72b,conservative,5.0,ingroup
agreement,14,qwen:72b,conservative,4.0,ingroup
agreement,14,qwen:72b,conservative,5.0,ingroup
agreement,14,qwen:72b,moderate,4.0,ingroup
agreement,14,qwen:72b,moderate,4.0,ingroup
agreement,14,qwen:72b,moderate,4.0,ingroup
agreement,14,qwen:72b,moderate,4.0,ingroup
agreement,14,qwen:72b,moderate,4.0,ingroup
agreement,14,qwen:72b,moderate,4.0,ingroup
agreement,14,qwen:72b,moderate,5.0,ingroup
agreement,14,qwen:72b,moderate,4.0,ingroup
agreement,14,qwen:72b,moderate,4.0,ingroup
agreement,14,qwen:72b,moderate,4.0,ingroup
agreement,14,qwen:72b,moderate,4.0,ingroup
agreement,14,qwen:72b,moderate,4.0,ingroup
agreement,14,qwen:72b,moderate,4.0,ingroup
agreement,14,qwen:72b,moderate,3.0,ingroup
agreement,14,qwen:72b,moderate,4.0,ingroup
agreement,14,qwen:72b,moderate,4.0,ingroup
agreement,14,qwen:72b,moderate,3.0,ingroup
agreement,14,qwen:72b,moderate,3.0,ingroup
agreement,14,qwen:72b,moderate,4.0,ingroup
agreement,14,qwen:72b,moderate,4.0,ingroup
agreement,14,qwen:72b,moderate,3.0,ingroup
agreement,14,qwen:72b,moderate,4.0,ingroup
agreement,14,qwen:72b,moderate,4.0,ingroup
agreement,14,qwen:72b,moderate,0.0,ingroup
agreement,14,qwen:72b,moderate,4.0,ingroup
agreement,14,qwen:72b,moderate,4.0,ingroup
agreement,14,qwen:72b,moderate,4.0,ingroup
agreement,14,qwen:72b,moderate,4.0,ingroup
agreement,14,qwen:72b,moderate,4.0,ingroup
agreement,14,qwen:72b,moderate,3.0,ingroup
agreement,14,qwen:72b,moderate,4.0,ingroup
agreement,14,qwen:72b,moderate,4.0,ingroup
agreement,14,qwen:72b,moderate,4.0,ingroup
agreement,14,qwen:72b,moderate,4.0,ingroup
agreement,14,qwen:72b,moderate,4.0,ingroup
agreement,14,qwen:72b,moderate,4.0,ingroup
agreement,14,qwen:72b,moderate,4.0,ingroup
agreement,14,qwen:72b,moderate,4.0,ingroup
agreement,14,qwen:72b,moderate,4.0,ingroup
agreement,14,qwen:72b,moderate,4.0,ingroup
agreement,14,qwen:72b,moderate,5.0,ingroup
agreement,14,qwen:72b,moderate,4.0,ingroup
agreement,14,qwen:72b,moderate,4.0,ingroup
agreement,14,qwen:72b,moderate,4.0,ingroup
agreement,14,qwen:72b,moderate,4.0,ingroup
agreement,14,qwen:72b,moderate,3.0,ingroup
agreement,14,qwen:72b,moderate,4.0,ingroup
agreement,14,qwen:72b,moderate,4.0,ingroup
agreement,14,qwen:72b,moderate,4.0,ingroup
agreement,14,qwen:72b,moderate,4.0,ingroup
agreement,14,qwen:72b,liberal,3.0,ingroup
agreement,14,qwen:72b,liberal,3.0,ingroup
agreement,14,qwen:72b,liberal,3.0,ingroup
agreement,14,qwen:72b,liberal,3.0,ingroup
agreement,14,qwen:72b,liberal,3.0,ingroup
agreement,14,qwen:72b,liberal,3.0,ingroup
agreement,14,qwen:72b,liberal,3.0,ingroup
agreement,14,qwen:72b,liberal,3.0,ingroup
agreement,14,qwen:72b,liberal,3.0,ingroup
agreement,14,qwen:72b,liberal,3.0,ingroup
agreement,14,qwen:72b,liberal,3.0,ingroup
agreement,14,qwen:72b,liberal,3.0,ingroup
agreement,14,qwen:72b,liberal,3.0,ingroup
agreement,14,qwen:72b,liberal,3.0,ingroup
agreement,14,qwen:72b,liberal,3.0,ingroup
agreement,14,qwen:72b,liberal,3.0,ingroup
agreement,14,qwen:72b,liberal,3.0,ingroup
agreement,14,qwen:72b,liberal,3.0,ingroup
agreement,14,qwen:72b,liberal,3.0,ingroup
agreement,14,qwen:72b,liberal,3.0,ingroup
agreement,14,qwen:72b,liberal,4.0,ingroup
agreement,14,qwen:72b,liberal,3.0,ingroup
agreement,14,qwen:72b,liberal,3.0,ingroup
agreement,14,qwen:72b,liberal,3.0,ingroup
agreement,14,qwen:72b,liberal,3.0,ingroup
agreement,14,qwen:72b,liberal,3.0,ingroup
agreement,14,qwen:72b,liberal,3.0,ingroup
agreement,14,qwen:72b,liberal,3.0,ingroup
agreement,14,qwen:72b,liberal,3.0,ingroup
agreement,14,qwen:72b,liberal,3.0,ingroup
agreement,14,qwen:72b,liberal,3.0,ingroup
agreement,14,qwen:72b,liberal,3.0,ingroup
agreement,14,qwen:72b,liberal,3.0,ingroup
agreement,14,qwen:72b,liberal,3.0,ingroup
agreement,14,qwen:72b,liberal,3.0,ingroup
agreement,14,qwen:72b,liberal,3.0,ingroup
agreement,14,qwen:72b,liberal,3.0,ingroup
agreement,14,qwen:72b,liberal,3.0,ingroup
agreement,14,qwen:72b,liberal,3.0,ingroup
agreement,14,qwen:72b,liberal,3.0,ingroup
agreement,14,qwen:72b,liberal,3.0,ingroup
agreement,14,qwen:72b,liberal,3.0,ingroup
agreement,14,qwen:72b,liberal,3.0,ingroup
agreement,14,qwen:72b,liberal,3.0,ingroup
agreement,14,qwen:72b,liberal,3.0,ingroup
agreement,14,qwen:72b,liberal,3.0,ingroup
agreement,14,qwen:72b,liberal,3.0,ingroup
agreement,14,qwen:72b,liberal,3.0,ingroup
agreement,14,qwen:72b,liberal,3.0,ingroup
agreement,14,qwen:72b,liberal,3.0,ingroup
agreement,14,qwen2:72b,conservative,4.0,ingroup
agreement,14,qwen2:72b,conservative,4.0,ingroup
agreement,14,qwen2:72b,conservative,4.0,ingroup
agreement,14,qwen2:72b,conservative,4.0,ingroup
agreement,14,qwen2:72b,conservative,4.0,ingroup
agreement,14,qwen2:72b,conservative,4.0,ingroup
agreement,14,qwen2:72b,conservative,4.0,ingroup
agreement,14,qwen2:72b,conservative,4.0,ingroup
agreement,14,qwen2:72b,conservative,4.0,ingroup
agreement,14,qwen2:72b,conservative,4.0,ingroup
agreement,14,qwen2:72b,conservative,4.0,ingroup
agreement,14,qwen2:72b,conservative,4.0,ingroup
agreement,14,qwen2:72b,conservative,4.0,ingroup
agreement,14,qwen2:72b,conservative,4.0,ingroup
agreement,14,qwen2:72b,conservative,4.0,ingroup
agreement,14,qwen2:72b,conservative,4.0,ingroup
agreement,14,qwen2:72b,conservative,4.0,ingroup
agreement,14,qwen2:72b,conservative,4.0,ingroup
agreement,14,qwen2:72b,conservative,4.0,ingroup
agreement,14,qwen2:72b,conservative,4.0,ingroup
agreement,14,qwen2:72b,conservative,4.0,ingroup
agreement,14,qwen2:72b,conservative,4.0,ingroup
agreement,14,qwen2:72b,conservative,5.0,ingroup
agreement,14,qwen2:72b,conservative,5.0,ingroup
agreement,14,qwen2:72b,conservative,5.0,ingroup
agreement,14,qwen2:72b,conservative,4.0,ingroup
agreement,14,qwen2:72b,conservative,4.0,ingroup
agreement,14,qwen2:72b,conservative,4.0,ingroup
agreement,14,qwen2:72b,conservative,4.0,ingroup
agreement,14,qwen2:72b,conservative,4.0,ingroup
agreement,14,qwen2:72b,conservative,4.0,ingroup
agreement,14,qwen2:72b,conservative,4.0,ingroup
agreement,14,qwen2:72b,conservative,4.0,ingroup
agreement,14,qwen2:72b,conservative,4.0,ingroup
agreement,14,qwen2:72b,conservative,4.0,ingroup
agreement,14,qwen2:72b,conservative,4.0,ingroup
agreement,14,qwen2:72b,conservative,4.0,ingroup
agreement,14,qwen2:72b,conservative,4.0,ingroup
agreement,14,qwen2:72b,conservative,4.0,ingroup
agreement,14,qwen2:72b,conservative,4.0,ingroup
agreement,14,qwen2:72b,conservative,4.0,ingroup
agreement,14,qwen2:72b,conservative,4.0,ingroup
agreement,14,qwen2:72b,conservative,5.0,ingroup
agreement,14,qwen2:72b,conservative,4.0,ingroup
agreement,14,qwen2:72b,conservative,4.0,ingroup
agreement,14,qwen2:72b,conservative,4.0,ingroup
agreement,14,qwen2:72b,conservative,4.0,ingroup
agreement,14,qwen2:72b,conservative,5.0,ingroup
agreement,14,qwen2:72b,conservative,4.0,ingroup
agreement,14,qwen2:72b,conservative,4.0,ingroup
agreement,14,qwen2:72b,moderate,3.0,ingroup
agreement,14,qwen2:72b,moderate,2.0,ingroup
agreement,14,qwen2:72b,moderate,3.0,ingroup
agreement,14,qwen2:72b,moderate,3.0,ingroup
agreement,14,qwen2:72b,moderate,2.0,ingroup
agreement,14,qwen2:72b,moderate,3.0,ingroup
agreement,14,qwen2:72b,moderate,2.0,ingroup
agreement,14,qwen2:72b,moderate,2.0,ingroup
agreement,14,qwen2:72b,moderate,2.0,ingroup
agreement,14,qwen2:72b,moderate,3.0,ingroup
agreement,14,qwen2:72b,moderate,2.0,ingroup
agreement,14,qwen2:72b,moderate,2.0,ingroup
agreement,14,qwen2:72b,moderate,2.0,ingroup
agreement,14,qwen2:72b,moderate,2.0,ingroup
agreement,14,qwen2:72b,moderate,3.0,ingroup
agreement,14,qwen2:72b,moderate,3.0,ingroup
agreement,14,qwen2:72b,moderate,3.0,ingroup
agreement,14,qwen2:72b,moderate,2.0,ingroup
agreement,14,qwen2:72b,moderate,2.0,ingroup
agreement,14,qwen2:72b,moderate,3.0,ingroup
agreement,14,qwen2:72b,moderate,2.0,ingroup
agreement,14,qwen2:72b,moderate,2.0,ingroup
agreement,14,qwen2:72b,moderate,2.0,ingroup
agreement,14,qwen2:72b,moderate,2.0,ingroup
agreement,14,qwen2:72b,moderate,2.0,ingroup
agreement,14,qwen2:72b,moderate,2.0,ingroup
agreement,14,qwen2:72b,moderate,2.0,ingroup
agreement,14,qwen2:72b,moderate,2.0,ingroup
agreement,14,qwen2:72b,moderate,2.0,ingroup
agreement,14,qwen2:72b,moderate,3.0,ingroup
agreement,14,qwen2:72b,moderate,2.0,ingroup
agreement,14,qwen2:72b,moderate,2.0,ingroup
agreement,14,qwen2:72b,moderate,3.0,ingroup
agreement,14,qwen2:72b,moderate,3.0,ingroup
agreement,14,qwen2:72b,moderate,2.0,ingroup
agreement,14,qwen2:72b,moderate,2.0,ingroup
agreement,14,qwen2:72b,moderate,2.0,ingroup
agreement,14,qwen2:72b,moderate,2.0,ingroup
agreement,14,qwen2:72b,moderate,2.0,ingroup
agreement,14,qwen2:72b,moderate,2.0,ingroup
agreement,14,qwen2:72b,moderate,3.0,ingroup
agreement,14,qwen2:72b,moderate,3.0,ingroup
agreement,14,qwen2:72b,moderate,3.0,ingroup
agreement,14,qwen2:72b,moderate,3.0,ingroup
agreement,14,qwen2:72b,moderate,3.0,ingroup
agreement,14,qwen2:72b,moderate,2.0,ingroup
agreement,14,qwen2:72b,moderate,3.0,ingroup
agreement,14,qwen2:72b,moderate,3.0,ingroup
agreement,14,qwen2:72b,moderate,3.0,ingroup
agreement,14,qwen2:72b,moderate,2.0,ingroup
agreement,14,qwen2:72b,liberal,2.0,ingroup
agreement,14,qwen2:72b,liberal,2.0,ingroup
agreement,14,qwen2:72b,liberal,2.0,ingroup
agreement,14,qwen2:72b,liberal,2.0,ingroup
agreement,14,qwen2:72b,liberal,2.0,ingroup
agreement,14,qwen2:72b,liberal,2.0,ingroup
agreement,14,qwen2:72b,liberal,2.0,ingroup
agreement,14,qwen2:72b,liberal,2.0,ingroup
agreement,14,qwen2:72b,liberal,2.0,ingroup
agreement,14,qwen2:72b,liberal,2.0,ingroup
agreement,14,qwen2:72b,liberal,2.0,ingroup
agreement,14,qwen2:72b,liberal,2.0,ingroup
agreement,14,qwen2:72b,liberal,2.0,ingroup
agreement,14,qwen2:72b,liberal,2.0,ingroup
agreement,14,qwen2:72b,liberal,2.0,ingroup
agreement,14,qwen2:72b,liberal,2.0,ingroup
agreement,14,qwen2:72b,liberal,2.0,ingroup
agreement,14,qwen2:72b,liberal,2.0,ingroup
agreement,14,qwen2:72b,liberal,2.0,ingroup
agreement,14,qwen2:72b,liberal,2.0,ingroup
agreement,14,qwen2:72b,liberal,2.0,ingroup
agreement,14,qwen2:72b,liberal,2.0,ingroup
agreement,14,qwen2:72b,liberal,2.0,ingroup
agreement,14,qwen2:72b,liberal,2.0,ingroup
agreement,14,qwen2:72b,liberal,2.0,ingroup
agreement,14,qwen2:72b,liberal,2.0,ingroup
agreement,14,qwen2:72b,liberal,2.0,ingroup
agreement,14,qwen2:72b,liberal,2.0,ingroup
agreement,14,qwen2:72b,liberal,2.0,ingroup
agreement,14,qwen2:72b,liberal,2.0,ingroup
agreement,14,qwen2:72b,liberal,2.0,ingroup
agreement,14,qwen2:72b,liberal,2.0,ingroup
agreement,14,qwen2:72b,liberal,2.0,ingroup
agreement,14,qwen2:72b,liberal,2.0,ingroup
agreement,14,qwen2:72b,liberal,2.0,ingroup
agreement,14,qwen2:72b,liberal,2.0,ingroup
agreement,14,qwen2:72b,liberal,2.0,ingroup
agreement,14,qwen2:72b,liberal,2.0,ingroup
agreement,14,qwen2:72b,liberal,2.0,ingroup
agreement,14,qwen2:72b,liberal,2.0,ingroup
agreement,14,qwen2:72b,liberal,1.0,ingroup
agreement,14,qwen2:72b,liberal,2.0,ingroup
agreement,14,qwen2:72b,liberal,2.0,ingroup
agreement,14,qwen2:72b,liberal,2.0,ingroup
agreement,14,qwen2:72b,liberal,2.0,ingroup
agreement,14,qwen2:72b,liberal,2.0,ingroup
agreement,14,qwen2:72b,liberal,2.0,ingroup
agreement,14,qwen2:72b,liberal,2.0,ingroup
agreement,14,qwen2:72b,liberal,2.0,ingroup
agreement,14,qwen2:72b,liberal,2.0,ingroup
agreement,15,llama3.1:8b,conservative,4.0,authority
agreement,15,llama3.1:8b,conservative,5.0,authority
agreement,15,llama3.1:8b,conservative,5.0,authority
agreement,15,llama3.1:8b,conservative,5.0,authority
agreement,15,llama3.1:8b,conservative,5.0,authority
agreement,15,llama3.1:8b,conservative,5.0,authority
agreement,15,llama3.1:8b,conservative,5.0,authority
agreement,15,llama3.1:8b,conservative,5.0,authority
agreement,15,llama3.1:8b,conservative,5.0,authority
agreement,15,llama3.1:8b,conservative,5.0,authority
agreement,15,llama3.1:8b,conservative,5.0,authority
agreement,15,llama3.1:8b,conservative,5.0,authority
agreement,15,llama3.1:8b,conservative,5.0,authority
agreement,15,llama3.1:8b,conservative,5.0,authority
agreement,15,llama3.1:8b,conservative,4.0,authority
agreement,15,llama3.1:8b,conservative,5.0,authority
agreement,15,llama3.1:8b,conservative,5.0,authority
agreement,15,llama3.1:8b,conservative,5.0,authority
agreement,15,llama3.1:8b,conservative,5.0,authority
agreement,15,llama3.1:8b,conservative,5.0,authority
agreement,15,llama3.1:8b,conservative,5.0,authority
agreement,15,llama3.1:8b,conservative,5.0,authority
agreement,15,llama3.1:8b,conservative,5.0,authority
agreement,15,llama3.1:8b,conservative,5.0,authority
agreement,15,llama3.1:8b,conservative,5.0,authority
agreement,15,llama3.1:8b,conservative,5.0,authority
agreement,15,llama3.1:8b,conservative,5.0,authority
agreement,15,llama3.1:8b,conservative,5.0,authority
agreement,15,llama3.1:8b,conservative,5.0,authority
agreement,15,llama3.1:8b,conservative,5.0,authority
agreement,15,llama3.1:8b,conservative,4.0,authority
agreement,15,llama3.1:8b,conservative,5.0,authority
agreement,15,llama3.1:8b,conservative,5.0,authority
agreement,15,llama3.1:8b,conservative,5.0,authority
agreement,15,llama3.1:8b,conservative,5.0,authority
agreement,15,llama3.1:8b,conservative,5.0,authority
agreement,15,llama3.1:8b,conservative,5.0,authority
agreement,15,llama3.1:8b,conservative,5.0,authority
agreement,15,llama3.1:8b,conservative,5.0,authority
agreement,15,llama3.1:8b,conservative,5.0,authority
agreement,15,llama3.1:8b,conservative,5.0,authority
agreement,15,llama3.1:8b,conservative,5.0,authority
agreement,15,llama3.1:8b,conservative,5.0,authority
agreement,15,llama3.1:8b,conservative,4.0,authority
agreement,15,llama3.1:8b,conservative,5.0,authority
agreement,15,llama3.1:8b,conservative,5.0,authority
agreement,15,llama3.1:8b,conservative,5.0,authority
agreement,15,llama3.1:8b,conservative,5.0,authority
agreement,15,llama3.1:8b,conservative,5.0,authority
agreement,15,llama3.1:8b,conservative,5.0,authority
agreement,15,llama3.1:8b,moderate,4.0,authority
agreement,15,llama3.1:8b,moderate,5.0,authority
agreement,15,llama3.1:8b,moderate,4.0,authority
agreement,15,llama3.1:8b,moderate,5.0,authority
agreement,15,llama3.1:8b,moderate,0.0,authority
agreement,15,llama3.1:8b,moderate,0.0,authority
agreement,15,llama3.1:8b,moderate,0.0,authority
agreement,15,llama3.1:8b,moderate,5.0,authority
agreement,15,llama3.1:8b,moderate,0.0,authority
agreement,15,llama3.1:8b,moderate,0.0,authority
agreement,15,llama3.1:8b,moderate,5.0,authority
agreement,15,llama3.1:8b,moderate,1.0,authority
agreement,15,llama3.1:8b,moderate,4.0,authority
agreement,15,llama3.1:8b,moderate,0.0,authority
agreement,15,llama3.1:8b,moderate,4.0,authority
agreement,15,llama3.1:8b,moderate,5.0,authority
agreement,15,llama3.1:8b,moderate,0.0,authority
agreement,15,llama3.1:8b,moderate,1.0,authority
agreement,15,llama3.1:8b,moderate,2.0,authority
agreement,15,llama3.1:8b,moderate,1.0,authority
agreement,15,llama3.1:8b,moderate,0.0,authority
agreement,15,llama3.1:8b,moderate,1.0,authority
agreement,15,llama3.1:8b,moderate,0.0,authority
agreement,15,llama3.1:8b,moderate,0.0,authority
agreement,15,llama3.1:8b,moderate,5.0,authority
agreement,15,llama3.1:8b,moderate,5.0,authority
agreement,15,llama3.1:8b,moderate,4.0,authority
agreement,15,llama3.1:8b,moderate,5.0,authority
agreement,15,llama3.1:8b,moderate,5.0,authority
agreement,15,llama3.1:8b,moderate,0.0,authority
agreement,15,llama3.1:8b,moderate,4.0,authority
agreement,15,llama3.1:8b,moderate,0.0,authority
agreement,15,llama3.1:8b,moderate,5.0,authority
agreement,15,llama3.1:8b,moderate,0.0,authority
agreement,15,llama3.1:8b,moderate,1.0,authority
agreement,15,llama3.1:8b,moderate,0.0,authority
agreement,15,llama3.1:8b,moderate,5.0,authority
agreement,15,llama3.1:8b,moderate,5.0,authority
agreement,15,llama3.1:8b,moderate,2.0,authority
agreement,15,llama3.1:8b,moderate,1.0,authority
agreement,15,llama3.1:8b,moderate,1.0,authority
agreement,15,llama3.1:8b,moderate,5.0,authority
agreement,15,llama3.1:8b,moderate,0.0,authority
agreement,15,llama3.1:8b,moderate,5.0,authority
agreement,15,llama3.1:8b,moderate,0.0,authority
agreement,15,llama3.1:8b,moderate,2.0,authority
agreement,15,llama3.1:8b,moderate,1.0,authority
agreement,15,llama3.1:8b,moderate,2.0,authority
agreement,15,llama3.1:8b,moderate,2.0,authority
agreement,15,llama3.1:8b,moderate,5.0,authority
agreement,15,llama3.1:8b,liberal,0.0,authority
agreement,15,llama3.1:8b,liberal,0.0,authority
agreement,15,llama3.1:8b,liberal,0.0,authority
agreement,15,llama3.1:8b,liberal,0.0,authority
agreement,15,llama3.1:8b,liberal,0.0,authority
agreement,15,llama3.1:8b,liberal,0.0,authority
agreement,15,llama3.1:8b,liberal,0.0,authority
agreement,15,llama3.1:8b,liberal,0.0,authority
agreement,15,llama3.1:8b,liberal,1.0,authority
agreement,15,llama3.1:8b,liberal,0.0,authority
agreement,15,llama3.1:8b,liberal,0.0,authority
agreement,15,llama3.1:8b,liberal,0.0,authority
agreement,15,llama3.1:8b,liberal,0.0,authority
agreement,15,llama3.1:8b,liberal,0.0,authority
agreement,15,llama3.1:8b,liberal,0.0,authority
agreement,15,llama3.1:8b,liberal,0.0,authority
agreement,15,llama3.1:8b,liberal,0.0,authority
agreement,15,llama3.1:8b,liberal,0.0,authority
agreement,15,llama3.1:8b,liberal,0.0,authority
agreement,15,llama3.1:8b,liberal,0.0,authority
agreement,15,llama3.1:8b,liberal,0.0,authority
agreement,15,llama3.1:8b,liberal,0.0,authority
agreement,15,llama3.1:8b,liberal,0.0,authority
agreement,15,llama3.1:8b,liberal,0.0,authority
agreement,15,llama3.1:8b,liberal,0.0,authority
agreement,15,llama3.1:8b,liberal,0.0,authority
agreement,15,llama3.1:8b,liberal,0.0,authority
agreement,15,llama3.1:8b,liberal,1.0,authority
agreement,15,llama3.1:8b,liberal,0.0,authority
agreement,15,llama3.1:8b,liberal,0.0,authority
agreement,15,llama3.1:8b,liberal,0.0,authority
agreement,15,llama3.1:8b,liberal,0.0,authority
agreement,15,llama3.1:8b,liberal,0.0,authority
agreement,15,llama3.1:8b,liberal,0.0,authority
agreement,15,llama3.1:8b,liberal,0.0,authority
agreement,15,llama3.1:8b,liberal,0.0,authority
agreement,15,llama3.1:8b,liberal,0.0,authority
agreement,15,llama3.1:8b,liberal,0.0,authority
agreement,15,llama3.1:8b,liberal,0.0,authority
agreement,15,llama3.1:8b,liberal,5.0,authority
agreement,15,llama3.1:8b,liberal,0.0,authority
agreement,15,llama3.1:8b,liberal,5.0,authority
agreement,15,llama3.1:8b,liberal,0.0,authority
agreement,15,llama3.1:8b,liberal,1.0,authority
agreement,15,llama3.1:8b,liberal,0.0,authority
agreement,15,llama3.1:8b,liberal,0.0,authority
agreement,15,llama3.1:8b,liberal,0.0,authority
agreement,15,llama3.1:8b,liberal,0.0,authority
agreement,15,llama3.1:8b,liberal,0.0,authority
agreement,15,llama3.1:8b,liberal,0.0,authority
agreement,15,llama2:70b,conservative,1.0,authority
agreement,15,llama2:70b,conservative,4.0,authority
agreement,15,llama2:70b,conservative,1.0,authority
agreement,15,llama2:70b,conservative,4.0,authority
agreement,15,llama2:70b,conservative,4.0,authority
agreement,15,llama2:70b,conservative,1.0,authority
agreement,15,llama2:70b,conservative,4.0,authority
agreement,15,llama2:70b,conservative,4.0,authority
agreement,15,llama2:70b,conservative,4.0,authority
agreement,15,llama2:70b,conservative,4.0,authority
agreement,15,llama2:70b,conservative,4.0,authority
agreement,15,llama2:70b,conservative,1.0,authority
agreement,15,llama2:70b,conservative,1.0,authority
agreement,15,llama2:70b,conservative,4.0,authority
agreement,15,llama2:70b,conservative,1.0,authority
agreement,15,llama2:70b,conservative,4.0,authority
agreement,15,llama2:70b,conservative,4.0,authority
agreement,15,llama2:70b,conservative,1.0,authority
agreement,15,llama2:70b,conservative,4.0,authority
agreement,15,llama2:70b,conservative,4.0,authority
agreement,15,llama2:70b,conservative,1.0,authority
agreement,15,llama2:70b,conservative,4.0,authority
agreement,15,llama2:70b,conservative,1.0,authority
agreement,15,llama2:70b,conservative,1.0,authority
agreement,15,llama2:70b,conservative,1.0,authority
agreement,15,llama2:70b,conservative,1.0,authority
agreement,15,llama2:70b,conservative,4.0,authority
agreement,15,llama2:70b,conservative,4.0,authority
agreement,15,llama2:70b,conservative,4.0,authority
agreement,15,llama2:70b,conservative,4.0,authority
agreement,15,llama2:70b,conservative,1.0,authority
agreement,15,llama2:70b,conservative,4.0,authority
agreement,15,llama2:70b,conservative,1.0,authority
agreement,15,llama2:70b,conservative,4.0,authority
agreement,15,llama2:70b,conservative,1.0,authority
agreement,15,llama2:70b,conservative,1.0,authority
agreement,15,llama2:70b,conservative,1.0,authority
agreement,15,llama2:70b,conservative,4.0,authority
agreement,15,llama2:70b,conservative,4.0,authority
agreement,15,llama2:70b,conservative,1.0,authority
agreement,15,llama2:70b,conservative,1.0,authority
agreement,15,llama2:70b,conservative,4.0,authority
agreement,15,llama2:70b,conservative,4.0,authority
agreement,15,llama2:70b,conservative,1.0,authority
agreement,15,llama2:70b,conservative,4.0,authority
agreement,15,llama2:70b,conservative,1.0,authority
agreement,15,llama2:70b,conservative,4.0,authority
agreement,15,llama2:70b,conservative,4.0,authority
agreement,15,llama2:70b,conservative,1.0,authority
agreement,15,llama2:70b,conservative,1.0,authority
agreement,15,llama2:70b,moderate,1.0,authority
agreement,15,llama2:70b,moderate,4.0,authority
agreement,15,llama2:70b,moderate,4.0,authority
agreement,15,llama2:70b,moderate,1.0,authority
agreement,15,llama2:70b,moderate,1.0,authority
agreement,15,llama2:70b,moderate,4.0,authority
agreement,15,llama2:70b,moderate,4.0,authority
agreement,15,llama2:70b,moderate,4.0,authority
agreement,15,llama2:70b,moderate,4.0,authority
agreement,15,llama2:70b,moderate,4.0,authority
agreement,15,llama2:70b,moderate,4.0,authority
agreement,15,llama2:70b,moderate,4.0,authority
agreement,15,llama2:70b,moderate,4.0,authority
agreement,15,llama2:70b,moderate,4.0,authority
agreement,15,llama2:70b,moderate,4.0,authority
agreement,15,llama2:70b,moderate,4.0,authority
agreement,15,llama2:70b,moderate,4.0,authority
agreement,15,llama2:70b,moderate,1.0,authority
agreement,15,llama2:70b,moderate,4.0,authority
agreement,15,llama2:70b,moderate,1.0,authority
agreement,15,llama2:70b,moderate,4.0,authority
agreement,15,llama2:70b,moderate,4.0,authority
agreement,15,llama2:70b,moderate,4.0,authority
agreement,15,llama2:70b,moderate,4.0,authority
agreement,15,llama2:70b,moderate,4.0,authority
agreement,15,llama2:70b,moderate,4.0,authority
agreement,15,llama2:70b,moderate,4.0,authority
agreement,15,llama2:70b,moderate,4.0,authority
agreement,15,llama2:70b,moderate,4.0,authority
agreement,15,llama2:70b,moderate,4.0,authority
agreement,15,llama2:70b,moderate,1.0,authority
agreement,15,llama2:70b,moderate,4.0,authority
agreement,15,llama2:70b,moderate,4.0,authority
agreement,15,llama2:70b,moderate,4.0,authority
agreement,15,llama2:70b,moderate,4.0,authority
agreement,15,llama2:70b,moderate,4.0,authority
agreement,15,llama2:70b,moderate,4.0,authority
agreement,15,llama2:70b,moderate,4.0,authority
agreement,15,llama2:70b,moderate,4.0,authority
agreement,15,llama2:70b,moderate,1.0,authority
agreement,15,llama2:70b,moderate,1.0,authority
agreement,15,llama2:70b,moderate,4.0,authority
agreement,15,llama2:70b,moderate,4.0,authority
agreement,15,llama2:70b,moderate,1.0,authority
agreement,15,llama2:70b,moderate,4.0,authority
agreement,15,llama2:70b,moderate,4.0,authority
agreement,15,llama2:70b,moderate,4.0,authority
agreement,15,llama2:70b,moderate,4.0,authority
agreement,15,llama2:70b,moderate,4.0,authority
agreement,15,llama2:70b,moderate,4.0,authority
agreement,15,llama2:70b,liberal,1.0,authority
agreement,15,llama2:70b,liberal,1.0,authority
agreement,15,llama2:70b,liberal,1.0,authority
agreement,15,llama2:70b,liberal,1.0,authority
agreement,15,llama2:70b,liberal,1.0,authority
agreement,15,llama2:70b,liberal,1.0,authority
agreement,15,llama2:70b,liberal,1.0,authority
agreement,15,llama2:70b,liberal,1.0,authority
agreement,15,llama2:70b,liberal,1.0,authority
agreement,15,llama2:70b,liberal,1.0,authority
agreement,15,llama2:70b,liberal,1.0,authority
agreement,15,llama2:70b,liberal,1.0,authority
agreement,15,llama2:70b,liberal,1.0,authority
agreement,15,llama2:70b,liberal,1.0,authority
agreement,15,llama2:70b,liberal,1.0,authority
agreement,15,llama2:70b,liberal,1.0,authority
agreement,15,llama2:70b,liberal,1.0,authority
agreement,15,llama2:70b,liberal,1.0,authority
agreement,15,llama2:70b,liberal,1.0,authority
agreement,15,llama2:70b,liberal,1.0,authority
agreement,15,llama2:70b,liberal,1.0,authority
agreement,15,llama2:70b,liberal,1.0,authority
agreement,15,llama2:70b,liberal,1.0,authority
agreement,15,llama2:70b,liberal,1.0,authority
agreement,15,llama2:70b,liberal,1.0,authority
agreement,15,llama2:70b,liberal,1.0,authority
agreement,15,llama2:70b,liberal,1.0,authority
agreement,15,llama2:70b,liberal,1.0,authority
agreement,15,llama2:70b,liberal,1.0,authority
agreement,15,llama2:70b,liberal,1.0,authority
agreement,15,llama2:70b,liberal,1.0,authority
agreement,15,llama2:70b,liberal,1.0,authority
agreement,15,llama2:70b,liberal,1.0,authority
agreement,15,llama2:70b,liberal,1.0,authority
agreement,15,llama2:70b,liberal,1.0,authority
agreement,15,llama2:70b,liberal,1.0,authority
agreement,15,llama2:70b,liberal,1.0,authority
agreement,15,llama2:70b,liberal,1.0,authority
agreement,15,llama2:70b,liberal,1.0,authority
agreement,15,llama2:70b,liberal,1.0,authority
agreement,15,llama2:70b,liberal,1.0,authority
agreement,15,llama2:70b,liberal,1.0,authority
agreement,15,llama2:70b,liberal,1.0,authority
agreement,15,llama2:70b,liberal,1.0,authority
agreement,15,llama2:70b,liberal,1.0,authority
agreement,15,llama2:70b,liberal,1.0,authority
agreement,15,llama2:70b,liberal,1.0,authority
agreement,15,llama2:70b,liberal,1.0,authority
agreement,15,llama2:70b,liberal,1.0,authority
agreement,15,llama2:70b,liberal,1.0,authority
agreement,15,llama3:70b,conservative,5.0,authority
agreement,15,llama3:70b,conservative,5.0,authority
agreement,15,llama3:70b,conservative,5.0,authority
agreement,15,llama3:70b,conservative,5.0,authority
agreement,15,llama3:70b,conservative,5.0,authority
agreement,15,llama3:70b,conservative,5.0,authority
agreement,15,llama3:70b,conservative,5.0,authority
agreement,15,llama3:70b,conservative,5.0,authority
agreement,15,llama3:70b,conservative,5.0,authority
agreement,15,llama3:70b,conservative,5.0,authority
agreement,15,llama3:70b,conservative,5.0,authority
agreement,15,llama3:70b,conservative,5.0,authority
agreement,15,llama3:70b,conservative,5.0,authority
agreement,15,llama3:70b,conservative,5.0,authority
agreement,15,llama3:70b,conservative,5.0,authority
agreement,15,llama3:70b,conservative,5.0,authority
agreement,15,llama3:70b,conservative,5.0,authority
agreement,15,llama3:70b,conservative,5.0,authority
agreement,15,llama3:70b,conservative,5.0,authority
agreement,15,llama3:70b,conservative,5.0,authority
agreement,15,llama3:70b,conservative,5.0,authority
agreement,15,llama3:70b,conservative,5.0,authority
agreement,15,llama3:70b,conservative,5.0,authority
agreement,15,llama3:70b,conservative,5.0,authority
agreement,15,llama3:70b,conservative,5.0,authority
agreement,15,llama3:70b,conservative,5.0,authority
agreement,15,llama3:70b,conservative,5.0,authority
agreement,15,llama3:70b,conservative,5.0,authority
agreement,15,llama3:70b,conservative,5.0,authority
agreement,15,llama3:70b,conservative,5.0,authority
agreement,15,llama3:70b,conservative,5.0,authority
agreement,15,llama3:70b,conservative,5.0,authority
agreement,15,llama3:70b,conservative,5.0,authority
agreement,15,llama3:70b,conservative,5.0,authority
agreement,15,llama3:70b,conservative,5.0,authority
agreement,15,llama3:70b,conservative,5.0,authority
agreement,15,llama3:70b,conservative,5.0,authority
agreement,15,llama3:70b,conservative,5.0,authority
agreement,15,llama3:70b,conservative,5.0,authority
agreement,15,llama3:70b,conservative,5.0,authority
agreement,15,llama3:70b,conservative,5.0,authority
agreement,15,llama3:70b,conservative,5.0,authority
agreement,15,llama3:70b,conservative,5.0,authority
agreement,15,llama3:70b,conservative,5.0,authority
agreement,15,llama3:70b,conservative,5.0,authority
agreement,15,llama3:70b,conservative,5.0,authority
agreement,15,llama3:70b,conservative,5.0,authority
agreement,15,llama3:70b,conservative,5.0,authority
agreement,15,llama3:70b,conservative,5.0,authority
agreement,15,llama3:70b,conservative,5.0,authority
agreement,15,llama3:70b,moderate,3.0,authority
agreement,15,llama3:70b,moderate,4.0,authority
agreement,15,llama3:70b,moderate,4.0,authority
agreement,15,llama3:70b,moderate,3.0,authority
agreement,15,llama3:70b,moderate,3.0,authority
agreement,15,llama3:70b,moderate,3.0,authority
agreement,15,llama3:70b,moderate,4.0,authority
agreement,15,llama3:70b,moderate,3.0,authority
agreement,15,llama3:70b,moderate,3.0,authority
agreement,15,llama3:70b,moderate,4.0,authority
agreement,15,llama3:70b,moderate,4.0,authority
agreement,15,llama3:70b,moderate,2.0,authority
agreement,15,llama3:70b,moderate,3.0,authority
agreement,15,llama3:70b,moderate,3.0,authority
agreement,15,llama3:70b,moderate,3.0,authority
agreement,15,llama3:70b,moderate,4.0,authority
agreement,15,llama3:70b,moderate,4.0,authority
agreement,15,llama3:70b,moderate,3.0,authority
agreement,15,llama3:70b,moderate,4.0,authority
agreement,15,llama3:70b,moderate,3.0,authority
agreement,15,llama3:70b,moderate,3.0,authority
agreement,15,llama3:70b,moderate,3.0,authority
agreement,15,llama3:70b,moderate,4.0,authority
agreement,15,llama3:70b,moderate,2.0,authority
agreement,15,llama3:70b,moderate,4.0,authority
agreement,15,llama3:70b,moderate,3.0,authority
agreement,15,llama3:70b,moderate,4.0,authority
agreement,15,llama3:70b,moderate,3.0,authority
agreement,15,llama3:70b,moderate,3.0,authority
agreement,15,llama3:70b,moderate,3.0,authority
agreement,15,llama3:70b,moderate,4.0,authority
agreement,15,llama3:70b,moderate,4.0,authority
agreement,15,llama3:70b,moderate,4.0,authority
agreement,15,llama3:70b,moderate,4.0,authority
agreement,15,llama3:70b,moderate,3.0,authority
agreement,15,llama3:70b,moderate,4.0,authority
agreement,15,llama3:70b,moderate,4.0,authority
agreement,15,llama3:70b,moderate,2.0,authority
agreement,15,llama3:70b,moderate,4.0,authority
agreement,15,llama3:70b,moderate,3.0,authority
agreement,15,llama3:70b,moderate,4.0,authority
agreement,15,llama3:70b,moderate,3.0,authority
agreement,15,llama3:70b,moderate,4.0,authority
agreement,15,llama3:70b,moderate,4.0,authority
agreement,15,llama3:70b,moderate,4.0,authority
agreement,15,llama3:70b,moderate,2.0,authority
agreement,15,llama3:70b,moderate,3.0,authority
agreement,15,llama3:70b,moderate,3.0,authority
agreement,15,llama3:70b,moderate,3.0,authority
agreement,15,llama3:70b,moderate,3.0,authority
agreement,15,llama3:70b,liberal,2.0,authority
agreement,15,llama3:70b,liberal,2.0,authority
agreement,15,llama3:70b,liberal,1.0,authority
agreement,15,llama3:70b,liberal,2.0,authority
agreement,15,llama3:70b,liberal,2.0,authority
agreement,15,llama3:70b,liberal,1.0,authority
agreement,15,llama3:70b,liberal,1.0,authority
agreement,15,llama3:70b,liberal,1.0,authority
agreement,15,llama3:70b,liberal,1.0,authority
agreement,15,llama3:70b,liberal,2.0,authority
agreement,15,llama3:70b,liberal,1.0,authority
agreement,15,llama3:70b,liberal,1.0,authority
agreement,15,llama3:70b,liberal,1.0,authority
agreement,15,llama3:70b,liberal,1.0,authority
agreement,15,llama3:70b,liberal,2.0,authority
agreement,15,llama3:70b,liberal,2.0,authority
agreement,15,llama3:70b,liberal,2.0,authority
agreement,15,llama3:70b,liberal,2.0,authority
agreement,15,llama3:70b,liberal,2.0,authority
agreement,15,llama3:70b,liberal,1.0,authority
agreement,15,llama3:70b,liberal,1.0,authority
agreement,15,llama3:70b,liberal,2.0,authority
agreement,15,llama3:70b,liberal,1.0,authority
agreement,15,llama3:70b,liberal,2.0,authority
agreement,15,llama3:70b,liberal,2.0,authority
agreement,15,llama3:70b,liberal,1.0,authority
agreement,15,llama3:70b,liberal,2.0,authority
agreement,15,llama3:70b,liberal,1.0,authority
agreement,15,llama3:70b,liberal,2.0,authority
agreement,15,llama3:70b,liberal,2.0,authority
agreement,15,llama3:70b,liberal,2.0,authority
agreement,15,llama3:70b,liberal,2.0,authority
agreement,15,llama3:70b,liberal,1.0,authority
agreement,15,llama3:70b,liberal,1.0,authority
agreement,15,llama3:70b,liberal,1.0,authority
agreement,15,llama3:70b,liberal,2.0,authority
agreement,15,llama3:70b,liberal,2.0,authority
agreement,15,llama3:70b,liberal,2.0,authority
agreement,15,llama3:70b,liberal,1.0,authority
agreement,15,llama3:70b,liberal,2.0,authority
agreement,15,llama3:70b,liberal,1.0,authority
agreement,15,llama3:70b,liberal,2.0,authority
agreement,15,llama3:70b,liberal,2.0,authority
agreement,15,llama3:70b,liberal,2.0,authority
agreement,15,llama3:70b,liberal,2.0,authority
agreement,15,llama3:70b,liberal,1.0,authority
agreement,15,llama3:70b,liberal,2.0,authority
agreement,15,llama3:70b,liberal,2.0,authority
agreement,15,llama3:70b,liberal,2.0,authority
agreement,15,llama3:70b,liberal,2.0,authority
agreement,15,llama3.1:70b,conservative,5.0,authority
agreement,15,llama3.1:70b,conservative,5.0,authority
agreement,15,llama3.1:70b,conservative,5.0,authority
agreement,15,llama3.1:70b,conservative,5.0,authority
agreement,15,llama3.1:70b,conservative,5.0,authority
agreement,15,llama3.1:70b,conservative,5.0,authority
agreement,15,llama3.1:70b,conservative,5.0,authority
agreement,15,llama3.1:70b,conservative,5.0,authority
agreement,15,llama3.1:70b,conservative,5.0,authority
agreement,15,llama3.1:70b,conservative,5.0,authority
agreement,15,llama3.1:70b,conservative,5.0,authority
agreement,15,llama3.1:70b,conservative,5.0,authority
agreement,15,llama3.1:70b,conservative,5.0,authority
agreement,15,llama3.1:70b,conservative,5.0,authority
agreement,15,llama3.1:70b,conservative,5.0,authority
agreement,15,llama3.1:70b,conservative,5.0,authority
agreement,15,llama3.1:70b,conservative,5.0,authority
agreement,15,llama3.1:70b,conservative,5.0,authority
agreement,15,llama3.1:70b,conservative,5.0,authority
agreement,15,llama3.1:70b,conservative,5.0,authority
agreement,15,llama3.1:70b,conservative,5.0,authority
agreement,15,llama3.1:70b,conservative,5.0,authority
agreement,15,llama3.1:70b,conservative,5.0,authority
agreement,15,llama3.1:70b,conservative,5.0,authority
agreement,15,llama3.1:70b,conservative,5.0,authority
agreement,15,llama3.1:70b,conservative,5.0,authority
agreement,15,llama3.1:70b,conservative,5.0,authority
agreement,15,llama3.1:70b,conservative,5.0,authority
agreement,15,llama3.1:70b,conservative,5.0,authority
agreement,15,llama3.1:70b,conservative,5.0,authority
agreement,15,llama3.1:70b,conservative,5.0,authority
agreement,15,llama3.1:70b,conservative,5.0,authority
agreement,15,llama3.1:70b,conservative,5.0,authority
agreement,15,llama3.1:70b,conservative,5.0,authority
agreement,15,llama3.1:70b,conservative,5.0,authority
agreement,15,llama3.1:70b,conservative,5.0,authority
agreement,15,llama3.1:70b,conservative,5.0,authority
agreement,15,llama3.1:70b,conservative,5.0,authority
agreement,15,llama3.1:70b,conservative,5.0,authority
agreement,15,llama3.1:70b,conservative,5.0,authority
agreement,15,llama3.1:70b,conservative,5.0,authority
agreement,15,llama3.1:70b,conservative,5.0,authority
agreement,15,llama3.1:70b,conservative,5.0,authority
agreement,15,llama3.1:70b,conservative,5.0,authority
agreement,15,llama3.1:70b,conservative,5.0,authority
agreement,15,llama3.1:70b,conservative,5.0,authority
agreement,15,llama3.1:70b,conservative,5.0,authority
agreement,15,llama3.1:70b,conservative,5.0,authority
agreement,15,llama3.1:70b,conservative,5.0,authority
agreement,15,llama3.1:70b,conservative,5.0,authority
agreement,15,llama3.1:70b,moderate,5.0,authority
agreement,15,llama3.1:70b,moderate,4.0,authority
agreement,15,llama3.1:70b,moderate,4.0,authority
agreement,15,llama3.1:70b,moderate,4.0,authority
agreement,15,llama3.1:70b,moderate,4.0,authority
agreement,15,llama3.1:70b,moderate,4.0,authority
agreement,15,llama3.1:70b,moderate,4.0,authority
agreement,15,llama3.1:70b,moderate,4.0,authority
agreement,15,llama3.1:70b,moderate,5.0,authority
agreement,15,llama3.1:70b,moderate,5.0,authority
agreement,15,llama3.1:70b,moderate,4.0,authority
agreement,15,llama3.1:70b,moderate,4.0,authority
agreement,15,llama3.1:70b,moderate,5.0,authority
agreement,15,llama3.1:70b,moderate,5.0,authority
agreement,15,llama3.1:70b,moderate,5.0,authority
agreement,15,llama3.1:70b,moderate,4.0,authority
agreement,15,llama3.1:70b,moderate,5.0,authority
agreement,15,llama3.1:70b,moderate,4.0,authority
agreement,15,llama3.1:70b,moderate,5.0,authority
agreement,15,llama3.1:70b,moderate,5.0,authority
agreement,15,llama3.1:70b,moderate,4.0,authority
agreement,15,llama3.1:70b,moderate,4.0,authority
agreement,15,llama3.1:70b,moderate,4.0,authority
agreement,15,llama3.1:70b,moderate,4.0,authority
agreement,15,llama3.1:70b,moderate,5.0,authority
agreement,15,llama3.1:70b,moderate,5.0,authority
agreement,15,llama3.1:70b,moderate,4.0,authority
agreement,15,llama3.1:70b,moderate,3.0,authority
agreement,15,llama3.1:70b,moderate,4.0,authority
agreement,15,llama3.1:70b,moderate,4.0,authority
agreement,15,llama3.1:70b,moderate,4.0,authority
agreement,15,llama3.1:70b,moderate,4.0,authority
agreement,15,llama3.1:70b,moderate,3.0,authority
agreement,15,llama3.1:70b,moderate,4.0,authority
agreement,15,llama3.1:70b,moderate,4.0,authority
agreement,15,llama3.1:70b,moderate,4.0,authority
agreement,15,llama3.1:70b,moderate,4.0,authority
agreement,15,llama3.1:70b,moderate,5.0,authority
agreement,15,llama3.1:70b,moderate,5.0,authority
agreement,15,llama3.1:70b,moderate,4.0,authority
agreement,15,llama3.1:70b,moderate,4.0,authority
agreement,15,llama3.1:70b,moderate,4.0,authority
agreement,15,llama3.1:70b,moderate,4.0,authority
agreement,15,llama3.1:70b,moderate,4.0,authority
agreement,15,llama3.1:70b,moderate,4.0,authority
agreement,15,llama3.1:70b,moderate,4.0,authority
agreement,15,llama3.1:70b,moderate,4.0,authority
agreement,15,llama3.1:70b,moderate,4.0,authority
agreement,15,llama3.1:70b,moderate,4.0,authority
agreement,15,llama3.1:70b,moderate,4.0,authority
agreement,15,llama3.1:70b,liberal,0.0,authority
agreement,15,llama3.1:70b,liberal,2.0,authority
agreement,15,llama3.1:70b,liberal,2.0,authority
agreement,15,llama3.1:70b,liberal,2.0,authority
agreement,15,llama3.1:70b,liberal,1.0,authority
agreement,15,llama3.1:70b,liberal,2.0,authority
agreement,15,llama3.1:70b,liberal,2.0,authority
agreement,15,llama3.1:70b,liberal,0.0,authority
agreement,15,llama3.1:70b,liberal,0.0,authority
agreement,15,llama3.1:70b,liberal,2.0,authority
agreement,15,llama3.1:70b,liberal,2.0,authority
agreement,15,llama3.1:70b,liberal,2.0,authority
agreement,15,llama3.1:70b,liberal,2.0,authority
agreement,15,llama3.1:70b,liberal,2.0,authority
agreement,15,llama3.1:70b,liberal,2.0,authority
agreement,15,llama3.1:70b,liberal,2.0,authority
agreement,15,llama3.1:70b,liberal,2.0,authority
agreement,15,llama3.1:70b,liberal,2.0,authority
agreement,15,llama3.1:70b,liberal,1.0,authority
agreement,15,llama3.1:70b,liberal,2.0,authority
agreement,15,llama3.1:70b,liberal,0.0,authority
agreement,15,llama3.1:70b,liberal,0.0,authority
agreement,15,llama3.1:70b,liberal,1.0,authority
agreement,15,llama3.1:70b,liberal,1.0,authority
agreement,15,llama3.1:70b,liberal,2.0,authority
agreement,15,llama3.1:70b,liberal,2.0,authority
agreement,15,llama3.1:70b,liberal,1.0,authority
agreement,15,llama3.1:70b,liberal,2.0,authority
agreement,15,llama3.1:70b,liberal,2.0,authority
agreement,15,llama3.1:70b,liberal,1.0,authority
agreement,15,llama3.1:70b,liberal,2.0,authority
agreement,15,llama3.1:70b,liberal,0.0,authority
agreement,15,llama3.1:70b,liberal,0.0,authority
agreement,15,llama3.1:70b,liberal,1.0,authority
agreement,15,llama3.1:70b,liberal,2.0,authority
agreement,15,llama3.1:70b,liberal,0.0,authority
agreement,15,llama3.1:70b,liberal,2.0,authority
agreement,15,llama3.1:70b,liberal,2.0,authority
agreement,15,llama3.1:70b,liberal,2.0,authority
agreement,15,llama3.1:70b,liberal,1.0,authority
agreement,15,llama3.1:70b,liberal,0.0,authority
agreement,15,llama3.1:70b,liberal,2.0,authority
agreement,15,llama3.1:70b,liberal,2.0,authority
agreement,15,llama3.1:70b,liberal,0.0,authority
agreement,15,llama3.1:70b,liberal,0.0,authority
agreement,15,llama3.1:70b,liberal,2.0,authority
agreement,15,llama3.1:70b,liberal,2.0,authority
agreement,15,llama3.1:70b,liberal,2.0,authority
agreement,15,llama3.1:70b,liberal,2.0,authority
agreement,15,llama3.1:70b,liberal,2.0,authority
agreement,15,mistral:7b,conservative,3.0,authority
agreement,15,mistral:7b,conservative,5.0,authority
agreement,15,mistral:7b,conservative,3.0,authority
agreement,15,mistral:7b,conservative,3.0,authority
agreement,15,mistral:7b,conservative,5.0,authority
agreement,15,mistral:7b,conservative,5.0,authority
agreement,15,mistral:7b,conservative,5.0,authority
agreement,15,mistral:7b,conservative,5.0,authority
agreement,15,mistral:7b,conservative,5.0,authority
agreement,15,mistral:7b,conservative,5.0,authority
agreement,15,mistral:7b,conservative,5.0,authority
agreement,15,mistral:7b,conservative,5.0,authority
agreement,15,mistral:7b,conservative,5.0,authority
agreement,15,mistral:7b,conservative,5.0,authority
agreement,15,mistral:7b,conservative,5.0,authority
agreement,15,mistral:7b,conservative,5.0,authority
agreement,15,mistral:7b,conservative,5.0,authority
agreement,15,mistral:7b,conservative,5.0,authority
agreement,15,mistral:7b,conservative,5.0,authority
agreement,15,mistral:7b,conservative,5.0,authority
agreement,15,mistral:7b,conservative,5.0,authority
agreement,15,mistral:7b,conservative,5.0,authority
agreement,15,mistral:7b,conservative,5.0,authority
agreement,15,mistral:7b,conservative,5.0,authority
agreement,15,mistral:7b,conservative,5.0,authority
agreement,15,mistral:7b,conservative,3.0,authority
agreement,15,mistral:7b,conservative,5.0,authority
agreement,15,mistral:7b,conservative,5.0,authority
agreement,15,mistral:7b,conservative,5.0,authority
agreement,15,mistral:7b,conservative,5.0,authority
agreement,15,mistral:7b,conservative,5.0,authority
agreement,15,mistral:7b,conservative,5.0,authority
agreement,15,mistral:7b,conservative,5.0,authority
agreement,15,mistral:7b,conservative,5.0,authority
agreement,15,mistral:7b,conservative,5.0,authority
agreement,15,mistral:7b,conservative,5.0,authority
agreement,15,mistral:7b,conservative,5.0,authority
agreement,15,mistral:7b,conservative,5.0,authority
agreement,15,mistral:7b,conservative,5.0,authority
agreement,15,mistral:7b,conservative,5.0,authority
agreement,15,mistral:7b,conservative,5.0,authority
agreement,15,mistral:7b,conservative,5.0,authority
agreement,15,mistral:7b,conservative,5.0,authority
agreement,15,mistral:7b,conservative,5.0,authority
agreement,15,mistral:7b,conservative,3.0,authority
agreement,15,mistral:7b,conservative,5.0,authority
agreement,15,mistral:7b,conservative,5.0,authority
agreement,15,mistral:7b,conservative,5.0,authority
agreement,15,mistral:7b,conservative,5.0,authority
agreement,15,mistral:7b,conservative,5.0,authority
agreement,15,mistral:7b,moderate,2.0,authority
agreement,15,mistral:7b,moderate,3.0,authority
agreement,15,mistral:7b,moderate,2.0,authority
agreement,15,mistral:7b,moderate,2.0,authority
agreement,15,mistral:7b,moderate,2.0,authority
agreement,15,mistral:7b,moderate,2.0,authority
agreement,15,mistral:7b,moderate,2.0,authority
agreement,15,mistral:7b,moderate,2.0,authority
agreement,15,mistral:7b,moderate,2.0,authority
agreement,15,mistral:7b,moderate,2.0,authority
agreement,15,mistral:7b,moderate,2.0,authority
agreement,15,mistral:7b,moderate,2.0,authority
agreement,15,mistral:7b,moderate,2.0,authority
agreement,15,mistral:7b,moderate,0.0,authority
agreement,15,mistral:7b,moderate,2.0,authority
agreement,15,mistral:7b,moderate,2.0,authority
agreement,15,mistral:7b,moderate,2.0,authority
agreement,15,mistral:7b,moderate,0.0,authority
agreement,15,mistral:7b,moderate,2.0,authority
agreement,15,mistral:7b,moderate,0.0,authority
agreement,15,mistral:7b,moderate,2.0,authority
agreement,15,mistral:7b,moderate,0.0,authority
agreement,15,mistral:7b,moderate,1.0,authority
agreement,15,mistral:7b,moderate,3.0,authority
agreement,15,mistral:7b,moderate,2.0,authority
agreement,15,mistral:7b,moderate,2.0,authority
agreement,15,mistral:7b,moderate,2.0,authority
agreement,15,mistral:7b,moderate,2.0,authority
agreement,15,mistral:7b,moderate,2.0,authority
agreement,15,mistral:7b,moderate,2.0,authority
agreement,15,mistral:7b,moderate,2.0,authority
agreement,15,mistral:7b,moderate,2.0,authority
agreement,15,mistral:7b,moderate,3.0,authority
agreement,15,mistral:7b,moderate,2.0,authority
agreement,15,mistral:7b,moderate,2.0,authority
agreement,15,mistral:7b,moderate,2.0,authority
agreement,15,mistral:7b,moderate,2.0,authority
agreement,15,mistral:7b,moderate,1.0,authority
agreement,15,mistral:7b,moderate,2.0,authority
agreement,15,mistral:7b,moderate,2.0,authority
agreement,15,mistral:7b,moderate,3.0,authority
agreement,15,mistral:7b,moderate,3.0,authority
agreement,15,mistral:7b,moderate,3.0,authority
agreement,15,mistral:7b,moderate,2.0,authority
agreement,15,mistral:7b,moderate,2.0,authority
agreement,15,mistral:7b,moderate,2.0,authority
agreement,15,mistral:7b,moderate,3.0,authority
agreement,15,mistral:7b,moderate,0.0,authority
agreement,15,mistral:7b,liberal,0.0,authority
agreement,15,mistral:7b,liberal,0.0,authority
agreement,15,mistral:7b,liberal,0.0,authority
agreement,15,mistral:7b,liberal,0.0,authority
agreement,15,mistral:7b,liberal,0.0,authority
agreement,15,mistral:7b,liberal,0.0,authority
agreement,15,mistral:7b,liberal,0.0,authority
agreement,15,mistral:7b,liberal,0.0,authority
agreement,15,mistral:7b,liberal,0.0,authority
agreement,15,mistral:7b,liberal,0.0,authority
agreement,15,mistral:7b,liberal,0.0,authority
agreement,15,mistral:7b,liberal,0.0,authority
agreement,15,mistral:7b,liberal,0.0,authority
agreement,15,mistral:7b,liberal,0.0,authority
agreement,15,mistral:7b,liberal,0.0,authority
agreement,15,mistral:7b,liberal,0.0,authority
agreement,15,mistral:7b,liberal,0.0,authority
agreement,15,mistral:7b,liberal,0.0,authority
agreement,15,mistral:7b,liberal,0.0,authority
agreement,15,mistral:7b,liberal,0.0,authority
agreement,15,mistral:7b,liberal,0.0,authority
agreement,15,mistral:7b,liberal,0.0,authority
agreement,15,mistral:7b,liberal,0.0,authority
agreement,15,mistral:7b,liberal,0.0,authority
agreement,15,mistral:7b,liberal,0.0,authority
agreement,15,mistral:7b,liberal,0.0,authority
agreement,15,mistral:7b,liberal,0.0,authority
agreement,15,mistral:7b,liberal,0.0,authority
agreement,15,mistral:7b,liberal,0.0,authority
agreement,15,mistral:7b,liberal,0.0,authority
agreement,15,mistral:7b,liberal,0.0,authority
agreement,15,mistral:7b,liberal,0.0,authority
agreement,15,mistral:7b,liberal,0.0,authority
agreement,15,mistral:7b,liberal,0.0,authority
agreement,15,mistral:7b,liberal,0.0,authority
agreement,15,mistral:7b,liberal,0.0,authority
agreement,15,mistral:7b,liberal,0.0,authority
agreement,15,mistral:7b,liberal,0.0,authority
agreement,15,mistral:7b,liberal,0.0,authority
agreement,15,mistral:7b,liberal,0.0,authority
agreement,15,mistral:7b,liberal,0.0,authority
agreement,15,mistral:7b,liberal,0.0,authority
agreement,15,mistral:7b,liberal,0.0,authority
agreement,15,mistral:7b,liberal,0.0,authority
agreement,15,mistral:7b,liberal,0.0,authority
agreement,15,mistral:7b,liberal,0.0,authority
agreement,15,mistral:7b,liberal,0.0,authority
agreement,15,mistral:7b,liberal,0.0,authority
agreement,15,mistral:7b,liberal,0.0,authority
agreement,15,mistral:7b,liberal,0.0,authority
agreement,15,mixtral:8x22b,conservative,5.0,authority
agreement,15,mixtral:8x22b,conservative,5.0,authority
agreement,15,mixtral:8x22b,conservative,5.0,authority
agreement,15,mixtral:8x22b,conservative,5.0,authority
agreement,15,mixtral:8x22b,conservative,5.0,authority
agreement,15,mixtral:8x22b,conservative,5.0,authority
agreement,15,mixtral:8x22b,conservative,5.0,authority
agreement,15,mixtral:8x22b,conservative,5.0,authority
agreement,15,mixtral:8x22b,conservative,5.0,authority
agreement,15,mixtral:8x22b,conservative,5.0,authority
agreement,15,mixtral:8x22b,conservative,5.0,authority
agreement,15,mixtral:8x22b,conservative,5.0,authority
agreement,15,mixtral:8x22b,conservative,5.0,authority
agreement,15,mixtral:8x22b,conservative,5.0,authority
agreement,15,mixtral:8x22b,conservative,5.0,authority
agreement,15,mixtral:8x22b,conservative,5.0,authority
agreement,15,mixtral:8x22b,conservative,5.0,authority
agreement,15,mixtral:8x22b,conservative,5.0,authority
agreement,15,mixtral:8x22b,conservative,5.0,authority
agreement,15,mixtral:8x22b,conservative,5.0,authority
agreement,15,mixtral:8x22b,conservative,5.0,authority
agreement,15,mixtral:8x22b,conservative,5.0,authority
agreement,15,mixtral:8x22b,conservative,5.0,authority
agreement,15,mixtral:8x22b,conservative,5.0,authority
agreement,15,mixtral:8x22b,conservative,5.0,authority
agreement,15,mixtral:8x22b,conservative,5.0,authority
agreement,15,mixtral:8x22b,conservative,5.0,authority
agreement,15,mixtral:8x22b,conservative,5.0,authority
agreement,15,mixtral:8x22b,conservative,5.0,authority
agreement,15,mixtral:8x22b,conservative,5.0,authority
agreement,15,mixtral:8x22b,conservative,5.0,authority
agreement,15,mixtral:8x22b,conservative,5.0,authority
agreement,15,mixtral:8x22b,conservative,5.0,authority
agreement,15,mixtral:8x22b,conservative,5.0,authority
agreement,15,mixtral:8x22b,conservative,5.0,authority
agreement,15,mixtral:8x22b,conservative,5.0,authority
agreement,15,mixtral:8x22b,conservative,5.0,authority
agreement,15,mixtral:8x22b,conservative,5.0,authority
agreement,15,mixtral:8x22b,conservative,5.0,authority
agreement,15,mixtral:8x22b,conservative,5.0,authority
agreement,15,mixtral:8x22b,conservative,5.0,authority
agreement,15,mixtral:8x22b,conservative,5.0,authority
agreement,15,mixtral:8x22b,conservative,5.0,authority
agreement,15,mixtral:8x22b,conservative,5.0,authority
agreement,15,mixtral:8x22b,conservative,5.0,authority
agreement,15,mixtral:8x22b,conservative,5.0,authority
agreement,15,mixtral:8x22b,conservative,5.0,authority
agreement,15,mixtral:8x22b,conservative,5.0,authority
agreement,15,mixtral:8x22b,conservative,5.0,authority
agreement,15,mixtral:8x22b,conservative,5.0,authority
agreement,15,mixtral:8x22b,moderate,4.0,authority
agreement,15,mixtral:8x22b,moderate,5.0,authority
agreement,15,mixtral:8x22b,moderate,4.0,authority
agreement,15,mixtral:8x22b,moderate,5.0,authority
agreement,15,mixtral:8x22b,moderate,5.0,authority
agreement,15,mixtral:8x22b,moderate,5.0,authority
agreement,15,mixtral:8x22b,moderate,5.0,authority
agreement,15,mixtral:8x22b,moderate,5.0,authority
agreement,15,mixtral:8x22b,moderate,5.0,authority
agreement,15,mixtral:8x22b,moderate,5.0,authority
agreement,15,mixtral:8x22b,moderate,5.0,authority
agreement,15,mixtral:8x22b,moderate,5.0,authority
agreement,15,mixtral:8x22b,moderate,4.0,authority
agreement,15,mixtral:8x22b,moderate,4.0,authority
agreement,15,mixtral:8x22b,moderate,5.0,authority
agreement,15,mixtral:8x22b,moderate,5.0,authority
agreement,15,mixtral:8x22b,moderate,5.0,authority
agreement,15,mixtral:8x22b,moderate,4.0,authority
agreement,15,mixtral:8x22b,moderate,4.0,authority
agreement,15,mixtral:8x22b,moderate,5.0,authority
agreement,15,mixtral:8x22b,moderate,5.0,authority
agreement,15,mixtral:8x22b,moderate,4.0,authority
agreement,15,mixtral:8x22b,moderate,5.0,authority
agreement,15,mixtral:8x22b,moderate,5.0,authority
agreement,15,mixtral:8x22b,moderate,5.0,authority
agreement,15,mixtral:8x22b,moderate,4.0,authority
agreement,15,mixtral:8x22b,moderate,5.0,authority
agreement,15,mixtral:8x22b,moderate,5.0,authority
agreement,15,mixtral:8x22b,moderate,5.0,authority
agreement,15,mixtral:8x22b,moderate,5.0,authority
agreement,15,mixtral:8x22b,moderate,4.0,authority
agreement,15,mixtral:8x22b,moderate,5.0,authority
agreement,15,mixtral:8x22b,moderate,5.0,authority
agreement,15,mixtral:8x22b,moderate,5.0,authority
agreement,15,mixtral:8x22b,moderate,5.0,authority
agreement,15,mixtral:8x22b,moderate,4.0,authority
agreement,15,mixtral:8x22b,moderate,5.0,authority
agreement,15,mixtral:8x22b,moderate,4.0,authority
agreement,15,mixtral:8x22b,moderate,4.0,authority
agreement,15,mixtral:8x22b,moderate,5.0,authority
agreement,15,mixtral:8x22b,moderate,5.0,authority
agreement,15,mixtral:8x22b,moderate,5.0,authority
agreement,15,mixtral:8x22b,moderate,5.0,authority
agreement,15,mixtral:8x22b,moderate,5.0,authority
agreement,15,mixtral:8x22b,moderate,4.0,authority
agreement,15,mixtral:8x22b,moderate,5.0,authority
agreement,15,mixtral:8x22b,moderate,5.0,authority
agreement,15,mixtral:8x22b,moderate,4.0,authority
agreement,15,mixtral:8x22b,moderate,5.0,authority
agreement,15,mixtral:8x22b,moderate,4.0,authority
agreement,15,mixtral:8x22b,liberal,1.0,authority
agreement,15,mixtral:8x22b,liberal,1.0,authority
agreement,15,mixtral:8x22b,liberal,1.0,authority
agreement,15,mixtral:8x22b,liberal,1.0,authority
agreement,15,mixtral:8x22b,liberal,1.0,authority
agreement,15,mixtral:8x22b,liberal,1.0,authority
agreement,15,mixtral:8x22b,liberal,1.0,authority
agreement,15,mixtral:8x22b,liberal,1.0,authority
agreement,15,mixtral:8x22b,liberal,1.0,authority
agreement,15,mixtral:8x22b,liberal,1.0,authority
agreement,15,mixtral:8x22b,liberal,2.0,authority
agreement,15,mixtral:8x22b,liberal,1.0,authority
agreement,15,mixtral:8x22b,liberal,1.0,authority
agreement,15,mixtral:8x22b,liberal,1.0,authority
agreement,15,mixtral:8x22b,liberal,1.0,authority
agreement,15,mixtral:8x22b,liberal,1.0,authority
agreement,15,mixtral:8x22b,liberal,1.0,authority
agreement,15,mixtral:8x22b,liberal,1.0,authority
agreement,15,mixtral:8x22b,liberal,1.0,authority
agreement,15,mixtral:8x22b,liberal,1.0,authority
agreement,15,mixtral:8x22b,liberal,1.0,authority
agreement,15,mixtral:8x22b,liberal,4.0,authority
agreement,15,mixtral:8x22b,liberal,1.0,authority
agreement,15,mixtral:8x22b,liberal,1.0,authority
agreement,15,mixtral:8x22b,liberal,1.0,authority
agreement,15,mixtral:8x22b,liberal,1.0,authority
agreement,15,mixtral:8x22b,liberal,1.0,authority
agreement,15,mixtral:8x22b,liberal,1.0,authority
agreement,15,mixtral:8x22b,liberal,1.0,authority
agreement,15,mixtral:8x22b,liberal,1.0,authority
agreement,15,mixtral:8x22b,liberal,1.0,authority
agreement,15,mixtral:8x22b,liberal,1.0,authority
agreement,15,mixtral:8x22b,liberal,5.0,authority
agreement,15,mixtral:8x22b,liberal,1.0,authority
agreement,15,mixtral:8x22b,liberal,1.0,authority
agreement,15,mixtral:8x22b,liberal,1.0,authority
agreement,15,mixtral:8x22b,liberal,1.0,authority
agreement,15,mixtral:8x22b,liberal,1.0,authority
agreement,15,mixtral:8x22b,liberal,1.0,authority
agreement,15,mixtral:8x22b,liberal,1.0,authority
agreement,15,mixtral:8x22b,liberal,1.0,authority
agreement,15,mixtral:8x22b,liberal,1.0,authority
agreement,15,mixtral:8x22b,liberal,1.0,authority
agreement,15,mixtral:8x22b,liberal,1.0,authority
agreement,15,mixtral:8x22b,liberal,1.0,authority
agreement,15,mixtral:8x22b,liberal,1.0,authority
agreement,15,mixtral:8x22b,liberal,1.0,authority
agreement,15,mixtral:8x22b,liberal,1.0,authority
agreement,15,mixtral:8x22b,liberal,1.0,authority
agreement,15,mixtral:8x22b,liberal,1.0,authority
agreement,15,mixtral:8x7b,conservative,5.0,authority
agreement,15,mixtral:8x7b,conservative,5.0,authority
agreement,15,mixtral:8x7b,conservative,5.0,authority
agreement,15,mixtral:8x7b,conservative,5.0,authority
agreement,15,mixtral:8x7b,conservative,5.0,authority
agreement,15,mixtral:8x7b,conservative,5.0,authority
agreement,15,mixtral:8x7b,conservative,5.0,authority
agreement,15,mixtral:8x7b,conservative,5.0,authority
agreement,15,mixtral:8x7b,conservative,5.0,authority
agreement,15,mixtral:8x7b,conservative,5.0,authority
agreement,15,mixtral:8x7b,conservative,5.0,authority
agreement,15,mixtral:8x7b,conservative,5.0,authority
agreement,15,mixtral:8x7b,conservative,5.0,authority
agreement,15,mixtral:8x7b,conservative,5.0,authority
agreement,15,mixtral:8x7b,conservative,5.0,authority
agreement,15,mixtral:8x7b,conservative,5.0,authority
agreement,15,mixtral:8x7b,conservative,5.0,authority
agreement,15,mixtral:8x7b,conservative,5.0,authority
agreement,15,mixtral:8x7b,conservative,5.0,authority
agreement,15,mixtral:8x7b,conservative,5.0,authority
agreement,15,mixtral:8x7b,conservative,5.0,authority
agreement,15,mixtral:8x7b,conservative,5.0,authority
agreement,15,mixtral:8x7b,conservative,5.0,authority
agreement,15,mixtral:8x7b,conservative,5.0,authority
agreement,15,mixtral:8x7b,conservative,5.0,authority
agreement,15,mixtral:8x7b,conservative,5.0,authority
agreement,15,mixtral:8x7b,conservative,5.0,authority
agreement,15,mixtral:8x7b,conservative,5.0,authority
agreement,15,mixtral:8x7b,conservative,5.0,authority
agreement,15,mixtral:8x7b,conservative,5.0,authority
agreement,15,mixtral:8x7b,conservative,5.0,authority
agreement,15,mixtral:8x7b,conservative,5.0,authority
agreement,15,mixtral:8x7b,conservative,5.0,authority
agreement,15,mixtral:8x7b,conservative,5.0,authority
agreement,15,mixtral:8x7b,conservative,5.0,authority
agreement,15,mixtral:8x7b,conservative,5.0,authority
agreement,15,mixtral:8x7b,conservative,5.0,authority
agreement,15,mixtral:8x7b,conservative,5.0,authority
agreement,15,mixtral:8x7b,conservative,5.0,authority
agreement,15,mixtral:8x7b,conservative,5.0,authority
agreement,15,mixtral:8x7b,conservative,5.0,authority
agreement,15,mixtral:8x7b,conservative,5.0,authority
agreement,15,mixtral:8x7b,conservative,5.0,authority
agreement,15,mixtral:8x7b,conservative,5.0,authority
agreement,15,mixtral:8x7b,conservative,5.0,authority
agreement,15,mixtral:8x7b,conservative,5.0,authority
agreement,15,mixtral:8x7b,conservative,5.0,authority
agreement,15,mixtral:8x7b,conservative,5.0,authority
agreement,15,mixtral:8x7b,conservative,5.0,authority
agreement,15,mixtral:8x7b,conservative,5.0,authority
agreement,15,mixtral:8x7b,moderate,4.0,authority
agreement,15,mixtral:8x7b,moderate,4.0,authority
agreement,15,mixtral:8x7b,moderate,4.0,authority
agreement,15,mixtral:8x7b,moderate,4.0,authority
agreement,15,mixtral:8x7b,moderate,4.0,authority
agreement,15,mixtral:8x7b,moderate,4.0,authority
agreement,15,mixtral:8x7b,moderate,4.0,authority
agreement,15,mixtral:8x7b,moderate,4.0,authority
agreement,15,mixtral:8x7b,moderate,4.0,authority
agreement,15,mixtral:8x7b,moderate,4.0,authority
agreement,15,mixtral:8x7b,moderate,4.0,authority
agreement,15,mixtral:8x7b,moderate,4.0,authority
agreement,15,mixtral:8x7b,moderate,4.0,authority
agreement,15,mixtral:8x7b,moderate,4.0,authority
agreement,15,mixtral:8x7b,moderate,4.0,authority
agreement,15,mixtral:8x7b,moderate,4.0,authority
agreement,15,mixtral:8x7b,moderate,4.0,authority
agreement,15,mixtral:8x7b,moderate,4.0,authority
agreement,15,mixtral:8x7b,moderate,4.0,authority
agreement,15,mixtral:8x7b,moderate,4.0,authority
agreement,15,mixtral:8x7b,moderate,4.0,authority
agreement,15,mixtral:8x7b,moderate,4.0,authority
agreement,15,mixtral:8x7b,moderate,4.0,authority
agreement,15,mixtral:8x7b,moderate,4.0,authority
agreement,15,mixtral:8x7b,moderate,4.0,authority
agreement,15,mixtral:8x7b,moderate,4.0,authority
agreement,15,mixtral:8x7b,moderate,4.0,authority
agreement,15,mixtral:8x7b,moderate,4.0,authority
agreement,15,mixtral:8x7b,moderate,4.0,authority
agreement,15,mixtral:8x7b,moderate,4.0,authority
agreement,15,mixtral:8x7b,moderate,4.0,authority
agreement,15,mixtral:8x7b,moderate,4.0,authority
agreement,15,mixtral:8x7b,moderate,4.0,authority
agreement,15,mixtral:8x7b,moderate,4.0,authority
agreement,15,mixtral:8x7b,moderate,4.0,authority
agreement,15,mixtral:8x7b,moderate,4.0,authority
agreement,15,mixtral:8x7b,moderate,4.0,authority
agreement,15,mixtral:8x7b,moderate,4.0,authority
agreement,15,mixtral:8x7b,moderate,4.0,authority
agreement,15,mixtral:8x7b,moderate,4.0,authority
agreement,15,mixtral:8x7b,moderate,4.0,authority
agreement,15,mixtral:8x7b,moderate,4.0,authority
agreement,15,mixtral:8x7b,moderate,4.0,authority
agreement,15,mixtral:8x7b,moderate,4.0,authority
agreement,15,mixtral:8x7b,moderate,4.0,authority
agreement,15,mixtral:8x7b,moderate,4.0,authority
agreement,15,mixtral:8x7b,moderate,4.0,authority
agreement,15,mixtral:8x7b,moderate,4.0,authority
agreement,15,mixtral:8x7b,moderate,4.0,authority
agreement,15,mixtral:8x7b,moderate,4.0,authority
agreement,15,mixtral:8x7b,liberal,3.0,authority
agreement,15,mixtral:8x7b,liberal,3.0,authority
agreement,15,mixtral:8x7b,liberal,4.0,authority
agreement,15,mixtral:8x7b,liberal,4.0,authority
agreement,15,mixtral:8x7b,liberal,4.0,authority
agreement,15,mixtral:8x7b,liberal,4.0,authority
agreement,15,mixtral:8x7b,liberal,3.0,authority
agreement,15,mixtral:8x7b,liberal,4.0,authority
agreement,15,mixtral:8x7b,liberal,4.0,authority
agreement,15,mixtral:8x7b,liberal,4.0,authority
agreement,15,mixtral:8x7b,liberal,4.0,authority
agreement,15,mixtral:8x7b,liberal,4.0,authority
agreement,15,mixtral:8x7b,liberal,4.0,authority
agreement,15,mixtral:8x7b,liberal,4.0,authority
agreement,15,mixtral:8x7b,liberal,4.0,authority
agreement,15,mixtral:8x7b,liberal,4.0,authority
agreement,15,mixtral:8x7b,liberal,4.0,authority
agreement,15,mixtral:8x7b,liberal,4.0,authority
agreement,15,mixtral:8x7b,liberal,4.0,authority
agreement,15,mixtral:8x7b,liberal,4.0,authority
agreement,15,mixtral:8x7b,liberal,4.0,authority
agreement,15,mixtral:8x7b,liberal,4.0,authority
agreement,15,mixtral:8x7b,liberal,3.0,authority
agreement,15,mixtral:8x7b,liberal,4.0,authority
agreement,15,mixtral:8x7b,liberal,4.0,authority
agreement,15,mixtral:8x7b,liberal,4.0,authority
agreement,15,mixtral:8x7b,liberal,4.0,authority
agreement,15,mixtral:8x7b,liberal,4.0,authority
agreement,15,mixtral:8x7b,liberal,3.0,authority
agreement,15,mixtral:8x7b,liberal,4.0,authority
agreement,15,mixtral:8x7b,liberal,4.0,authority
agreement,15,mixtral:8x7b,liberal,3.0,authority
agreement,15,mixtral:8x7b,liberal,4.0,authority
agreement,15,mixtral:8x7b,liberal,4.0,authority
agreement,15,mixtral:8x7b,liberal,4.0,authority
agreement,15,mixtral:8x7b,liberal,3.0,authority
agreement,15,mixtral:8x7b,liberal,4.0,authority
agreement,15,mixtral:8x7b,liberal,4.0,authority
agreement,15,mixtral:8x7b,liberal,4.0,authority
agreement,15,mixtral:8x7b,liberal,4.0,authority
agreement,15,mixtral:8x7b,liberal,4.0,authority
agreement,15,mixtral:8x7b,liberal,3.0,authority
agreement,15,mixtral:8x7b,liberal,4.0,authority
agreement,15,mixtral:8x7b,liberal,4.0,authority
agreement,15,mixtral:8x7b,liberal,4.0,authority
agreement,15,mixtral:8x7b,liberal,4.0,authority
agreement,15,mixtral:8x7b,liberal,4.0,authority
agreement,15,mixtral:8x7b,liberal,3.0,authority
agreement,15,mixtral:8x7b,liberal,4.0,authority
agreement,15,mixtral:8x7b,liberal,4.0,authority
agreement,15,phi3:14b,conservative,4.0,authority
agreement,15,phi3:14b,conservative,5.0,authority
agreement,15,phi3:14b,conservative,5.0,authority
agreement,15,phi3:14b,conservative,5.0,authority
agreement,15,phi3:14b,conservative,5.0,authority
agreement,15,phi3:14b,conservative,5.0,authority
agreement,15,phi3:14b,conservative,5.0,authority
agreement,15,phi3:14b,conservative,4.0,authority
agreement,15,phi3:14b,conservative,5.0,authority
agreement,15,phi3:14b,conservative,5.0,authority
agreement,15,phi3:14b,conservative,5.0,authority
agreement,15,phi3:14b,conservative,5.0,authority
agreement,15,phi3:14b,conservative,5.0,authority
agreement,15,phi3:14b,conservative,5.0,authority
agreement,15,phi3:14b,conservative,4.0,authority
agreement,15,phi3:14b,conservative,1.0,authority
agreement,15,phi3:14b,conservative,5.0,authority
agreement,15,phi3:14b,conservative,4.0,authority
agreement,15,phi3:14b,conservative,5.0,authority
agreement,15,phi3:14b,conservative,5.0,authority
agreement,15,phi3:14b,conservative,4.0,authority
agreement,15,phi3:14b,conservative,4.0,authority
agreement,15,phi3:14b,conservative,5.0,authority
agreement,15,phi3:14b,conservative,4.0,authority
agreement,15,phi3:14b,conservative,5.0,authority
agreement,15,phi3:14b,conservative,5.0,authority
agreement,15,phi3:14b,conservative,5.0,authority
agreement,15,phi3:14b,conservative,5.0,authority
agreement,15,phi3:14b,conservative,5.0,authority
agreement,15,phi3:14b,conservative,4.0,authority
agreement,15,phi3:14b,conservative,5.0,authority
agreement,15,phi3:14b,conservative,5.0,authority
agreement,15,phi3:14b,conservative,5.0,authority
agreement,15,phi3:14b,conservative,5.0,authority
agreement,15,phi3:14b,conservative,5.0,authority
agreement,15,phi3:14b,conservative,5.0,authority
agreement,15,phi3:14b,conservative,4.0,authority
agreement,15,phi3:14b,conservative,4.0,authority
agreement,15,phi3:14b,conservative,3.0,authority
agreement,15,phi3:14b,conservative,5.0,authority
agreement,15,phi3:14b,conservative,3.0,authority
agreement,15,phi3:14b,conservative,5.0,authority
agreement,15,phi3:14b,conservative,5.0,authority
agreement,15,phi3:14b,conservative,5.0,authority
agreement,15,phi3:14b,conservative,5.0,authority
agreement,15,phi3:14b,conservative,3.0,authority
agreement,15,phi3:14b,conservative,5.0,authority
agreement,15,phi3:14b,conservative,3.0,authority
agreement,15,phi3:14b,conservative,3.0,authority
agreement,15,phi3:14b,conservative,3.0,authority
agreement,15,phi3:14b,moderate,5.0,authority
agreement,15,phi3:14b,moderate,4.0,authority
agreement,15,phi3:14b,moderate,4.0,authority
agreement,15,phi3:14b,moderate,4.0,authority
agreement,15,phi3:14b,moderate,4.0,authority
agreement,15,phi3:14b,moderate,0.0,authority
agreement,15,phi3:14b,moderate,0.0,authority
agreement,15,phi3:14b,moderate,3.0,authority
agreement,15,phi3:14b,moderate,4.0,authority
agreement,15,phi3:14b,moderate,2.0,authority
agreement,15,phi3:14b,moderate,3.0,authority
agreement,15,phi3:14b,moderate,4.0,authority
agreement,15,phi3:14b,moderate,5.0,authority
agreement,15,phi3:14b,moderate,4.0,authority
agreement,15,phi3:14b,moderate,2.0,authority
agreement,15,phi3:14b,moderate,5.0,authority
agreement,15,phi3:14b,moderate,5.0,authority
agreement,15,phi3:14b,moderate,3.0,authority
agreement,15,phi3:14b,moderate,2.0,authority
agreement,15,phi3:14b,moderate,2.0,authority
agreement,15,phi3:14b,moderate,2.0,authority
agreement,15,phi3:14b,moderate,4.0,authority
agreement,15,phi3:14b,moderate,2.0,authority
agreement,15,phi3:14b,moderate,2.0,authority
agreement,15,phi3:14b,moderate,4.0,authority
agreement,15,phi3:14b,moderate,5.0,authority
agreement,15,phi3:14b,moderate,4.0,authority
agreement,15,phi3:14b,moderate,5.0,authority
agreement,15,phi3:14b,moderate,4.0,authority
agreement,15,phi3:14b,moderate,4.0,authority
agreement,15,phi3:14b,moderate,4.0,authority
agreement,15,phi3:14b,moderate,3.0,authority
agreement,15,phi3:14b,moderate,3.0,authority
agreement,15,phi3:14b,moderate,5.0,authority
agreement,15,phi3:14b,moderate,5.0,authority
agreement,15,phi3:14b,moderate,5.0,authority
agreement,15,phi3:14b,moderate,4.0,authority
agreement,15,phi3:14b,moderate,4.0,authority
agreement,15,phi3:14b,moderate,5.0,authority
agreement,15,phi3:14b,moderate,3.0,authority
agreement,15,phi3:14b,moderate,4.0,authority
agreement,15,phi3:14b,moderate,4.0,authority
agreement,15,phi3:14b,moderate,4.0,authority
agreement,15,phi3:14b,moderate,5.0,authority
agreement,15,phi3:14b,moderate,0.0,authority
agreement,15,phi3:14b,moderate,4.0,authority
agreement,15,phi3:14b,moderate,5.0,authority
agreement,15,phi3:14b,moderate,2.0,authority
agreement,15,phi3:14b,moderate,5.0,authority
agreement,15,phi3:14b,moderate,2.0,authority
agreement,15,phi3:14b,liberal,1.0,authority
agreement,15,phi3:14b,liberal,0.0,authority
agreement,15,phi3:14b,liberal,1.0,authority
agreement,15,phi3:14b,liberal,0.0,authority
agreement,15,phi3:14b,liberal,0.0,authority
agreement,15,phi3:14b,liberal,0.0,authority
agreement,15,phi3:14b,liberal,2.0,authority
agreement,15,phi3:14b,liberal,0.0,authority
agreement,15,phi3:14b,liberal,0.0,authority
agreement,15,phi3:14b,liberal,0.0,authority
agreement,15,phi3:14b,liberal,0.0,authority
agreement,15,phi3:14b,liberal,0.0,authority
agreement,15,phi3:14b,liberal,0.0,authority
agreement,15,phi3:14b,liberal,1.0,authority
agreement,15,phi3:14b,liberal,0.0,authority
agreement,15,phi3:14b,liberal,1.0,authority
agreement,15,phi3:14b,liberal,0.0,authority
agreement,15,phi3:14b,liberal,0.0,authority
agreement,15,phi3:14b,liberal,0.0,authority
agreement,15,phi3:14b,liberal,1.0,authority
agreement,15,phi3:14b,liberal,0.0,authority
agreement,15,phi3:14b,liberal,0.0,authority
agreement,15,phi3:14b,liberal,1.0,authority
agreement,15,phi3:14b,liberal,0.0,authority
agreement,15,phi3:14b,liberal,5.0,authority
agreement,15,phi3:14b,liberal,5.0,authority
agreement,15,phi3:14b,liberal,5.0,authority
agreement,15,phi3:14b,liberal,0.0,authority
agreement,15,phi3:14b,liberal,2.0,authority
agreement,15,phi3:14b,liberal,0.0,authority
agreement,15,phi3:14b,liberal,0.0,authority
agreement,15,phi3:14b,liberal,1.0,authority
agreement,15,phi3:14b,liberal,0.0,authority
agreement,15,phi3:14b,liberal,0.0,authority
agreement,15,phi3:14b,liberal,2.0,authority
agreement,15,phi3:14b,liberal,0.0,authority
agreement,15,phi3:14b,liberal,0.0,authority
agreement,15,phi3:14b,liberal,0.0,authority
agreement,15,phi3:14b,liberal,1.0,authority
agreement,15,phi3:14b,liberal,2.0,authority
agreement,15,phi3:14b,liberal,0.0,authority
agreement,15,phi3:14b,liberal,0.0,authority
agreement,15,phi3:14b,liberal,0.0,authority
agreement,15,phi3:14b,liberal,1.0,authority
agreement,15,phi3:14b,liberal,1.0,authority
agreement,15,phi3:14b,liberal,0.0,authority
agreement,15,phi3:14b,liberal,0.0,authority
agreement,15,phi3:14b,liberal,0.0,authority
agreement,15,phi3:14b,liberal,1.0,authority
agreement,15,phi3:14b,liberal,2.0,authority
agreement,15,gemma:7b,conservative,2.0,authority
agreement,15,gemma:7b,conservative,3.0,authority
agreement,15,gemma:7b,conservative,2.0,authority
agreement,15,gemma:7b,conservative,2.0,authority
agreement,15,gemma:7b,conservative,3.0,authority
agreement,15,gemma:7b,conservative,2.0,authority
agreement,15,gemma:7b,conservative,2.0,authority
agreement,15,gemma:7b,conservative,3.0,authority
agreement,15,gemma:7b,conservative,2.0,authority
agreement,15,gemma:7b,conservative,2.0,authority
agreement,15,gemma:7b,conservative,2.0,authority
agreement,15,gemma:7b,conservative,2.0,authority
agreement,15,gemma:7b,conservative,2.0,authority
agreement,15,gemma:7b,conservative,2.0,authority
agreement,15,gemma:7b,conservative,2.0,authority
agreement,15,gemma:7b,conservative,2.0,authority
agreement,15,gemma:7b,conservative,2.0,authority
agreement,15,gemma:7b,conservative,2.0,authority
agreement,15,gemma:7b,conservative,3.0,authority
agreement,15,gemma:7b,conservative,2.0,authority
agreement,15,gemma:7b,conservative,3.0,authority
agreement,15,gemma:7b,conservative,2.0,authority
agreement,15,gemma:7b,conservative,2.0,authority
agreement,15,gemma:7b,conservative,2.0,authority
agreement,15,gemma:7b,conservative,2.0,authority
agreement,15,gemma:7b,conservative,2.0,authority
agreement,15,gemma:7b,conservative,2.0,authority
agreement,15,gemma:7b,conservative,2.0,authority
agreement,15,gemma:7b,conservative,2.0,authority
agreement,15,gemma:7b,conservative,2.0,authority
agreement,15,gemma:7b,conservative,2.0,authority
agreement,15,gemma:7b,conservative,2.0,authority
agreement,15,gemma:7b,conservative,3.0,authority
agreement,15,gemma:7b,conservative,3.0,authority
agreement,15,gemma:7b,conservative,2.0,authority
agreement,15,gemma:7b,conservative,3.0,authority
agreement,15,gemma:7b,conservative,3.0,authority
agreement,15,gemma:7b,conservative,2.0,authority
agreement,15,gemma:7b,conservative,3.0,authority
agreement,15,gemma:7b,conservative,2.0,authority
agreement,15,gemma:7b,conservative,2.0,authority
agreement,15,gemma:7b,conservative,2.0,authority
agreement,15,gemma:7b,conservative,3.0,authority
agreement,15,gemma:7b,conservative,3.0,authority
agreement,15,gemma:7b,conservative,2.0,authority
agreement,15,gemma:7b,conservative,2.0,authority
agreement,15,gemma:7b,conservative,3.0,authority
agreement,15,gemma:7b,conservative,2.0,authority
agreement,15,gemma:7b,conservative,3.0,authority
agreement,15,gemma:7b,conservative,2.0,authority
agreement,15,gemma:7b,moderate,2.0,authority
agreement,15,gemma:7b,moderate,2.0,authority
agreement,15,gemma:7b,moderate,2.0,authority
agreement,15,gemma:7b,moderate,2.0,authority
agreement,15,gemma:7b,moderate,2.0,authority
agreement,15,gemma:7b,moderate,2.0,authority
agreement,15,gemma:7b,moderate,2.0,authority
agreement,15,gemma:7b,moderate,2.0,authority
agreement,15,gemma:7b,moderate,2.0,authority
agreement,15,gemma:7b,moderate,2.0,authority
agreement,15,gemma:7b,moderate,2.0,authority
agreement,15,gemma:7b,moderate,2.0,authority
agreement,15,gemma:7b,moderate,2.0,authority
agreement,15,gemma:7b,moderate,2.0,authority
agreement,15,gemma:7b,moderate,2.0,authority
agreement,15,gemma:7b,moderate,2.0,authority
agreement,15,gemma:7b,moderate,2.0,authority
agreement,15,gemma:7b,moderate,2.0,authority
agreement,15,gemma:7b,moderate,2.0,authority
agreement,15,gemma:7b,moderate,2.0,authority
agreement,15,gemma:7b,moderate,2.0,authority
agreement,15,gemma:7b,moderate,2.0,authority
agreement,15,gemma:7b,moderate,2.0,authority
agreement,15,gemma:7b,moderate,2.0,authority
agreement,15,gemma:7b,moderate,2.0,authority
agreement,15,gemma:7b,moderate,2.0,authority
agreement,15,gemma:7b,moderate,2.0,authority
agreement,15,gemma:7b,moderate,4.0,authority
agreement,15,gemma:7b,moderate,2.0,authority
agreement,15,gemma:7b,moderate,2.0,authority
agreement,15,gemma:7b,moderate,2.0,authority
agreement,15,gemma:7b,moderate,2.0,authority
agreement,15,gemma:7b,moderate,2.0,authority
agreement,15,gemma:7b,moderate,2.0,authority
agreement,15,gemma:7b,moderate,2.0,authority
agreement,15,gemma:7b,moderate,2.0,authority
agreement,15,gemma:7b,moderate,2.0,authority
agreement,15,gemma:7b,moderate,2.0,authority
agreement,15,gemma:7b,moderate,2.0,authority
agreement,15,gemma:7b,moderate,2.0,authority
agreement,15,gemma:7b,moderate,2.0,authority
agreement,15,gemma:7b,moderate,2.0,authority
agreement,15,gemma:7b,moderate,2.0,authority
agreement,15,gemma:7b,moderate,2.0,authority
agreement,15,gemma:7b,moderate,2.0,authority
agreement,15,gemma:7b,moderate,2.0,authority
agreement,15,gemma:7b,moderate,2.0,authority
agreement,15,gemma:7b,moderate,2.0,authority
agreement,15,gemma:7b,moderate,2.0,authority
agreement,15,gemma:7b,moderate,2.0,authority
agreement,15,gemma:7b,liberal,2.0,authority
agreement,15,gemma:7b,liberal,2.0,authority
agreement,15,gemma:7b,liberal,2.0,authority
agreement,15,gemma:7b,liberal,2.0,authority
agreement,15,gemma:7b,liberal,2.0,authority
agreement,15,gemma:7b,liberal,2.0,authority
agreement,15,gemma:7b,liberal,2.0,authority
agreement,15,gemma:7b,liberal,2.0,authority
agreement,15,gemma:7b,liberal,2.0,authority
agreement,15,gemma:7b,liberal,2.0,authority
agreement,15,gemma:7b,liberal,2.0,authority
agreement,15,gemma:7b,liberal,2.0,authority
agreement,15,gemma:7b,liberal,2.0,authority
agreement,15,gemma:7b,liberal,2.0,authority
agreement,15,gemma:7b,liberal,2.0,authority
agreement,15,gemma:7b,liberal,2.0,authority
agreement,15,gemma:7b,liberal,2.0,authority
agreement,15,gemma:7b,liberal,2.0,authority
agreement,15,gemma:7b,liberal,2.0,authority
agreement,15,gemma:7b,liberal,2.0,authority
agreement,15,gemma:7b,liberal,2.0,authority
agreement,15,gemma:7b,liberal,2.0,authority
agreement,15,gemma:7b,liberal,2.0,authority
agreement,15,gemma:7b,liberal,2.0,authority
agreement,15,gemma:7b,liberal,2.0,authority
agreement,15,gemma:7b,liberal,2.0,authority
agreement,15,gemma:7b,liberal,2.0,authority
agreement,15,gemma:7b,liberal,2.0,authority
agreement,15,gemma:7b,liberal,2.0,authority
agreement,15,gemma:7b,liberal,2.0,authority
agreement,15,gemma:7b,liberal,2.0,authority
agreement,15,gemma:7b,liberal,2.0,authority
agreement,15,gemma:7b,liberal,2.0,authority
agreement,15,gemma:7b,liberal,2.0,authority
agreement,15,gemma:7b,liberal,2.0,authority
agreement,15,gemma:7b,liberal,2.0,authority
agreement,15,gemma:7b,liberal,2.0,authority
agreement,15,gemma:7b,liberal,2.0,authority
agreement,15,gemma:7b,liberal,2.0,authority
agreement,15,gemma:7b,liberal,2.0,authority
agreement,15,gemma:7b,liberal,2.0,authority
agreement,15,gemma:7b,liberal,2.0,authority
agreement,15,gemma:7b,liberal,2.0,authority
agreement,15,gemma:7b,liberal,2.0,authority
agreement,15,gemma:7b,liberal,2.0,authority
agreement,15,gemma:7b,liberal,2.0,authority
agreement,15,gemma:7b,liberal,2.0,authority
agreement,15,gemma:7b,liberal,2.0,authority
agreement,15,gemma:7b,liberal,2.0,authority
agreement,15,gemma:7b,liberal,2.0,authority
agreement,15,gemma2:27b,conservative,5.0,authority
agreement,15,gemma2:27b,conservative,5.0,authority
agreement,15,gemma2:27b,conservative,4.0,authority
agreement,15,gemma2:27b,conservative,5.0,authority
agreement,15,gemma2:27b,conservative,5.0,authority
agreement,15,gemma2:27b,conservative,5.0,authority
agreement,15,gemma2:27b,conservative,5.0,authority
agreement,15,gemma2:27b,conservative,5.0,authority
agreement,15,gemma2:27b,conservative,5.0,authority
agreement,15,gemma2:27b,conservative,5.0,authority
agreement,15,gemma2:27b,conservative,5.0,authority
agreement,15,gemma2:27b,conservative,5.0,authority
agreement,15,gemma2:27b,conservative,5.0,authority
agreement,15,gemma2:27b,conservative,4.0,authority
agreement,15,gemma2:27b,conservative,5.0,authority
agreement,15,gemma2:27b,conservative,5.0,authority
agreement,15,gemma2:27b,conservative,4.0,authority
agreement,15,gemma2:27b,conservative,4.0,authority
agreement,15,gemma2:27b,conservative,5.0,authority
agreement,15,gemma2:27b,conservative,4.0,authority
agreement,15,gemma2:27b,conservative,5.0,authority
agreement,15,gemma2:27b,conservative,5.0,authority
agreement,15,gemma2:27b,conservative,5.0,authority
agreement,15,gemma2:27b,conservative,5.0,authority
agreement,15,gemma2:27b,conservative,5.0,authority
agreement,15,gemma2:27b,conservative,5.0,authority
agreement,15,gemma2:27b,conservative,5.0,authority
agreement,15,gemma2:27b,conservative,5.0,authority
agreement,15,gemma2:27b,conservative,5.0,authority
agreement,15,gemma2:27b,conservative,5.0,authority
agreement,15,gemma2:27b,conservative,4.0,authority
agreement,15,gemma2:27b,conservative,5.0,authority
agreement,15,gemma2:27b,conservative,4.0,authority
agreement,15,gemma2:27b,conservative,5.0,authority
agreement,15,gemma2:27b,conservative,5.0,authority
agreement,15,gemma2:27b,conservative,5.0,authority
agreement,15,gemma2:27b,conservative,5.0,authority
agreement,15,gemma2:27b,conservative,4.0,authority
agreement,15,gemma2:27b,conservative,5.0,authority
agreement,15,gemma2:27b,conservative,5.0,authority
agreement,15,gemma2:27b,conservative,5.0,authority
agreement,15,gemma2:27b,conservative,5.0,authority
agreement,15,gemma2:27b,conservative,5.0,authority
agreement,15,gemma2:27b,conservative,5.0,authority
agreement,15,gemma2:27b,conservative,5.0,authority
agreement,15,gemma2:27b,conservative,5.0,authority
agreement,15,gemma2:27b,conservative,5.0,authority
agreement,15,gemma2:27b,conservative,4.0,authority
agreement,15,gemma2:27b,conservative,5.0,authority
agreement,15,gemma2:27b,conservative,5.0,authority
agreement,15,gemma2:27b,moderate,2.0,authority
agreement,15,gemma2:27b,moderate,2.0,authority
agreement,15,gemma2:27b,moderate,2.0,authority
agreement,15,gemma2:27b,moderate,2.0,authority
agreement,15,gemma2:27b,moderate,2.0,authority
agreement,15,gemma2:27b,moderate,2.0,authority
agreement,15,gemma2:27b,moderate,2.0,authority
agreement,15,gemma2:27b,moderate,2.0,authority
agreement,15,gemma2:27b,moderate,2.0,authority
agreement,15,gemma2:27b,moderate,2.0,authority
agreement,15,gemma2:27b,moderate,2.0,authority
agreement,15,gemma2:27b,moderate,2.0,authority
agreement,15,gemma2:27b,moderate,2.0,authority
agreement,15,gemma2:27b,moderate,2.0,authority
agreement,15,gemma2:27b,moderate,2.0,authority
agreement,15,gemma2:27b,moderate,2.0,authority
agreement,15,gemma2:27b,moderate,2.0,authority
agreement,15,gemma2:27b,moderate,2.0,authority
agreement,15,gemma2:27b,moderate,2.0,authority
agreement,15,gemma2:27b,moderate,2.0,authority
agreement,15,gemma2:27b,moderate,2.0,authority
agreement,15,gemma2:27b,moderate,2.0,authority
agreement,15,gemma2:27b,moderate,2.0,authority
agreement,15,gemma2:27b,moderate,2.0,authority
agreement,15,gemma2:27b,moderate,2.0,authority
agreement,15,gemma2:27b,moderate,2.0,authority
agreement,15,gemma2:27b,moderate,2.0,authority
agreement,15,gemma2:27b,moderate,2.0,authority
agreement,15,gemma2:27b,moderate,2.0,authority
agreement,15,gemma2:27b,moderate,2.0,authority
agreement,15,gemma2:27b,moderate,2.0,authority
agreement,15,gemma2:27b,moderate,2.0,authority
agreement,15,gemma2:27b,moderate,2.0,authority
agreement,15,gemma2:27b,moderate,2.0,authority
agreement,15,gemma2:27b,moderate,2.0,authority
agreement,15,gemma2:27b,moderate,2.0,authority
agreement,15,gemma2:27b,moderate,2.0,authority
agreement,15,gemma2:27b,moderate,2.0,authority
agreement,15,gemma2:27b,moderate,2.0,authority
agreement,15,gemma2:27b,moderate,2.0,authority
agreement,15,gemma2:27b,moderate,2.0,authority
agreement,15,gemma2:27b,moderate,2.0,authority
agreement,15,gemma2:27b,moderate,2.0,authority
agreement,15,gemma2:27b,moderate,2.0,authority
agreement,15,gemma2:27b,moderate,2.0,authority
agreement,15,gemma2:27b,moderate,2.0,authority
agreement,15,gemma2:27b,moderate,2.0,authority
agreement,15,gemma2:27b,moderate,2.0,authority
agreement,15,gemma2:27b,moderate,2.0,authority
agreement,15,gemma2:27b,moderate,2.0,authority
agreement,15,gemma2:27b,liberal,1.0,authority
agreement,15,gemma2:27b,liberal,1.0,authority
agreement,15,gemma2:27b,liberal,1.0,authority
agreement,15,gemma2:27b,liberal,1.0,authority
agreement,15,gemma2:27b,liberal,1.0,authority
agreement,15,gemma2:27b,liberal,1.0,authority
agreement,15,gemma2:27b,liberal,1.0,authority
agreement,15,gemma2:27b,liberal,1.0,authority
agreement,15,gemma2:27b,liberal,1.0,authority
agreement,15,gemma2:27b,liberal,1.0,authority
agreement,15,gemma2:27b,liberal,1.0,authority
agreement,15,gemma2:27b,liberal,1.0,authority
agreement,15,gemma2:27b,liberal,1.0,authority
agreement,15,gemma2:27b,liberal,1.0,authority
agreement,15,gemma2:27b,liberal,1.0,authority
agreement,15,gemma2:27b,liberal,1.0,authority
agreement,15,gemma2:27b,liberal,1.0,authority
agreement,15,gemma2:27b,liberal,1.0,authority
agreement,15,gemma2:27b,liberal,1.0,authority
agreement,15,gemma2:27b,liberal,1.0,authority
agreement,15,gemma2:27b,liberal,1.0,authority
agreement,15,gemma2:27b,liberal,1.0,authority
agreement,15,gemma2:27b,liberal,1.0,authority
agreement,15,gemma2:27b,liberal,1.0,authority
agreement,15,gemma2:27b,liberal,1.0,authority
agreement,15,gemma2:27b,liberal,1.0,authority
agreement,15,gemma2:27b,liberal,1.0,authority
agreement,15,gemma2:27b,liberal,1.0,authority
agreement,15,gemma2:27b,liberal,1.0,authority
agreement,15,gemma2:27b,liberal,1.0,authority
agreement,15,gemma2:27b,liberal,1.0,authority
agreement,15,gemma2:27b,liberal,1.0,authority
agreement,15,gemma2:27b,liberal,1.0,authority
agreement,15,gemma2:27b,liberal,1.0,authority
agreement,15,gemma2:27b,liberal,1.0,authority
agreement,15,gemma2:27b,liberal,1.0,authority
agreement,15,gemma2:27b,liberal,1.0,authority
agreement,15,gemma2:27b,liberal,1.0,authority
agreement,15,gemma2:27b,liberal,1.0,authority
agreement,15,gemma2:27b,liberal,1.0,authority
agreement,15,gemma2:27b,liberal,1.0,authority
agreement,15,gemma2:27b,liberal,1.0,authority
agreement,15,gemma2:27b,liberal,1.0,authority
agreement,15,gemma2:27b,liberal,1.0,authority
agreement,15,gemma2:27b,liberal,1.0,authority
agreement,15,gemma2:27b,liberal,1.0,authority
agreement,15,gemma2:27b,liberal,1.0,authority
agreement,15,gemma2:27b,liberal,1.0,authority
agreement,15,gemma2:27b,liberal,1.0,authority
agreement,15,gemma2:27b,liberal,1.0,authority
agreement,15,qwen:72b,conservative,5.0,authority
agreement,15,qwen:72b,conservative,5.0,authority
agreement,15,qwen:72b,conservative,5.0,authority
agreement,15,qwen:72b,conservative,5.0,authority
agreement,15,qwen:72b,conservative,5.0,authority
agreement,15,qwen:72b,conservative,5.0,authority
agreement,15,qwen:72b,conservative,5.0,authority
agreement,15,qwen:72b,conservative,5.0,authority
agreement,15,qwen:72b,conservative,5.0,authority
agreement,15,qwen:72b,conservative,5.0,authority
agreement,15,qwen:72b,conservative,5.0,authority
agreement,15,qwen:72b,conservative,5.0,authority
agreement,15,qwen:72b,conservative,5.0,authority
agreement,15,qwen:72b,conservative,5.0,authority
agreement,15,qwen:72b,conservative,5.0,authority
agreement,15,qwen:72b,conservative,5.0,authority
agreement,15,qwen:72b,conservative,5.0,authority
agreement,15,qwen:72b,conservative,5.0,authority
agreement,15,qwen:72b,conservative,5.0,authority
agreement,15,qwen:72b,conservative,5.0,authority
agreement,15,qwen:72b,conservative,5.0,authority
agreement,15,qwen:72b,conservative,5.0,authority
agreement,15,qwen:72b,conservative,5.0,authority
agreement,15,qwen:72b,conservative,5.0,authority
agreement,15,qwen:72b,conservative,5.0,authority
agreement,15,qwen:72b,conservative,5.0,authority
agreement,15,qwen:72b,conservative,5.0,authority
agreement,15,qwen:72b,conservative,5.0,authority
agreement,15,qwen:72b,conservative,5.0,authority
agreement,15,qwen:72b,conservative,5.0,authority
agreement,15,qwen:72b,conservative,5.0,authority
agreement,15,qwen:72b,conservative,5.0,authority
agreement,15,qwen:72b,conservative,5.0,authority
agreement,15,qwen:72b,conservative,5.0,authority
agreement,15,qwen:72b,conservative,5.0,authority
agreement,15,qwen:72b,conservative,5.0,authority
agreement,15,qwen:72b,conservative,5.0,authority
agreement,15,qwen:72b,conservative,5.0,authority
agreement,15,qwen:72b,conservative,5.0,authority
agreement,15,qwen:72b,conservative,5.0,authority
agreement,15,qwen:72b,conservative,5.0,authority
agreement,15,qwen:72b,conservative,5.0,authority
agreement,15,qwen:72b,conservative,5.0,authority
agreement,15,qwen:72b,conservative,5.0,authority
agreement,15,qwen:72b,conservative,5.0,authority
agreement,15,qwen:72b,conservative,5.0,authority
agreement,15,qwen:72b,conservative,5.0,authority
agreement,15,qwen:72b,conservative,5.0,authority
agreement,15,qwen:72b,conservative,5.0,authority
agreement,15,qwen:72b,conservative,5.0,authority
agreement,15,qwen:72b,moderate,0.0,authority
agreement,15,qwen:72b,moderate,5.0,authority
agreement,15,qwen:72b,moderate,5.0,authority
agreement,15,qwen:72b,moderate,5.0,authority
agreement,15,qwen:72b,moderate,4.0,authority
agreement,15,qwen:72b,moderate,5.0,authority
agreement,15,qwen:72b,moderate,4.0,authority
agreement,15,qwen:72b,moderate,5.0,authority
agreement,15,qwen:72b,moderate,5.0,authority
agreement,15,qwen:72b,moderate,5.0,authority
agreement,15,qwen:72b,moderate,5.0,authority
agreement,15,qwen:72b,moderate,0.0,authority
agreement,15,qwen:72b,moderate,5.0,authority
agreement,15,qwen:72b,moderate,5.0,authority
agreement,15,qwen:72b,moderate,5.0,authority
agreement,15,qwen:72b,moderate,5.0,authority
agreement,15,qwen:72b,moderate,5.0,authority
agreement,15,qwen:72b,moderate,5.0,authority
agreement,15,qwen:72b,moderate,5.0,authority
agreement,15,qwen:72b,moderate,5.0,authority
agreement,15,qwen:72b,moderate,5.0,authority
agreement,15,qwen:72b,moderate,5.0,authority
agreement,15,qwen:72b,moderate,5.0,authority
agreement,15,qwen:72b,moderate,5.0,authority
agreement,15,qwen:72b,moderate,4.0,authority
agreement,15,qwen:72b,moderate,5.0,authority
agreement,15,qwen:72b,moderate,5.0,authority
agreement,15,qwen:72b,moderate,5.0,authority
agreement,15,qwen:72b,moderate,5.0,authority
agreement,15,qwen:72b,moderate,5.0,authority
agreement,15,qwen:72b,moderate,5.0,authority
agreement,15,qwen:72b,moderate,0.0,authority
agreement,15,qwen:72b,moderate,5.0,authority
agreement,15,qwen:72b,moderate,5.0,authority
agreement,15,qwen:72b,moderate,4.0,authority
agreement,15,qwen:72b,moderate,5.0,authority
agreement,15,qwen:72b,moderate,0.0,authority
agreement,15,qwen:72b,moderate,5.0,authority
agreement,15,qwen:72b,moderate,5.0,authority
agreement,15,qwen:72b,moderate,5.0,authority
agreement,15,qwen:72b,moderate,5.0,authority
agreement,15,qwen:72b,moderate,0.0,authority
agreement,15,qwen:72b,moderate,5.0,authority
agreement,15,qwen:72b,moderate,5.0,authority
agreement,15,qwen:72b,moderate,4.0,authority
agreement,15,qwen:72b,moderate,5.0,authority
agreement,15,qwen:72b,moderate,5.0,authority
agreement,15,qwen:72b,moderate,5.0,authority
agreement,15,qwen:72b,moderate,5.0,authority
agreement,15,qwen:72b,moderate,5.0,authority
agreement,15,qwen:72b,liberal,2.0,authority
agreement,15,qwen:72b,liberal,2.0,authority
agreement,15,qwen:72b,liberal,2.0,authority
agreement,15,qwen:72b,liberal,2.0,authority
agreement,15,qwen:72b,liberal,5.0,authority
agreement,15,qwen:72b,liberal,3.0,authority
agreement,15,qwen:72b,liberal,2.0,authority
agreement,15,qwen:72b,liberal,3.0,authority
agreement,15,qwen:72b,liberal,2.0,authority
agreement,15,qwen:72b,liberal,2.0,authority
agreement,15,qwen:72b,liberal,2.0,authority
agreement,15,qwen:72b,liberal,2.0,authority
agreement,15,qwen:72b,liberal,2.0,authority
agreement,15,qwen:72b,liberal,2.0,authority
agreement,15,qwen:72b,liberal,2.0,authority
agreement,15,qwen:72b,liberal,3.0,authority
agreement,15,qwen:72b,liberal,2.0,authority
agreement,15,qwen:72b,liberal,3.0,authority
agreement,15,qwen:72b,liberal,2.0,authority
agreement,15,qwen:72b,liberal,2.0,authority
agreement,15,qwen:72b,liberal,3.0,authority
agreement,15,qwen:72b,liberal,2.0,authority
agreement,15,qwen:72b,liberal,3.0,authority
agreement,15,qwen:72b,liberal,2.0,authority
agreement,15,qwen:72b,liberal,2.0,authority
agreement,15,qwen:72b,liberal,2.0,authority
agreement,15,qwen:72b,liberal,2.0,authority
agreement,15,qwen:72b,liberal,2.0,authority
agreement,15,qwen:72b,liberal,2.0,authority
agreement,15,qwen:72b,liberal,2.0,authority
agreement,15,qwen:72b,liberal,2.0,authority
agreement,15,qwen:72b,liberal,2.0,authority
agreement,15,qwen:72b,liberal,2.0,authority
agreement,15,qwen:72b,liberal,2.0,authority
agreement,15,qwen:72b,liberal,2.0,authority
agreement,15,qwen:72b,liberal,2.0,authority
agreement,15,qwen:72b,liberal,5.0,authority
agreement,15,qwen:72b,liberal,5.0,authority
agreement,15,qwen:72b,liberal,2.0,authority
agreement,15,qwen:72b,liberal,3.0,authority
agreement,15,qwen:72b,liberal,2.0,authority
agreement,15,qwen:72b,liberal,2.0,authority
agreement,15,qwen:72b,liberal,2.0,authority
agreement,15,qwen:72b,liberal,3.0,authority
agreement,15,qwen:72b,liberal,2.0,authority
agreement,15,qwen:72b,liberal,2.0,authority
agreement,15,qwen:72b,liberal,2.0,authority
agreement,15,qwen:72b,liberal,3.0,authority
agreement,15,qwen:72b,liberal,2.0,authority
agreement,15,qwen:72b,liberal,2.0,authority
agreement,15,qwen2:72b,conservative,5.0,authority
agreement,15,qwen2:72b,conservative,5.0,authority
agreement,15,qwen2:72b,conservative,5.0,authority
agreement,15,qwen2:72b,conservative,5.0,authority
agreement,15,qwen2:72b,conservative,5.0,authority
agreement,15,qwen2:72b,conservative,5.0,authority
agreement,15,qwen2:72b,conservative,5.0,authority
agreement,15,qwen2:72b,conservative,5.0,authority
agreement,15,qwen2:72b,conservative,5.0,authority
agreement,15,qwen2:72b,conservative,5.0,authority
agreement,15,qwen2:72b,conservative,5.0,authority
agreement,15,qwen2:72b,conservative,5.0,authority
agreement,15,qwen2:72b,conservative,5.0,authority
agreement,15,qwen2:72b,conservative,5.0,authority
agreement,15,qwen2:72b,conservative,5.0,authority
agreement,15,qwen2:72b,conservative,5.0,authority
agreement,15,qwen2:72b,conservative,5.0,authority
agreement,15,qwen2:72b,conservative,5.0,authority
agreement,15,qwen2:72b,conservative,5.0,authority
agreement,15,qwen2:72b,conservative,4.0,authority
agreement,15,qwen2:72b,conservative,5.0,authority
agreement,15,qwen2:72b,conservative,4.0,authority
agreement,15,qwen2:72b,conservative,5.0,authority
agreement,15,qwen2:72b,conservative,5.0,authority
agreement,15,qwen2:72b,conservative,5.0,authority
agreement,15,qwen2:72b,conservative,5.0,authority
agreement,15,qwen2:72b,conservative,5.0,authority
agreement,15,qwen2:72b,conservative,5.0,authority
agreement,15,qwen2:72b,conservative,5.0,authority
agreement,15,qwen2:72b,conservative,5.0,authority
agreement,15,qwen2:72b,conservative,5.0,authority
agreement,15,qwen2:72b,conservative,4.0,authority
agreement,15,qwen2:72b,conservative,5.0,authority
agreement,15,qwen2:72b,conservative,5.0,authority
agreement,15,qwen2:72b,conservative,5.0,authority
agreement,15,qwen2:72b,conservative,5.0,authority
agreement,15,qwen2:72b,conservative,5.0,authority
agreement,15,qwen2:72b,conservative,5.0,authority
agreement,15,qwen2:72b,conservative,5.0,authority
agreement,15,qwen2:72b,conservative,5.0,authority
agreement,15,qwen2:72b,conservative,5.0,authority
agreement,15,qwen2:72b,conservative,5.0,authority
agreement,15,qwen2:72b,conservative,5.0,authority
agreement,15,qwen2:72b,conservative,5.0,authority
agreement,15,qwen2:72b,conservative,5.0,authority
agreement,15,qwen2:72b,conservative,5.0,authority
agreement,15,qwen2:72b,conservative,5.0,authority
agreement,15,qwen2:72b,conservative,5.0,authority
agreement,15,qwen2:72b,conservative,5.0,authority
agreement,15,qwen2:72b,conservative,5.0,authority
agreement,15,qwen2:72b,moderate,4.0,authority
agreement,15,qwen2:72b,moderate,3.0,authority
agreement,15,qwen2:72b,moderate,4.0,authority
agreement,15,qwen2:72b,moderate,3.0,authority
agreement,15,qwen2:72b,moderate,2.0,authority
agreement,15,qwen2:72b,moderate,3.0,authority
agreement,15,qwen2:72b,moderate,4.0,authority
agreement,15,qwen2:72b,moderate,3.0,authority
agreement,15,qwen2:72b,moderate,4.0,authority
agreement,15,qwen2:72b,moderate,3.0,authority
agreement,15,qwen2:72b,moderate,4.0,authority
agreement,15,qwen2:72b,moderate,4.0,authority
agreement,15,qwen2:72b,moderate,4.0,authority
agreement,15,qwen2:72b,moderate,3.0,authority
agreement,15,qwen2:72b,moderate,4.0,authority
agreement,15,qwen2:72b,moderate,3.0,authority
agreement,15,qwen2:72b,moderate,3.0,authority
agreement,15,qwen2:72b,moderate,4.0,authority
agreement,15,qwen2:72b,moderate,3.0,authority
agreement,15,qwen2:72b,moderate,4.0,authority
agreement,15,qwen2:72b,moderate,3.0,authority
agreement,15,qwen2:72b,moderate,3.0,authority
agreement,15,qwen2:72b,moderate,3.0,authority
agreement,15,qwen2:72b,moderate,3.0,authority
agreement,15,qwen2:72b,moderate,3.0,authority
agreement,15,qwen2:72b,moderate,3.0,authority
agreement,15,qwen2:72b,moderate,3.0,authority
agreement,15,qwen2:72b,moderate,3.0,authority
agreement,15,qwen2:72b,moderate,3.0,authority
agreement,15,qwen2:72b,moderate,3.0,authority
agreement,15,qwen2:72b,moderate,3.0,authority
agreement,15,qwen2:72b,moderate,3.0,authority
agreement,15,qwen2:72b,moderate,3.0,authority
agreement,15,qwen2:72b,moderate,3.0,authority
agreement,15,qwen2:72b,moderate,4.0,authority
agreement,15,qwen2:72b,moderate,3.0,authority
agreement,15,qwen2:72b,moderate,3.0,authority
agreement,15,qwen2:72b,moderate,4.0,authority
agreement,15,qwen2:72b,moderate,3.0,authority
agreement,15,qwen2:72b,moderate,3.0,authority
agreement,15,qwen2:72b,moderate,3.0,authority
agreement,15,qwen2:72b,moderate,3.0,authority
agreement,15,qwen2:72b,moderate,3.0,authority
agreement,15,qwen2:72b,moderate,3.0,authority
agreement,15,qwen2:72b,moderate,3.0,authority
agreement,15,qwen2:72b,moderate,4.0,authority
agreement,15,qwen2:72b,moderate,4.0,authority
agreement,15,qwen2:72b,moderate,3.0,authority
agreement,15,qwen2:72b,moderate,3.0,authority
agreement,15,qwen2:72b,moderate,4.0,authority
agreement,15,qwen2:72b,liberal,0.0,authority
agreement,15,qwen2:72b,liberal,0.0,authority
agreement,15,qwen2:72b,liberal,0.0,authority
agreement,15,qwen2:72b,liberal,0.0,authority
agreement,15,qwen2:72b,liberal,0.0,authority
agreement,15,qwen2:72b,liberal,0.0,authority
agreement,15,qwen2:72b,liberal,0.0,authority
agreement,15,qwen2:72b,liberal,0.0,authority
agreement,15,qwen2:72b,liberal,0.0,authority
agreement,15,qwen2:72b,liberal,0.0,authority
agreement,15,qwen2:72b,liberal,0.0,authority
agreement,15,qwen2:72b,liberal,0.0,authority
agreement,15,qwen2:72b,liberal,0.0,authority
agreement,15,qwen2:72b,liberal,0.0,authority
agreement,15,qwen2:72b,liberal,0.0,authority
agreement,15,qwen2:72b,liberal,0.0,authority
agreement,15,qwen2:72b,liberal,0.0,authority
agreement,15,qwen2:72b,liberal,0.0,authority
agreement,15,qwen2:72b,liberal,0.0,authority
agreement,15,qwen2:72b,liberal,0.0,authority
agreement,15,qwen2:72b,liberal,0.0,authority
agreement,15,qwen2:72b,liberal,0.0,authority
agreement,15,qwen2:72b,liberal,0.0,authority
agreement,15,qwen2:72b,liberal,0.0,authority
agreement,15,qwen2:72b,liberal,0.0,authority
agreement,15,qwen2:72b,liberal,0.0,authority
agreement,15,qwen2:72b,liberal,0.0,authority
agreement,15,qwen2:72b,liberal,0.0,authority
agreement,15,qwen2:72b,liberal,0.0,authority
agreement,15,qwen2:72b,liberal,2.0,authority
agreement,15,qwen2:72b,liberal,0.0,authority
agreement,15,qwen2:72b,liberal,0.0,authority
agreement,15,qwen2:72b,liberal,0.0,authority
agreement,15,qwen2:72b,liberal,0.0,authority
agreement,15,qwen2:72b,liberal,0.0,authority
agreement,15,qwen2:72b,liberal,0.0,authority
agreement,15,qwen2:72b,liberal,0.0,authority
agreement,15,qwen2:72b,liberal,0.0,authority
agreement,15,qwen2:72b,liberal,0.0,authority
agreement,15,qwen2:72b,liberal,0.0,authority
agreement,15,qwen2:72b,liberal,0.0,authority
agreement,15,qwen2:72b,liberal,0.0,authority
agreement,15,qwen2:72b,liberal,0.0,authority
agreement,15,qwen2:72b,liberal,0.0,authority
agreement,15,qwen2:72b,liberal,0.0,authority
agreement,15,qwen2:72b,liberal,0.0,authority
agreement,15,qwen2:72b,liberal,0.0,authority
agreement,15,qwen2:72b,liberal,0.0,authority
agreement,15,qwen2:72b,liberal,0.0,authority
agreement,15,qwen2:72b,liberal,0.0,authority
agreement,16,llama3.1:8b,conservative,5.0,purity
agreement,16,llama3.1:8b,conservative,5.0,purity
agreement,16,llama3.1:8b,conservative,5.0,purity
agreement,16,llama3.1:8b,conservative,5.0,purity
agreement,16,llama3.1:8b,conservative,5.0,purity
agreement,16,llama3.1:8b,conservative,5.0,purity
agreement,16,llama3.1:8b,conservative,5.0,purity
agreement,16,llama3.1:8b,conservative,5.0,purity
agreement,16,llama3.1:8b,conservative,5.0,purity
agreement,16,llama3.1:8b,conservative,5.0,purity
agreement,16,llama3.1:8b,conservative,5.0,purity
agreement,16,llama3.1:8b,conservative,5.0,purity
agreement,16,llama3.1:8b,conservative,5.0,purity
agreement,16,llama3.1:8b,conservative,5.0,purity
agreement,16,llama3.1:8b,conservative,5.0,purity
agreement,16,llama3.1:8b,conservative,5.0,purity
agreement,16,llama3.1:8b,conservative,5.0,purity
agreement,16,llama3.1:8b,conservative,5.0,purity
agreement,16,llama3.1:8b,conservative,5.0,purity
agreement,16,llama3.1:8b,conservative,5.0,purity
agreement,16,llama3.1:8b,conservative,5.0,purity
agreement,16,llama3.1:8b,conservative,5.0,purity
agreement,16,llama3.1:8b,conservative,5.0,purity
agreement,16,llama3.1:8b,conservative,5.0,purity
agreement,16,llama3.1:8b,conservative,5.0,purity
agreement,16,llama3.1:8b,conservative,5.0,purity
agreement,16,llama3.1:8b,conservative,5.0,purity
agreement,16,llama3.1:8b,conservative,5.0,purity
agreement,16,llama3.1:8b,conservative,5.0,purity
agreement,16,llama3.1:8b,conservative,5.0,purity
agreement,16,llama3.1:8b,conservative,5.0,purity
agreement,16,llama3.1:8b,conservative,5.0,purity
agreement,16,llama3.1:8b,conservative,5.0,purity
agreement,16,llama3.1:8b,conservative,5.0,purity
agreement,16,llama3.1:8b,conservative,5.0,purity
agreement,16,llama3.1:8b,conservative,5.0,purity
agreement,16,llama3.1:8b,conservative,5.0,purity
agreement,16,llama3.1:8b,conservative,5.0,purity
agreement,16,llama3.1:8b,conservative,5.0,purity
agreement,16,llama3.1:8b,conservative,5.0,purity
agreement,16,llama3.1:8b,conservative,5.0,purity
agreement,16,llama3.1:8b,conservative,5.0,purity
agreement,16,llama3.1:8b,conservative,5.0,purity
agreement,16,llama3.1:8b,conservative,5.0,purity
agreement,16,llama3.1:8b,conservative,5.0,purity
agreement,16,llama3.1:8b,conservative,5.0,purity
agreement,16,llama3.1:8b,conservative,5.0,purity
agreement,16,llama3.1:8b,conservative,5.0,purity
agreement,16,llama3.1:8b,conservative,5.0,purity
agreement,16,llama3.1:8b,conservative,5.0,purity
agreement,16,llama3.1:8b,moderate,4.0,purity
agreement,16,llama3.1:8b,moderate,3.0,purity
agreement,16,llama3.1:8b,moderate,3.0,purity
agreement,16,llama3.1:8b,moderate,5.0,purity
agreement,16,llama3.1:8b,moderate,5.0,purity
agreement,16,llama3.1:8b,moderate,5.0,purity
agreement,16,llama3.1:8b,moderate,4.0,purity
agreement,16,llama3.1:8b,moderate,2.0,purity
agreement,16,llama3.1:8b,moderate,4.0,purity
agreement,16,llama3.1:8b,moderate,2.0,purity
agreement,16,llama3.1:8b,moderate,3.0,purity
agreement,16,llama3.1:8b,moderate,3.0,purity
agreement,16,llama3.1:8b,moderate,3.0,purity
agreement,16,llama3.1:8b,moderate,5.0,purity
agreement,16,llama3.1:8b,moderate,5.0,purity
agreement,16,llama3.1:8b,moderate,3.0,purity
agreement,16,llama3.1:8b,moderate,4.0,purity
agreement,16,llama3.1:8b,moderate,5.0,purity
agreement,16,llama3.1:8b,moderate,5.0,purity
agreement,16,llama3.1:8b,moderate,5.0,purity
agreement,16,llama3.1:8b,moderate,4.0,purity
agreement,16,llama3.1:8b,moderate,3.0,purity
agreement,16,llama3.1:8b,moderate,4.0,purity
agreement,16,llama3.1:8b,moderate,5.0,purity
agreement,16,llama3.1:8b,moderate,4.0,purity
agreement,16,llama3.1:8b,moderate,4.0,purity
agreement,16,llama3.1:8b,moderate,4.0,purity
agreement,16,llama3.1:8b,moderate,4.0,purity
agreement,16,llama3.1:8b,moderate,4.0,purity
agreement,16,llama3.1:8b,moderate,4.0,purity
agreement,16,llama3.1:8b,moderate,2.0,purity
agreement,16,llama3.1:8b,moderate,5.0,purity
agreement,16,llama3.1:8b,moderate,4.0,purity
agreement,16,llama3.1:8b,moderate,3.0,purity
agreement,16,llama3.1:8b,moderate,5.0,purity
agreement,16,llama3.1:8b,moderate,3.0,purity
agreement,16,llama3.1:8b,moderate,4.0,purity
agreement,16,llama3.1:8b,moderate,4.0,purity
agreement,16,llama3.1:8b,moderate,5.0,purity
agreement,16,llama3.1:8b,moderate,3.0,purity
agreement,16,llama3.1:8b,moderate,4.0,purity
agreement,16,llama3.1:8b,moderate,4.0,purity
agreement,16,llama3.1:8b,moderate,4.0,purity
agreement,16,llama3.1:8b,moderate,5.0,purity
agreement,16,llama3.1:8b,moderate,4.0,purity
agreement,16,llama3.1:8b,moderate,4.0,purity
agreement,16,llama3.1:8b,moderate,3.0,purity
agreement,16,llama3.1:8b,moderate,4.0,purity
agreement,16,llama3.1:8b,moderate,5.0,purity
agreement,16,llama3.1:8b,moderate,5.0,purity
agreement,16,llama3.1:8b,liberal,5.0,purity
agreement,16,llama3.1:8b,liberal,2.0,purity
agreement,16,llama3.1:8b,liberal,1.0,purity
agreement,16,llama3.1:8b,liberal,1.0,purity
agreement,16,llama3.1:8b,liberal,0.0,purity
agreement,16,llama3.1:8b,liberal,4.0,purity
agreement,16,llama3.1:8b,liberal,0.0,purity
agreement,16,llama3.1:8b,liberal,1.0,purity
agreement,16,llama3.1:8b,liberal,4.0,purity
agreement,16,llama3.1:8b,liberal,2.0,purity
agreement,16,llama3.1:8b,liberal,1.0,purity
agreement,16,llama3.1:8b,liberal,0.0,purity
agreement,16,llama3.1:8b,liberal,0.0,purity
agreement,16,llama3.1:8b,liberal,4.0,purity
agreement,16,llama3.1:8b,liberal,2.0,purity
agreement,16,llama3.1:8b,liberal,5.0,purity
agreement,16,llama3.1:8b,liberal,5.0,purity
agreement,16,llama3.1:8b,liberal,2.0,purity
agreement,16,llama3.1:8b,liberal,1.0,purity
agreement,16,llama3.1:8b,liberal,1.0,purity
agreement,16,llama3.1:8b,liberal,2.0,purity
agreement,16,llama3.1:8b,liberal,0.0,purity
agreement,16,llama3.1:8b,liberal,0.0,purity
agreement,16,llama3.1:8b,liberal,0.0,purity
agreement,16,llama3.1:8b,liberal,4.0,purity
agreement,16,llama3.1:8b,liberal,2.0,purity
agreement,16,llama3.1:8b,liberal,5.0,purity
agreement,16,llama3.1:8b,liberal,2.0,purity
agreement,16,llama3.1:8b,liberal,2.0,purity
agreement,16,llama3.1:8b,liberal,2.0,purity
agreement,16,llama3.1:8b,liberal,0.0,purity
agreement,16,llama3.1:8b,liberal,1.0,purity
agreement,16,llama3.1:8b,liberal,2.0,purity
agreement,16,llama3.1:8b,liberal,4.0,purity
agreement,16,llama3.1:8b,liberal,0.0,purity
agreement,16,llama3.1:8b,liberal,0.0,purity
agreement,16,llama3.1:8b,liberal,0.0,purity
agreement,16,llama3.1:8b,liberal,0.0,purity
agreement,16,llama3.1:8b,liberal,5.0,purity
agreement,16,llama3.1:8b,liberal,2.0,purity
agreement,16,llama3.1:8b,liberal,4.0,purity
agreement,16,llama3.1:8b,liberal,2.0,purity
agreement,16,llama3.1:8b,liberal,5.0,purity
agreement,16,llama3.1:8b,liberal,0.0,purity
agreement,16,llama3.1:8b,liberal,2.0,purity
agreement,16,llama3.1:8b,liberal,2.0,purity
agreement,16,llama3.1:8b,liberal,0.0,purity
agreement,16,llama3.1:8b,liberal,0.0,purity
agreement,16,llama3.1:8b,liberal,2.0,purity
agreement,16,llama3.1:8b,liberal,2.0,purity
agreement,16,llama2:70b,conservative,4.0,purity
agreement,16,llama2:70b,conservative,4.0,purity
agreement,16,llama2:70b,conservative,4.0,purity
agreement,16,llama2:70b,conservative,4.0,purity
agreement,16,llama2:70b,conservative,4.0,purity
agreement,16,llama2:70b,conservative,4.0,purity
agreement,16,llama2:70b,conservative,4.0,purity
agreement,16,llama2:70b,conservative,4.0,purity
agreement,16,llama2:70b,conservative,4.0,purity
agreement,16,llama2:70b,conservative,4.0,purity
agreement,16,llama2:70b,conservative,4.0,purity
agreement,16,llama2:70b,conservative,4.0,purity
agreement,16,llama2:70b,conservative,4.0,purity
agreement,16,llama2:70b,conservative,4.0,purity
agreement,16,llama2:70b,conservative,4.0,purity
agreement,16,llama2:70b,conservative,4.0,purity
agreement,16,llama2:70b,conservative,4.0,purity
agreement,16,llama2:70b,conservative,1.0,purity
agreement,16,llama2:70b,conservative,4.0,purity
agreement,16,llama2:70b,conservative,4.0,purity
agreement,16,llama2:70b,conservative,4.0,purity
agreement,16,llama2:70b,conservative,4.0,purity
agreement,16,llama2:70b,conservative,4.0,purity
agreement,16,llama2:70b,conservative,4.0,purity
agreement,16,llama2:70b,conservative,4.0,purity
agreement,16,llama2:70b,conservative,4.0,purity
agreement,16,llama2:70b,conservative,4.0,purity
agreement,16,llama2:70b,conservative,4.0,purity
agreement,16,llama2:70b,conservative,4.0,purity
agreement,16,llama2:70b,conservative,4.0,purity
agreement,16,llama2:70b,conservative,4.0,purity
agreement,16,llama2:70b,conservative,4.0,purity
agreement,16,llama2:70b,conservative,4.0,purity
agreement,16,llama2:70b,conservative,4.0,purity
agreement,16,llama2:70b,conservative,4.0,purity
agreement,16,llama2:70b,conservative,4.0,purity
agreement,16,llama2:70b,conservative,4.0,purity
agreement,16,llama2:70b,conservative,4.0,purity
agreement,16,llama2:70b,conservative,4.0,purity
agreement,16,llama2:70b,conservative,4.0,purity
agreement,16,llama2:70b,conservative,4.0,purity
agreement,16,llama2:70b,conservative,4.0,purity
agreement,16,llama2:70b,conservative,4.0,purity
agreement,16,llama2:70b,conservative,4.0,purity
agreement,16,llama2:70b,conservative,4.0,purity
agreement,16,llama2:70b,conservative,4.0,purity
agreement,16,llama2:70b,conservative,4.0,purity
agreement,16,llama2:70b,conservative,4.0,purity
agreement,16,llama2:70b,conservative,4.0,purity
agreement,16,llama2:70b,moderate,1.0,purity
agreement,16,llama2:70b,moderate,4.0,purity
agreement,16,llama2:70b,moderate,2.0,purity
agreement,16,llama2:70b,moderate,4.0,purity
agreement,16,llama2:70b,moderate,2.0,purity
agreement,16,llama2:70b,moderate,1.0,purity
agreement,16,llama2:70b,moderate,4.0,purity
agreement,16,llama2:70b,moderate,4.0,purity
agreement,16,llama2:70b,moderate,1.0,purity
agreement,16,llama2:70b,moderate,4.0,purity
agreement,16,llama2:70b,moderate,1.0,purity
agreement,16,llama2:70b,moderate,1.0,purity
agreement,16,llama2:70b,moderate,4.0,purity
agreement,16,llama2:70b,moderate,1.0,purity
agreement,16,llama2:70b,moderate,4.0,purity
agreement,16,llama2:70b,moderate,3.0,purity
agreement,16,llama2:70b,moderate,1.0,purity
agreement,16,llama2:70b,moderate,3.0,purity
agreement,16,llama2:70b,moderate,4.0,purity
agreement,16,llama2:70b,moderate,4.0,purity
agreement,16,llama2:70b,moderate,2.0,purity
agreement,16,llama2:70b,moderate,2.0,purity
agreement,16,llama2:70b,moderate,4.0,purity
agreement,16,llama2:70b,moderate,4.0,purity
agreement,16,llama2:70b,moderate,3.0,purity
agreement,16,llama2:70b,moderate,1.0,purity
agreement,16,llama2:70b,moderate,4.0,purity
agreement,16,llama2:70b,moderate,4.0,purity
agreement,16,llama2:70b,moderate,4.0,purity
agreement,16,llama2:70b,moderate,4.0,purity
agreement,16,llama2:70b,moderate,1.0,purity
agreement,16,llama2:70b,moderate,4.0,purity
agreement,16,llama2:70b,moderate,2.0,purity
agreement,16,llama2:70b,moderate,4.0,purity
agreement,16,llama2:70b,moderate,4.0,purity
agreement,16,llama2:70b,moderate,1.0,purity
agreement,16,llama2:70b,moderate,2.0,purity
agreement,16,llama2:70b,moderate,2.0,purity
agreement,16,llama2:70b,moderate,2.0,purity
agreement,16,llama2:70b,moderate,4.0,purity
agreement,16,llama2:70b,moderate,2.0,purity
agreement,16,llama2:70b,moderate,1.0,purity
agreement,16,llama2:70b,moderate,2.0,purity
agreement,16,llama2:70b,moderate,1.0,purity
agreement,16,llama2:70b,moderate,2.0,purity
agreement,16,llama2:70b,moderate,4.0,purity
agreement,16,llama2:70b,moderate,4.0,purity
agreement,16,llama2:70b,moderate,3.0,purity
agreement,16,llama2:70b,moderate,4.0,purity
agreement,16,llama2:70b,moderate,4.0,purity
agreement,16,llama2:70b,liberal,1.0,purity
agreement,16,llama2:70b,liberal,1.0,purity
agreement,16,llama2:70b,liberal,1.0,purity
agreement,16,llama2:70b,liberal,1.0,purity
agreement,16,llama2:70b,liberal,1.0,purity
agreement,16,llama2:70b,liberal,1.0,purity
agreement,16,llama2:70b,liberal,1.0,purity
agreement,16,llama2:70b,liberal,1.0,purity
agreement,16,llama2:70b,liberal,1.0,purity
agreement,16,llama2:70b,liberal,1.0,purity
agreement,16,llama2:70b,liberal,1.0,purity
agreement,16,llama2:70b,liberal,1.0,purity
agreement,16,llama2:70b,liberal,1.0,purity
agreement,16,llama2:70b,liberal,1.0,purity
agreement,16,llama2:70b,liberal,1.0,purity
agreement,16,llama2:70b,liberal,1.0,purity
agreement,16,llama2:70b,liberal,1.0,purity
agreement,16,llama2:70b,liberal,1.0,purity
agreement,16,llama2:70b,liberal,1.0,purity
agreement,16,llama2:70b,liberal,1.0,purity
agreement,16,llama2:70b,liberal,1.0,purity
agreement,16,llama2:70b,liberal,1.0,purity
agreement,16,llama2:70b,liberal,1.0,purity
agreement,16,llama2:70b,liberal,1.0,purity
agreement,16,llama2:70b,liberal,1.0,purity
agreement,16,llama2:70b,liberal,1.0,purity
agreement,16,llama2:70b,liberal,3.0,purity
agreement,16,llama2:70b,liberal,1.0,purity
agreement,16,llama2:70b,liberal,1.0,purity
agreement,16,llama2:70b,liberal,1.0,purity
agreement,16,llama2:70b,liberal,1.0,purity
agreement,16,llama2:70b,liberal,1.0,purity
agreement,16,llama2:70b,liberal,1.0,purity
agreement,16,llama2:70b,liberal,1.0,purity
agreement,16,llama2:70b,liberal,1.0,purity
agreement,16,llama2:70b,liberal,1.0,purity
agreement,16,llama2:70b,liberal,1.0,purity
agreement,16,llama2:70b,liberal,1.0,purity
agreement,16,llama2:70b,liberal,1.0,purity
agreement,16,llama2:70b,liberal,1.0,purity
agreement,16,llama2:70b,liberal,1.0,purity
agreement,16,llama2:70b,liberal,1.0,purity
agreement,16,llama2:70b,liberal,3.0,purity
agreement,16,llama2:70b,liberal,1.0,purity
agreement,16,llama2:70b,liberal,1.0,purity
agreement,16,llama2:70b,liberal,3.0,purity
agreement,16,llama2:70b,liberal,1.0,purity
agreement,16,llama2:70b,liberal,1.0,purity
agreement,16,llama2:70b,liberal,1.0,purity
agreement,16,llama2:70b,liberal,1.0,purity
agreement,16,llama3:70b,conservative,5.0,purity
agreement,16,llama3:70b,conservative,5.0,purity
agreement,16,llama3:70b,conservative,5.0,purity
agreement,16,llama3:70b,conservative,5.0,purity
agreement,16,llama3:70b,conservative,5.0,purity
agreement,16,llama3:70b,conservative,5.0,purity
agreement,16,llama3:70b,conservative,5.0,purity
agreement,16,llama3:70b,conservative,5.0,purity
agreement,16,llama3:70b,conservative,5.0,purity
agreement,16,llama3:70b,conservative,5.0,purity
agreement,16,llama3:70b,conservative,5.0,purity
agreement,16,llama3:70b,conservative,5.0,purity
agreement,16,llama3:70b,conservative,5.0,purity
agreement,16,llama3:70b,conservative,5.0,purity
agreement,16,llama3:70b,conservative,5.0,purity
agreement,16,llama3:70b,conservative,5.0,purity
agreement,16,llama3:70b,conservative,5.0,purity
agreement,16,llama3:70b,conservative,5.0,purity
agreement,16,llama3:70b,conservative,5.0,purity
agreement,16,llama3:70b,conservative,5.0,purity
agreement,16,llama3:70b,conservative,5.0,purity
agreement,16,llama3:70b,conservative,5.0,purity
agreement,16,llama3:70b,conservative,5.0,purity
agreement,16,llama3:70b,conservative,5.0,purity
agreement,16,llama3:70b,conservative,5.0,purity
agreement,16,llama3:70b,conservative,5.0,purity
agreement,16,llama3:70b,conservative,5.0,purity
agreement,16,llama3:70b,conservative,5.0,purity
agreement,16,llama3:70b,conservative,5.0,purity
agreement,16,llama3:70b,conservative,5.0,purity
agreement,16,llama3:70b,conservative,5.0,purity
agreement,16,llama3:70b,conservative,5.0,purity
agreement,16,llama3:70b,conservative,5.0,purity
agreement,16,llama3:70b,conservative,5.0,purity
agreement,16,llama3:70b,conservative,5.0,purity
agreement,16,llama3:70b,conservative,5.0,purity
agreement,16,llama3:70b,conservative,5.0,purity
agreement,16,llama3:70b,conservative,5.0,purity
agreement,16,llama3:70b,conservative,5.0,purity
agreement,16,llama3:70b,conservative,5.0,purity
agreement,16,llama3:70b,conservative,5.0,purity
agreement,16,llama3:70b,conservative,5.0,purity
agreement,16,llama3:70b,conservative,5.0,purity
agreement,16,llama3:70b,conservative,5.0,purity
agreement,16,llama3:70b,conservative,5.0,purity
agreement,16,llama3:70b,conservative,5.0,purity
agreement,16,llama3:70b,conservative,5.0,purity
agreement,16,llama3:70b,conservative,5.0,purity
agreement,16,llama3:70b,conservative,5.0,purity
agreement,16,llama3:70b,conservative,5.0,purity
agreement,16,llama3:70b,moderate,3.0,purity
agreement,16,llama3:70b,moderate,3.0,purity
agreement,16,llama3:70b,moderate,4.0,purity
agreement,16,llama3:70b,moderate,3.0,purity
agreement,16,llama3:70b,moderate,3.0,purity
agreement,16,llama3:70b,moderate,4.0,purity
agreement,16,llama3:70b,moderate,4.0,purity
agreement,16,llama3:70b,moderate,4.0,purity
agreement,16,llama3:70b,moderate,3.0,purity
agreement,16,llama3:70b,moderate,3.0,purity
agreement,16,llama3:70b,moderate,3.0,purity
agreement,16,llama3:70b,moderate,3.0,purity
agreement,16,llama3:70b,moderate,3.0,purity
agreement,16,llama3:70b,moderate,3.0,purity
agreement,16,llama3:70b,moderate,3.0,purity
agreement,16,llama3:70b,moderate,4.0,purity
agreement,16,llama3:70b,moderate,3.0,purity
agreement,16,llama3:70b,moderate,3.0,purity
agreement,16,llama3:70b,moderate,3.0,purity
agreement,16,llama3:70b,moderate,4.0,purity
agreement,16,llama3:70b,moderate,3.0,purity
agreement,16,llama3:70b,moderate,4.0,purity
agreement,16,llama3:70b,moderate,3.0,purity
agreement,16,llama3:70b,moderate,3.0,purity
agreement,16,llama3:70b,moderate,4.0,purity
agreement,16,llama3:70b,moderate,3.0,purity
agreement,16,llama3:70b,moderate,4.0,purity
agreement,16,llama3:70b,moderate,3.0,purity
agreement,16,llama3:70b,moderate,3.0,purity
agreement,16,llama3:70b,moderate,3.0,purity
agreement,16,llama3:70b,moderate,4.0,purity
agreement,16,llama3:70b,moderate,3.0,purity
agreement,16,llama3:70b,moderate,3.0,purity
agreement,16,llama3:70b,moderate,3.0,purity
agreement,16,llama3:70b,moderate,3.0,purity
agreement,16,llama3:70b,moderate,3.0,purity
agreement,16,llama3:70b,moderate,3.0,purity
agreement,16,llama3:70b,moderate,4.0,purity
agreement,16,llama3:70b,moderate,3.0,purity
agreement,16,llama3:70b,moderate,3.0,purity
agreement,16,llama3:70b,moderate,3.0,purity
agreement,16,llama3:70b,moderate,4.0,purity
agreement,16,llama3:70b,moderate,3.0,purity
agreement,16,llama3:70b,moderate,3.0,purity
agreement,16,llama3:70b,moderate,3.0,purity
agreement,16,llama3:70b,moderate,3.0,purity
agreement,16,llama3:70b,moderate,3.0,purity
agreement,16,llama3:70b,moderate,4.0,purity
agreement,16,llama3:70b,moderate,3.0,purity
agreement,16,llama3:70b,moderate,3.0,purity
agreement,16,llama3:70b,liberal,2.0,purity
agreement,16,llama3:70b,liberal,2.0,purity
agreement,16,llama3:70b,liberal,2.0,purity
agreement,16,llama3:70b,liberal,2.0,purity
agreement,16,llama3:70b,liberal,2.0,purity
agreement,16,llama3:70b,liberal,2.0,purity
agreement,16,llama3:70b,liberal,2.0,purity
agreement,16,llama3:70b,liberal,2.0,purity
agreement,16,llama3:70b,liberal,2.0,purity
agreement,16,llama3:70b,liberal,2.0,purity
agreement,16,llama3:70b,liberal,2.0,purity
agreement,16,llama3:70b,liberal,2.0,purity
agreement,16,llama3:70b,liberal,2.0,purity
agreement,16,llama3:70b,liberal,2.0,purity
agreement,16,llama3:70b,liberal,2.0,purity
agreement,16,llama3:70b,liberal,2.0,purity
agreement,16,llama3:70b,liberal,2.0,purity
agreement,16,llama3:70b,liberal,2.0,purity
agreement,16,llama3:70b,liberal,2.0,purity
agreement,16,llama3:70b,liberal,2.0,purity
agreement,16,llama3:70b,liberal,2.0,purity
agreement,16,llama3:70b,liberal,2.0,purity
agreement,16,llama3:70b,liberal,2.0,purity
agreement,16,llama3:70b,liberal,2.0,purity
agreement,16,llama3:70b,liberal,2.0,purity
agreement,16,llama3:70b,liberal,2.0,purity
agreement,16,llama3:70b,liberal,2.0,purity
agreement,16,llama3:70b,liberal,2.0,purity
agreement,16,llama3:70b,liberal,2.0,purity
agreement,16,llama3:70b,liberal,2.0,purity
agreement,16,llama3:70b,liberal,2.0,purity
agreement,16,llama3:70b,liberal,2.0,purity
agreement,16,llama3:70b,liberal,2.0,purity
agreement,16,llama3:70b,liberal,2.0,purity
agreement,16,llama3:70b,liberal,2.0,purity
agreement,16,llama3:70b,liberal,2.0,purity
agreement,16,llama3:70b,liberal,2.0,purity
agreement,16,llama3:70b,liberal,2.0,purity
agreement,16,llama3:70b,liberal,2.0,purity
agreement,16,llama3:70b,liberal,2.0,purity
agreement,16,llama3:70b,liberal,2.0,purity
agreement,16,llama3:70b,liberal,2.0,purity
agreement,16,llama3:70b,liberal,2.0,purity
agreement,16,llama3:70b,liberal,2.0,purity
agreement,16,llama3:70b,liberal,2.0,purity
agreement,16,llama3:70b,liberal,2.0,purity
agreement,16,llama3:70b,liberal,2.0,purity
agreement,16,llama3:70b,liberal,2.0,purity
agreement,16,llama3:70b,liberal,2.0,purity
agreement,16,llama3:70b,liberal,2.0,purity
agreement,16,llama3.1:70b,conservative,5.0,purity
agreement,16,llama3.1:70b,conservative,5.0,purity
agreement,16,llama3.1:70b,conservative,5.0,purity
agreement,16,llama3.1:70b,conservative,5.0,purity
agreement,16,llama3.1:70b,conservative,5.0,purity
agreement,16,llama3.1:70b,conservative,5.0,purity
agreement,16,llama3.1:70b,conservative,5.0,purity
agreement,16,llama3.1:70b,conservative,5.0,purity
agreement,16,llama3.1:70b,conservative,5.0,purity
agreement,16,llama3.1:70b,conservative,5.0,purity
agreement,16,llama3.1:70b,conservative,5.0,purity
agreement,16,llama3.1:70b,conservative,5.0,purity
agreement,16,llama3.1:70b,conservative,5.0,purity
agreement,16,llama3.1:70b,conservative,5.0,purity
agreement,16,llama3.1:70b,conservative,5.0,purity
agreement,16,llama3.1:70b,conservative,5.0,purity
agreement,16,llama3.1:70b,conservative,5.0,purity
agreement,16,llama3.1:70b,conservative,5.0,purity
agreement,16,llama3.1:70b,conservative,5.0,purity
agreement,16,llama3.1:70b,conservative,5.0,purity
agreement,16,llama3.1:70b,conservative,5.0,purity
agreement,16,llama3.1:70b,conservative,5.0,purity
agreement,16,llama3.1:70b,conservative,5.0,purity
agreement,16,llama3.1:70b,conservative,5.0,purity
agreement,16,llama3.1:70b,conservative,5.0,purity
agreement,16,llama3.1:70b,conservative,5.0,purity
agreement,16,llama3.1:70b,conservative,5.0,purity
agreement,16,llama3.1:70b,conservative,5.0,purity
agreement,16,llama3.1:70b,conservative,5.0,purity
agreement,16,llama3.1:70b,conservative,5.0,purity
agreement,16,llama3.1:70b,conservative,5.0,purity
agreement,16,llama3.1:70b,conservative,5.0,purity
agreement,16,llama3.1:70b,conservative,5.0,purity
agreement,16,llama3.1:70b,conservative,5.0,purity
agreement,16,llama3.1:70b,conservative,5.0,purity
agreement,16,llama3.1:70b,conservative,5.0,purity
agreement,16,llama3.1:70b,conservative,5.0,purity
agreement,16,llama3.1:70b,conservative,5.0,purity
agreement,16,llama3.1:70b,conservative,5.0,purity
agreement,16,llama3.1:70b,conservative,5.0,purity
agreement,16,llama3.1:70b,conservative,5.0,purity
agreement,16,llama3.1:70b,conservative,5.0,purity
agreement,16,llama3.1:70b,conservative,5.0,purity
agreement,16,llama3.1:70b,conservative,5.0,purity
agreement,16,llama3.1:70b,conservative,5.0,purity
agreement,16,llama3.1:70b,conservative,5.0,purity
agreement,16,llama3.1:70b,conservative,5.0,purity
agreement,16,llama3.1:70b,conservative,5.0,purity
agreement,16,llama3.1:70b,conservative,5.0,purity
agreement,16,llama3.1:70b,conservative,5.0,purity
agreement,16,llama3.1:70b,moderate,4.0,purity
agreement,16,llama3.1:70b,moderate,3.0,purity
agreement,16,llama3.1:70b,moderate,3.0,purity
agreement,16,llama3.1:70b,moderate,3.0,purity
agreement,16,llama3.1:70b,moderate,3.0,purity
agreement,16,llama3.1:70b,moderate,2.0,purity
agreement,16,llama3.1:70b,moderate,3.0,purity
agreement,16,llama3.1:70b,moderate,3.0,purity
agreement,16,llama3.1:70b,moderate,3.0,purity
agreement,16,llama3.1:70b,moderate,3.0,purity
agreement,16,llama3.1:70b,moderate,3.0,purity
agreement,16,llama3.1:70b,moderate,2.0,purity
agreement,16,llama3.1:70b,moderate,3.0,purity
agreement,16,llama3.1:70b,moderate,3.0,purity
agreement,16,llama3.1:70b,moderate,3.0,purity
agreement,16,llama3.1:70b,moderate,3.0,purity
agreement,16,llama3.1:70b,moderate,2.0,purity
agreement,16,llama3.1:70b,moderate,3.0,purity
agreement,16,llama3.1:70b,moderate,3.0,purity
agreement,16,llama3.1:70b,moderate,4.0,purity
agreement,16,llama3.1:70b,moderate,3.0,purity
agreement,16,llama3.1:70b,moderate,3.0,purity
agreement,16,llama3.1:70b,moderate,2.0,purity
agreement,16,llama3.1:70b,moderate,3.0,purity
agreement,16,llama3.1:70b,moderate,3.0,purity
agreement,16,llama3.1:70b,moderate,2.0,purity
agreement,16,llama3.1:70b,moderate,3.0,purity
agreement,16,llama3.1:70b,moderate,3.0,purity
agreement,16,llama3.1:70b,moderate,4.0,purity
agreement,16,llama3.1:70b,moderate,3.0,purity
agreement,16,llama3.1:70b,moderate,3.0,purity
agreement,16,llama3.1:70b,moderate,4.0,purity
agreement,16,llama3.1:70b,moderate,3.0,purity
agreement,16,llama3.1:70b,moderate,2.0,purity
agreement,16,llama3.1:70b,moderate,3.0,purity
agreement,16,llama3.1:70b,moderate,3.0,purity
agreement,16,llama3.1:70b,moderate,3.0,purity
agreement,16,llama3.1:70b,moderate,3.0,purity
agreement,16,llama3.1:70b,moderate,2.0,purity
agreement,16,llama3.1:70b,moderate,3.0,purity
agreement,16,llama3.1:70b,moderate,3.0,purity
agreement,16,llama3.1:70b,moderate,4.0,purity
agreement,16,llama3.1:70b,moderate,3.0,purity
agreement,16,llama3.1:70b,moderate,3.0,purity
agreement,16,llama3.1:70b,moderate,3.0,purity
agreement,16,llama3.1:70b,moderate,3.0,purity
agreement,16,llama3.1:70b,moderate,4.0,purity
agreement,16,llama3.1:70b,moderate,3.0,purity
agreement,16,llama3.1:70b,moderate,3.0,purity
agreement,16,llama3.1:70b,moderate,4.0,purity
agreement,16,llama3.1:70b,liberal,2.0,purity
agreement,16,llama3.1:70b,liberal,2.0,purity
agreement,16,llama3.1:70b,liberal,0.0,purity
agreement,16,llama3.1:70b,liberal,0.0,purity
agreement,16,llama3.1:70b,liberal,0.0,purity
agreement,16,llama3.1:70b,liberal,0.0,purity
agreement,16,llama3.1:70b,liberal,1.0,purity
agreement,16,llama3.1:70b,liberal,2.0,purity
agreement,16,llama3.1:70b,liberal,0.0,purity
agreement,16,llama3.1:70b,liberal,0.0,purity
agreement,16,llama3.1:70b,liberal,0.0,purity
agreement,16,llama3.1:70b,liberal,0.0,purity
agreement,16,llama3.1:70b,liberal,0.0,purity
agreement,16,llama3.1:70b,liberal,0.0,purity
agreement,16,llama3.1:70b,liberal,0.0,purity
agreement,16,llama3.1:70b,liberal,0.0,purity
agreement,16,llama3.1:70b,liberal,1.0,purity
agreement,16,llama3.1:70b,liberal,0.0,purity
agreement,16,llama3.1:70b,liberal,0.0,purity
agreement,16,llama3.1:70b,liberal,0.0,purity
agreement,16,llama3.1:70b,liberal,1.0,purity
agreement,16,llama3.1:70b,liberal,0.0,purity
agreement,16,llama3.1:70b,liberal,2.0,purity
agreement,16,llama3.1:70b,liberal,1.0,purity
agreement,16,llama3.1:70b,liberal,0.0,purity
agreement,16,llama3.1:70b,liberal,2.0,purity
agreement,16,llama3.1:70b,liberal,0.0,purity
agreement,16,llama3.1:70b,liberal,0.0,purity
agreement,16,llama3.1:70b,liberal,0.0,purity
agreement,16,llama3.1:70b,liberal,0.0,purity
agreement,16,llama3.1:70b,liberal,0.0,purity
agreement,16,llama3.1:70b,liberal,1.0,purity
agreement,16,llama3.1:70b,liberal,2.0,purity
agreement,16,llama3.1:70b,liberal,2.0,purity
agreement,16,llama3.1:70b,liberal,0.0,purity
agreement,16,llama3.1:70b,liberal,2.0,purity
agreement,16,llama3.1:70b,liberal,0.0,purity
agreement,16,llama3.1:70b,liberal,0.0,purity
agreement,16,llama3.1:70b,liberal,2.0,purity
agreement,16,llama3.1:70b,liberal,0.0,purity
agreement,16,llama3.1:70b,liberal,1.0,purity
agreement,16,llama3.1:70b,liberal,1.0,purity
agreement,16,llama3.1:70b,liberal,0.0,purity
agreement,16,llama3.1:70b,liberal,0.0,purity
agreement,16,llama3.1:70b,liberal,0.0,purity
agreement,16,llama3.1:70b,liberal,0.0,purity
agreement,16,llama3.1:70b,liberal,0.0,purity
agreement,16,llama3.1:70b,liberal,0.0,purity
agreement,16,llama3.1:70b,liberal,0.0,purity
agreement,16,llama3.1:70b,liberal,0.0,purity
agreement,16,mistral:7b,conservative,5.0,purity
agreement,16,mistral:7b,conservative,5.0,purity
agreement,16,mistral:7b,conservative,5.0,purity
agreement,16,mistral:7b,conservative,5.0,purity
agreement,16,mistral:7b,conservative,5.0,purity
agreement,16,mistral:7b,conservative,5.0,purity
agreement,16,mistral:7b,conservative,5.0,purity
agreement,16,mistral:7b,conservative,5.0,purity
agreement,16,mistral:7b,conservative,5.0,purity
agreement,16,mistral:7b,conservative,5.0,purity
agreement,16,mistral:7b,conservative,5.0,purity
agreement,16,mistral:7b,conservative,5.0,purity
agreement,16,mistral:7b,conservative,5.0,purity
agreement,16,mistral:7b,conservative,5.0,purity
agreement,16,mistral:7b,conservative,5.0,purity
agreement,16,mistral:7b,conservative,5.0,purity
agreement,16,mistral:7b,conservative,5.0,purity
agreement,16,mistral:7b,conservative,5.0,purity
agreement,16,mistral:7b,conservative,5.0,purity
agreement,16,mistral:7b,conservative,5.0,purity
agreement,16,mistral:7b,conservative,5.0,purity
agreement,16,mistral:7b,conservative,5.0,purity
agreement,16,mistral:7b,conservative,5.0,purity
agreement,16,mistral:7b,conservative,5.0,purity
agreement,16,mistral:7b,conservative,5.0,purity
agreement,16,mistral:7b,conservative,5.0,purity
agreement,16,mistral:7b,conservative,5.0,purity
agreement,16,mistral:7b,conservative,5.0,purity
agreement,16,mistral:7b,conservative,5.0,purity
agreement,16,mistral:7b,conservative,5.0,purity
agreement,16,mistral:7b,conservative,5.0,purity
agreement,16,mistral:7b,conservative,5.0,purity
agreement,16,mistral:7b,conservative,5.0,purity
agreement,16,mistral:7b,conservative,5.0,purity
agreement,16,mistral:7b,conservative,5.0,purity
agreement,16,mistral:7b,conservative,5.0,purity
agreement,16,mistral:7b,conservative,5.0,purity
agreement,16,mistral:7b,conservative,5.0,purity
agreement,16,mistral:7b,conservative,5.0,purity
agreement,16,mistral:7b,conservative,5.0,purity
agreement,16,mistral:7b,conservative,5.0,purity
agreement,16,mistral:7b,conservative,5.0,purity
agreement,16,mistral:7b,conservative,5.0,purity
agreement,16,mistral:7b,conservative,5.0,purity
agreement,16,mistral:7b,conservative,5.0,purity
agreement,16,mistral:7b,conservative,5.0,purity
agreement,16,mistral:7b,conservative,5.0,purity
agreement,16,mistral:7b,conservative,5.0,purity
agreement,16,mistral:7b,conservative,5.0,purity
agreement,16,mistral:7b,conservative,5.0,purity
agreement,16,mistral:7b,moderate,3.0,purity
agreement,16,mistral:7b,moderate,3.0,purity
agreement,16,mistral:7b,moderate,3.0,purity
agreement,16,mistral:7b,moderate,0.0,purity
agreement,16,mistral:7b,moderate,3.0,purity
agreement,16,mistral:7b,moderate,4.0,purity
agreement,16,mistral:7b,moderate,3.0,purity
agreement,16,mistral:7b,moderate,3.0,purity
agreement,16,mistral:7b,moderate,0.0,purity
agreement,16,mistral:7b,moderate,3.0,purity
agreement,16,mistral:7b,moderate,3.0,purity
agreement,16,mistral:7b,moderate,3.0,purity
agreement,16,mistral:7b,moderate,1.0,purity
agreement,16,mistral:7b,moderate,3.0,purity
agreement,16,mistral:7b,moderate,3.0,purity
agreement,16,mistral:7b,moderate,3.0,purity
agreement,16,mistral:7b,moderate,1.0,purity
agreement,16,mistral:7b,moderate,3.0,purity
agreement,16,mistral:7b,moderate,3.0,purity
agreement,16,mistral:7b,moderate,3.0,purity
agreement,16,mistral:7b,moderate,3.0,purity
agreement,16,mistral:7b,moderate,3.0,purity
agreement,16,mistral:7b,moderate,3.0,purity
agreement,16,mistral:7b,moderate,5.0,purity
agreement,16,mistral:7b,moderate,3.0,purity
agreement,16,mistral:7b,moderate,0.0,purity
agreement,16,mistral:7b,moderate,3.0,purity
agreement,16,mistral:7b,moderate,3.0,purity
agreement,16,mistral:7b,moderate,0.0,purity
agreement,16,mistral:7b,moderate,0.0,purity
agreement,16,mistral:7b,moderate,3.0,purity
agreement,16,mistral:7b,moderate,5.0,purity
agreement,16,mistral:7b,moderate,3.0,purity
agreement,16,mistral:7b,moderate,0.0,purity
agreement,16,mistral:7b,moderate,3.0,purity
agreement,16,mistral:7b,moderate,3.0,purity
agreement,16,mistral:7b,moderate,3.0,purity
agreement,16,mistral:7b,moderate,3.0,purity
agreement,16,mistral:7b,moderate,3.0,purity
agreement,16,mistral:7b,moderate,3.0,purity
agreement,16,mistral:7b,moderate,0.0,purity
agreement,16,mistral:7b,moderate,3.0,purity
agreement,16,mistral:7b,liberal,1.0,purity
agreement,16,mistral:7b,liberal,2.0,purity
agreement,16,mistral:7b,liberal,1.0,purity
agreement,16,mistral:7b,liberal,2.0,purity
agreement,16,mistral:7b,liberal,3.0,purity
agreement,16,mistral:7b,liberal,0.0,purity
agreement,16,mistral:7b,liberal,2.0,purity
agreement,16,mistral:7b,liberal,3.0,purity
agreement,16,mistral:7b,liberal,2.0,purity
agreement,16,mistral:7b,liberal,2.0,purity
agreement,16,mistral:7b,liberal,2.0,purity
agreement,16,mistral:7b,liberal,2.0,purity
agreement,16,mistral:7b,liberal,2.0,purity
agreement,16,mistral:7b,liberal,2.0,purity
agreement,16,mistral:7b,liberal,2.0,purity
agreement,16,mistral:7b,liberal,2.0,purity
agreement,16,mistral:7b,liberal,2.0,purity
agreement,16,mistral:7b,liberal,2.0,purity
agreement,16,mistral:7b,liberal,2.0,purity
agreement,16,mistral:7b,liberal,2.0,purity
agreement,16,mistral:7b,liberal,2.0,purity
agreement,16,mistral:7b,liberal,2.0,purity
agreement,16,mistral:7b,liberal,2.0,purity
agreement,16,mistral:7b,liberal,2.0,purity
agreement,16,mistral:7b,liberal,2.0,purity
agreement,16,mistral:7b,liberal,2.0,purity
agreement,16,mistral:7b,liberal,3.0,purity
agreement,16,mistral:7b,liberal,2.0,purity
agreement,16,mistral:7b,liberal,2.0,purity
agreement,16,mistral:7b,liberal,2.0,purity
agreement,16,mistral:7b,liberal,2.0,purity
agreement,16,mistral:7b,liberal,2.0,purity
agreement,16,mistral:7b,liberal,2.0,purity
agreement,16,mistral:7b,liberal,3.0,purity
agreement,16,mistral:7b,liberal,2.0,purity
agreement,16,mistral:7b,liberal,3.0,purity
agreement,16,mistral:7b,liberal,2.0,purity
agreement,16,mistral:7b,liberal,1.0,purity
agreement,16,mistral:7b,liberal,2.0,purity
agreement,16,mixtral:8x22b,conservative,5.0,purity
agreement,16,mixtral:8x22b,conservative,5.0,purity
agreement,16,mixtral:8x22b,conservative,5.0,purity
agreement,16,mixtral:8x22b,conservative,5.0,purity
agreement,16,mixtral:8x22b,conservative,5.0,purity
agreement,16,mixtral:8x22b,conservative,5.0,purity
agreement,16,mixtral:8x22b,conservative,5.0,purity
agreement,16,mixtral:8x22b,conservative,5.0,purity
agreement,16,mixtral:8x22b,conservative,5.0,purity
agreement,16,mixtral:8x22b,conservative,5.0,purity
agreement,16,mixtral:8x22b,conservative,5.0,purity
agreement,16,mixtral:8x22b,conservative,5.0,purity
agreement,16,mixtral:8x22b,conservative,5.0,purity
agreement,16,mixtral:8x22b,conservative,5.0,purity
agreement,16,mixtral:8x22b,conservative,5.0,purity
agreement,16,mixtral:8x22b,conservative,5.0,purity
agreement,16,mixtral:8x22b,conservative,5.0,purity
agreement,16,mixtral:8x22b,conservative,5.0,purity
agreement,16,mixtral:8x22b,conservative,5.0,purity
agreement,16,mixtral:8x22b,conservative,5.0,purity
agreement,16,mixtral:8x22b,conservative,5.0,purity
agreement,16,mixtral:8x22b,conservative,5.0,purity
agreement,16,mixtral:8x22b,conservative,5.0,purity
agreement,16,mixtral:8x22b,conservative,5.0,purity
agreement,16,mixtral:8x22b,conservative,5.0,purity
agreement,16,mixtral:8x22b,conservative,5.0,purity
agreement,16,mixtral:8x22b,conservative,5.0,purity
agreement,16,mixtral:8x22b,conservative,5.0,purity
agreement,16,mixtral:8x22b,conservative,5.0,purity
agreement,16,mixtral:8x22b,conservative,5.0,purity
agreement,16,mixtral:8x22b,conservative,5.0,purity
agreement,16,mixtral:8x22b,conservative,5.0,purity
agreement,16,mixtral:8x22b,conservative,5.0,purity
agreement,16,mixtral:8x22b,conservative,5.0,purity
agreement,16,mixtral:8x22b,conservative,5.0,purity
agreement,16,mixtral:8x22b,conservative,5.0,purity
agreement,16,mixtral:8x22b,conservative,5.0,purity
agreement,16,mixtral:8x22b,conservative,5.0,purity
agreement,16,mixtral:8x22b,conservative,5.0,purity
agreement,16,mixtral:8x22b,conservative,5.0,purity
agreement,16,mixtral:8x22b,conservative,5.0,purity
agreement,16,mixtral:8x22b,conservative,5.0,purity
agreement,16,mixtral:8x22b,conservative,5.0,purity
agreement,16,mixtral:8x22b,conservative,5.0,purity
agreement,16,mixtral:8x22b,conservative,5.0,purity
agreement,16,mixtral:8x22b,conservative,5.0,purity
agreement,16,mixtral:8x22b,conservative,5.0,purity
agreement,16,mixtral:8x22b,conservative,5.0,purity
agreement,16,mixtral:8x22b,conservative,5.0,purity
agreement,16,mixtral:8x22b,conservative,5.0,purity
agreement,16,mixtral:8x22b,moderate,4.0,purity
agreement,16,mixtral:8x22b,moderate,4.0,purity
agreement,16,mixtral:8x22b,moderate,5.0,purity
agreement,16,mixtral:8x22b,moderate,5.0,purity
agreement,16,mixtral:8x22b,moderate,5.0,purity
agreement,16,mixtral:8x22b,moderate,4.0,purity
agreement,16,mixtral:8x22b,moderate,5.0,purity
agreement,16,mixtral:8x22b,moderate,4.0,purity
agreement,16,mixtral:8x22b,moderate,5.0,purity
agreement,16,mixtral:8x22b,moderate,5.0,purity
agreement,16,mixtral:8x22b,moderate,5.0,purity
agreement,16,mixtral:8x22b,moderate,5.0,purity
agreement,16,mixtral:8x22b,moderate,5.0,purity
agreement,16,mixtral:8x22b,moderate,5.0,purity
agreement,16,mixtral:8x22b,moderate,5.0,purity
agreement,16,mixtral:8x22b,moderate,4.0,purity
agreement,16,mixtral:8x22b,moderate,5.0,purity
agreement,16,mixtral:8x22b,moderate,4.0,purity
agreement,16,mixtral:8x22b,moderate,5.0,purity
agreement,16,mixtral:8x22b,moderate,5.0,purity
agreement,16,mixtral:8x22b,moderate,4.0,purity
agreement,16,mixtral:8x22b,moderate,5.0,purity
agreement,16,mixtral:8x22b,moderate,4.0,purity
agreement,16,mixtral:8x22b,moderate,5.0,purity
agreement,16,mixtral:8x22b,moderate,4.0,purity
agreement,16,mixtral:8x22b,moderate,5.0,purity
agreement,16,mixtral:8x22b,moderate,5.0,purity
agreement,16,mixtral:8x22b,moderate,5.0,purity
agreement,16,mixtral:8x22b,moderate,4.0,purity
agreement,16,mixtral:8x22b,moderate,4.0,purity
agreement,16,mixtral:8x22b,moderate,5.0,purity
agreement,16,mixtral:8x22b,moderate,5.0,purity
agreement,16,mixtral:8x22b,moderate,5.0,purity
agreement,16,mixtral:8x22b,moderate,5.0,purity
agreement,16,mixtral:8x22b,moderate,4.0,purity
agreement,16,mixtral:8x22b,moderate,5.0,purity
agreement,16,mixtral:8x22b,moderate,5.0,purity
agreement,16,mixtral:8x22b,moderate,5.0,purity
agreement,16,mixtral:8x22b,moderate,4.0,purity
agreement,16,mixtral:8x22b,moderate,4.0,purity
agreement,16,mixtral:8x22b,moderate,5.0,purity
agreement,16,mixtral:8x22b,moderate,4.0,purity
agreement,16,mixtral:8x22b,moderate,5.0,purity
agreement,16,mixtral:8x22b,moderate,5.0,purity
agreement,16,mixtral:8x22b,moderate,4.0,purity
agreement,16,mixtral:8x22b,moderate,4.0,purity
agreement,16,mixtral:8x22b,moderate,5.0,purity
agreement,16,mixtral:8x22b,moderate,4.0,purity
agreement,16,mixtral:8x22b,moderate,5.0,purity
agreement,16,mixtral:8x22b,moderate,5.0,purity
agreement,16,mixtral:8x22b,liberal,1.0,purity
agreement,16,mixtral:8x22b,liberal,2.0,purity
agreement,16,mixtral:8x22b,liberal,2.0,purity
agreement,16,mixtral:8x22b,liberal,3.0,purity
agreement,16,mixtral:8x22b,liberal,2.0,purity
agreement,16,mixtral:8x22b,liberal,1.0,purity
agreement,16,mixtral:8x22b,liberal,3.0,purity
agreement,16,mixtral:8x22b,liberal,2.0,purity
agreement,16,mixtral:8x22b,liberal,2.0,purity
agreement,16,mixtral:8x22b,liberal,1.0,purity
agreement,16,mixtral:8x22b,liberal,2.0,purity
agreement,16,mixtral:8x22b,liberal,3.0,purity
agreement,16,mixtral:8x22b,liberal,1.0,purity
agreement,16,mixtral:8x22b,liberal,2.0,purity
agreement,16,mixtral:8x22b,liberal,2.0,purity
agreement,16,mixtral:8x22b,liberal,3.0,purity
agreement,16,mixtral:8x22b,liberal,2.0,purity
agreement,16,mixtral:8x22b,liberal,2.0,purity
agreement,16,mixtral:8x22b,liberal,2.0,purity
agreement,16,mixtral:8x22b,liberal,2.0,purity
agreement,16,mixtral:8x22b,liberal,2.0,purity
agreement,16,mixtral:8x22b,liberal,2.0,purity
agreement,16,mixtral:8x22b,liberal,2.0,purity
agreement,16,mixtral:8x22b,liberal,2.0,purity
agreement,16,mixtral:8x22b,liberal,2.0,purity
agreement,16,mixtral:8x22b,liberal,3.0,purity
agreement,16,mixtral:8x22b,liberal,2.0,purity
agreement,16,mixtral:8x22b,liberal,2.0,purity
agreement,16,mixtral:8x22b,liberal,2.0,purity
agreement,16,mixtral:8x22b,liberal,1.0,purity
agreement,16,mixtral:8x22b,liberal,2.0,purity
agreement,16,mixtral:8x22b,liberal,2.0,purity
agreement,16,mixtral:8x22b,liberal,3.0,purity
agreement,16,mixtral:8x22b,liberal,1.0,purity
agreement,16,mixtral:8x22b,liberal,1.0,purity
agreement,16,mixtral:8x22b,liberal,3.0,purity
agreement,16,mixtral:8x22b,liberal,3.0,purity
agreement,16,mixtral:8x22b,liberal,2.0,purity
agreement,16,mixtral:8x22b,liberal,1.0,purity
agreement,16,mixtral:8x22b,liberal,2.0,purity
agreement,16,mixtral:8x22b,liberal,2.0,purity
agreement,16,mixtral:8x22b,liberal,2.0,purity
agreement,16,mixtral:8x22b,liberal,2.0,purity
agreement,16,mixtral:8x22b,liberal,1.0,purity
agreement,16,mixtral:8x22b,liberal,3.0,purity
agreement,16,mixtral:8x22b,liberal,2.0,purity
agreement,16,mixtral:8x22b,liberal,2.0,purity
agreement,16,mixtral:8x22b,liberal,1.0,purity
agreement,16,mixtral:8x22b,liberal,2.0,purity
agreement,16,mixtral:8x22b,liberal,2.0,purity
agreement,16,mixtral:8x7b,conservative,5.0,purity
agreement,16,mixtral:8x7b,conservative,5.0,purity
agreement,16,mixtral:8x7b,conservative,5.0,purity
agreement,16,mixtral:8x7b,conservative,5.0,purity
agreement,16,mixtral:8x7b,conservative,5.0,purity
agreement,16,mixtral:8x7b,conservative,5.0,purity
agreement,16,mixtral:8x7b,conservative,5.0,purity
agreement,16,mixtral:8x7b,conservative,5.0,purity
agreement,16,mixtral:8x7b,conservative,5.0,purity
agreement,16,mixtral:8x7b,conservative,5.0,purity
agreement,16,mixtral:8x7b,conservative,5.0,purity
agreement,16,mixtral:8x7b,conservative,5.0,purity
agreement,16,mixtral:8x7b,conservative,5.0,purity
agreement,16,mixtral:8x7b,conservative,5.0,purity
agreement,16,mixtral:8x7b,conservative,5.0,purity
agreement,16,mixtral:8x7b,conservative,5.0,purity
agreement,16,mixtral:8x7b,conservative,5.0,purity
agreement,16,mixtral:8x7b,conservative,5.0,purity
agreement,16,mixtral:8x7b,conservative,5.0,purity
agreement,16,mixtral:8x7b,conservative,5.0,purity
agreement,16,mixtral:8x7b,conservative,5.0,purity
agreement,16,mixtral:8x7b,conservative,5.0,purity
agreement,16,mixtral:8x7b,conservative,5.0,purity
agreement,16,mixtral:8x7b,conservative,5.0,purity
agreement,16,mixtral:8x7b,conservative,5.0,purity
agreement,16,mixtral:8x7b,conservative,5.0,purity
agreement,16,mixtral:8x7b,conservative,5.0,purity
agreement,16,mixtral:8x7b,conservative,5.0,purity
agreement,16,mixtral:8x7b,conservative,5.0,purity
agreement,16,mixtral:8x7b,conservative,5.0,purity
agreement,16,mixtral:8x7b,conservative,5.0,purity
agreement,16,mixtral:8x7b,conservative,5.0,purity
agreement,16,mixtral:8x7b,conservative,5.0,purity
agreement,16,mixtral:8x7b,conservative,5.0,purity
agreement,16,mixtral:8x7b,conservative,5.0,purity
agreement,16,mixtral:8x7b,conservative,5.0,purity
agreement,16,mixtral:8x7b,conservative,5.0,purity
agreement,16,mixtral:8x7b,conservative,5.0,purity
agreement,16,mixtral:8x7b,conservative,5.0,purity
agreement,16,mixtral:8x7b,conservative,5.0,purity
agreement,16,mixtral:8x7b,conservative,5.0,purity
agreement,16,mixtral:8x7b,conservative,5.0,purity
agreement,16,mixtral:8x7b,conservative,5.0,purity
agreement,16,mixtral:8x7b,conservative,5.0,purity
agreement,16,mixtral:8x7b,conservative,5.0,purity
agreement,16,mixtral:8x7b,conservative,5.0,purity
agreement,16,mixtral:8x7b,conservative,5.0,purity
agreement,16,mixtral:8x7b,conservative,5.0,purity
agreement,16,mixtral:8x7b,conservative,5.0,purity
agreement,16,mixtral:8x7b,conservative,5.0,purity
agreement,16,mixtral:8x7b,moderate,3.0,purity
agreement,16,mixtral:8x7b,moderate,3.0,purity
agreement,16,mixtral:8x7b,moderate,3.0,purity
agreement,16,mixtral:8x7b,moderate,3.0,purity
agreement,16,mixtral:8x7b,moderate,3.0,purity
agreement,16,mixtral:8x7b,moderate,3.0,purity
agreement,16,mixtral:8x7b,moderate,3.0,purity
agreement,16,mixtral:8x7b,moderate,3.0,purity
agreement,16,mixtral:8x7b,moderate,3.0,purity
agreement,16,mixtral:8x7b,moderate,3.0,purity
agreement,16,mixtral:8x7b,moderate,3.0,purity
agreement,16,mixtral:8x7b,moderate,3.0,purity
agreement,16,mixtral:8x7b,moderate,3.0,purity
agreement,16,mixtral:8x7b,moderate,3.0,purity
agreement,16,mixtral:8x7b,moderate,3.0,purity
agreement,16,mixtral:8x7b,moderate,3.0,purity
agreement,16,mixtral:8x7b,moderate,3.0,purity
agreement,16,mixtral:8x7b,moderate,3.0,purity
agreement,16,mixtral:8x7b,moderate,3.0,purity
agreement,16,mixtral:8x7b,moderate,3.0,purity
agreement,16,mixtral:8x7b,moderate,3.0,purity
agreement,16,mixtral:8x7b,moderate,4.0,purity
agreement,16,mixtral:8x7b,moderate,3.0,purity
agreement,16,mixtral:8x7b,moderate,3.0,purity
agreement,16,mixtral:8x7b,moderate,3.0,purity
agreement,16,mixtral:8x7b,moderate,3.0,purity
agreement,16,mixtral:8x7b,moderate,3.0,purity
agreement,16,mixtral:8x7b,moderate,3.0,purity
agreement,16,mixtral:8x7b,moderate,3.0,purity
agreement,16,mixtral:8x7b,moderate,3.0,purity
agreement,16,mixtral:8x7b,moderate,3.0,purity
agreement,16,mixtral:8x7b,moderate,3.0,purity
agreement,16,mixtral:8x7b,moderate,3.0,purity
agreement,16,mixtral:8x7b,moderate,3.0,purity
agreement,16,mixtral:8x7b,moderate,3.0,purity
agreement,16,mixtral:8x7b,moderate,3.0,purity
agreement,16,mixtral:8x7b,moderate,3.0,purity
agreement,16,mixtral:8x7b,moderate,3.0,purity
agreement,16,mixtral:8x7b,moderate,3.0,purity
agreement,16,mixtral:8x7b,moderate,3.0,purity
agreement,16,mixtral:8x7b,moderate,3.0,purity
agreement,16,mixtral:8x7b,moderate,3.0,purity
agreement,16,mixtral:8x7b,moderate,3.0,purity
agreement,16,mixtral:8x7b,moderate,3.0,purity
agreement,16,mixtral:8x7b,moderate,3.0,purity
agreement,16,mixtral:8x7b,moderate,3.0,purity
agreement,16,mixtral:8x7b,moderate,3.0,purity
agreement,16,mixtral:8x7b,moderate,3.0,purity
agreement,16,mixtral:8x7b,moderate,3.0,purity
agreement,16,mixtral:8x7b,moderate,3.0,purity
agreement,16,mixtral:8x7b,liberal,3.0,purity
agreement,16,mixtral:8x7b,liberal,3.0,purity
agreement,16,mixtral:8x7b,liberal,3.0,purity
agreement,16,mixtral:8x7b,liberal,3.0,purity
agreement,16,mixtral:8x7b,liberal,3.0,purity
agreement,16,mixtral:8x7b,liberal,2.0,purity
agreement,16,mixtral:8x7b,liberal,3.0,purity
agreement,16,mixtral:8x7b,liberal,3.0,purity
agreement,16,mixtral:8x7b,liberal,2.0,purity
agreement,16,mixtral:8x7b,liberal,2.0,purity
agreement,16,mixtral:8x7b,liberal,3.0,purity
agreement,16,mixtral:8x7b,liberal,3.0,purity
agreement,16,mixtral:8x7b,liberal,3.0,purity
agreement,16,mixtral:8x7b,liberal,3.0,purity
agreement,16,mixtral:8x7b,liberal,3.0,purity
agreement,16,mixtral:8x7b,liberal,2.0,purity
agreement,16,mixtral:8x7b,liberal,3.0,purity
agreement,16,mixtral:8x7b,liberal,3.0,purity
agreement,16,mixtral:8x7b,liberal,2.0,purity
agreement,16,mixtral:8x7b,liberal,3.0,purity
agreement,16,mixtral:8x7b,liberal,3.0,purity
agreement,16,mixtral:8x7b,liberal,3.0,purity
agreement,16,mixtral:8x7b,liberal,2.0,purity
agreement,16,mixtral:8x7b,liberal,3.0,purity
agreement,16,mixtral:8x7b,liberal,3.0,purity
agreement,16,mixtral:8x7b,liberal,3.0,purity
agreement,16,mixtral:8x7b,liberal,3.0,purity
agreement,16,mixtral:8x7b,liberal,2.0,purity
agreement,16,mixtral:8x7b,liberal,2.0,purity
agreement,16,mixtral:8x7b,liberal,2.0,purity
agreement,16,mixtral:8x7b,liberal,3.0,purity
agreement,16,mixtral:8x7b,liberal,3.0,purity
agreement,16,mixtral:8x7b,liberal,3.0,purity
agreement,16,mixtral:8x7b,liberal,3.0,purity
agreement,16,mixtral:8x7b,liberal,3.0,purity
agreement,16,mixtral:8x7b,liberal,2.0,purity
agreement,16,mixtral:8x7b,liberal,3.0,purity
agreement,16,mixtral:8x7b,liberal,3.0,purity
agreement,16,mixtral:8x7b,liberal,3.0,purity
agreement,16,mixtral:8x7b,liberal,3.0,purity
agreement,16,mixtral:8x7b,liberal,3.0,purity
agreement,16,mixtral:8x7b,liberal,3.0,purity
agreement,16,mixtral:8x7b,liberal,3.0,purity
agreement,16,mixtral:8x7b,liberal,3.0,purity
agreement,16,mixtral:8x7b,liberal,2.0,purity
agreement,16,mixtral:8x7b,liberal,2.0,purity
agreement,16,mixtral:8x7b,liberal,3.0,purity
agreement,16,mixtral:8x7b,liberal,2.0,purity
agreement,16,mixtral:8x7b,liberal,2.0,purity
agreement,16,mixtral:8x7b,liberal,3.0,purity
agreement,16,phi3:14b,conservative,5.0,purity
agreement,16,phi3:14b,conservative,5.0,purity
agreement,16,phi3:14b,conservative,5.0,purity
agreement,16,phi3:14b,conservative,5.0,purity
agreement,16,phi3:14b,conservative,5.0,purity
agreement,16,phi3:14b,conservative,5.0,purity
agreement,16,phi3:14b,conservative,5.0,purity
agreement,16,phi3:14b,conservative,5.0,purity
agreement,16,phi3:14b,conservative,5.0,purity
agreement,16,phi3:14b,conservative,5.0,purity
agreement,16,phi3:14b,conservative,5.0,purity
agreement,16,phi3:14b,conservative,5.0,purity
agreement,16,phi3:14b,conservative,5.0,purity
agreement,16,phi3:14b,conservative,5.0,purity
agreement,16,phi3:14b,conservative,5.0,purity
agreement,16,phi3:14b,conservative,5.0,purity
agreement,16,phi3:14b,conservative,5.0,purity
agreement,16,phi3:14b,conservative,5.0,purity
agreement,16,phi3:14b,conservative,5.0,purity
agreement,16,phi3:14b,conservative,5.0,purity
agreement,16,phi3:14b,conservative,5.0,purity
agreement,16,phi3:14b,conservative,5.0,purity
agreement,16,phi3:14b,conservative,5.0,purity
agreement,16,phi3:14b,conservative,5.0,purity
agreement,16,phi3:14b,conservative,5.0,purity
agreement,16,phi3:14b,conservative,5.0,purity
agreement,16,phi3:14b,conservative,5.0,purity
agreement,16,phi3:14b,conservative,5.0,purity
agreement,16,phi3:14b,conservative,5.0,purity
agreement,16,phi3:14b,conservative,5.0,purity
agreement,16,phi3:14b,conservative,5.0,purity
agreement,16,phi3:14b,conservative,5.0,purity
agreement,16,phi3:14b,conservative,5.0,purity
agreement,16,phi3:14b,conservative,5.0,purity
agreement,16,phi3:14b,conservative,5.0,purity
agreement,16,phi3:14b,conservative,5.0,purity
agreement,16,phi3:14b,conservative,5.0,purity
agreement,16,phi3:14b,conservative,5.0,purity
agreement,16,phi3:14b,conservative,5.0,purity
agreement,16,phi3:14b,conservative,5.0,purity
agreement,16,phi3:14b,conservative,5.0,purity
agreement,16,phi3:14b,conservative,5.0,purity
agreement,16,phi3:14b,conservative,5.0,purity
agreement,16,phi3:14b,conservative,5.0,purity
agreement,16,phi3:14b,conservative,5.0,purity
agreement,16,phi3:14b,conservative,5.0,purity
agreement,16,phi3:14b,conservative,5.0,purity
agreement,16,phi3:14b,conservative,5.0,purity
agreement,16,phi3:14b,conservative,5.0,purity
agreement,16,phi3:14b,conservative,5.0,purity
agreement,16,phi3:14b,moderate,4.0,purity
agreement,16,phi3:14b,moderate,4.0,purity
agreement,16,phi3:14b,moderate,3.0,purity
agreement,16,phi3:14b,moderate,4.0,purity
agreement,16,phi3:14b,moderate,3.0,purity
agreement,16,phi3:14b,moderate,4.0,purity
agreement,16,phi3:14b,moderate,5.0,purity
agreement,16,phi3:14b,moderate,3.0,purity
agreement,16,phi3:14b,moderate,4.0,purity
agreement,16,phi3:14b,moderate,4.0,purity
agreement,16,phi3:14b,moderate,4.0,purity
agreement,16,phi3:14b,moderate,4.0,purity
agreement,16,phi3:14b,moderate,4.0,purity
agreement,16,phi3:14b,moderate,4.0,purity
agreement,16,phi3:14b,moderate,3.0,purity
agreement,16,phi3:14b,moderate,4.0,purity
agreement,16,phi3:14b,moderate,3.0,purity
agreement,16,phi3:14b,moderate,4.0,purity
agreement,16,phi3:14b,moderate,4.0,purity
agreement,16,phi3:14b,moderate,3.0,purity
agreement,16,phi3:14b,moderate,5.0,purity
agreement,16,phi3:14b,moderate,5.0,purity
agreement,16,phi3:14b,moderate,4.0,purity
agreement,16,phi3:14b,moderate,3.0,purity
agreement,16,phi3:14b,moderate,4.0,purity
agreement,16,phi3:14b,moderate,5.0,purity
agreement,16,phi3:14b,moderate,4.0,purity
agreement,16,phi3:14b,moderate,4.0,purity
agreement,16,phi3:14b,moderate,3.0,purity
agreement,16,phi3:14b,moderate,4.0,purity
agreement,16,phi3:14b,moderate,4.0,purity
agreement,16,phi3:14b,moderate,4.0,purity
agreement,16,phi3:14b,moderate,5.0,purity
agreement,16,phi3:14b,moderate,5.0,purity
agreement,16,phi3:14b,moderate,4.0,purity
agreement,16,phi3:14b,moderate,4.0,purity
agreement,16,phi3:14b,moderate,4.0,purity
agreement,16,phi3:14b,moderate,3.0,purity
agreement,16,phi3:14b,moderate,5.0,purity
agreement,16,phi3:14b,moderate,4.0,purity
agreement,16,phi3:14b,moderate,5.0,purity
agreement,16,phi3:14b,moderate,5.0,purity
agreement,16,phi3:14b,moderate,3.0,purity
agreement,16,phi3:14b,moderate,3.0,purity
agreement,16,phi3:14b,moderate,3.0,purity
agreement,16,phi3:14b,moderate,5.0,purity
agreement,16,phi3:14b,moderate,4.0,purity
agreement,16,phi3:14b,moderate,5.0,purity
agreement,16,phi3:14b,moderate,4.0,purity
agreement,16,phi3:14b,moderate,4.0,purity
agreement,16,phi3:14b,liberal,1.0,purity
agreement,16,phi3:14b,liberal,2.0,purity
agreement,16,phi3:14b,liberal,1.0,purity
agreement,16,phi3:14b,liberal,2.0,purity
agreement,16,phi3:14b,liberal,3.0,purity
agreement,16,phi3:14b,liberal,2.0,purity
agreement,16,phi3:14b,liberal,3.0,purity
agreement,16,phi3:14b,liberal,0.0,purity
agreement,16,phi3:14b,liberal,2.0,purity
agreement,16,phi3:14b,liberal,2.0,purity
agreement,16,phi3:14b,liberal,0.0,purity
agreement,16,phi3:14b,liberal,2.0,purity
agreement,16,phi3:14b,liberal,2.0,purity
agreement,16,phi3:14b,liberal,2.0,purity
agreement,16,phi3:14b,liberal,4.0,purity
agreement,16,phi3:14b,liberal,2.0,purity
agreement,16,phi3:14b,liberal,2.0,purity
agreement,16,phi3:14b,liberal,3.0,purity
agreement,16,phi3:14b,liberal,2.0,purity
agreement,16,phi3:14b,liberal,0.0,purity
agreement,16,phi3:14b,liberal,1.0,purity
agreement,16,phi3:14b,liberal,2.0,purity
agreement,16,phi3:14b,liberal,0.0,purity
agreement,16,phi3:14b,liberal,2.0,purity
agreement,16,phi3:14b,liberal,2.0,purity
agreement,16,phi3:14b,liberal,3.0,purity
agreement,16,phi3:14b,liberal,2.0,purity
agreement,16,phi3:14b,liberal,5.0,purity
agreement,16,phi3:14b,liberal,2.0,purity
agreement,16,phi3:14b,liberal,1.0,purity
agreement,16,phi3:14b,liberal,2.0,purity
agreement,16,phi3:14b,liberal,2.0,purity
agreement,16,phi3:14b,liberal,3.0,purity
agreement,16,phi3:14b,liberal,2.0,purity
agreement,16,phi3:14b,liberal,0.0,purity
agreement,16,phi3:14b,liberal,2.0,purity
agreement,16,phi3:14b,liberal,2.0,purity
agreement,16,phi3:14b,liberal,1.0,purity
agreement,16,phi3:14b,liberal,1.0,purity
agreement,16,phi3:14b,liberal,2.0,purity
agreement,16,phi3:14b,liberal,2.0,purity
agreement,16,phi3:14b,liberal,0.0,purity
agreement,16,phi3:14b,liberal,2.0,purity
agreement,16,phi3:14b,liberal,2.0,purity
agreement,16,phi3:14b,liberal,2.0,purity
agreement,16,phi3:14b,liberal,3.0,purity
agreement,16,phi3:14b,liberal,2.0,purity
agreement,16,phi3:14b,liberal,0.0,purity
agreement,16,phi3:14b,liberal,1.0,purity
agreement,16,phi3:14b,liberal,0.0,purity
agreement,16,gemma:7b,conservative,4.0,purity
agreement,16,gemma:7b,conservative,4.0,purity
agreement,16,gemma:7b,conservative,4.0,purity
agreement,16,gemma:7b,conservative,4.0,purity
agreement,16,gemma:7b,conservative,5.0,purity
agreement,16,gemma:7b,conservative,3.0,purity
agreement,16,gemma:7b,conservative,4.0,purity
agreement,16,gemma:7b,conservative,3.0,purity
agreement,16,gemma:7b,conservative,4.0,purity
agreement,16,gemma:7b,conservative,4.0,purity
agreement,16,gemma:7b,conservative,4.0,purity
agreement,16,gemma:7b,conservative,4.0,purity
agreement,16,gemma:7b,conservative,3.0,purity
agreement,16,gemma:7b,conservative,5.0,purity
agreement,16,gemma:7b,conservative,4.0,purity
agreement,16,gemma:7b,conservative,4.0,purity
agreement,16,gemma:7b,conservative,4.0,purity
agreement,16,gemma:7b,conservative,4.0,purity
agreement,16,gemma:7b,conservative,4.0,purity
agreement,16,gemma:7b,conservative,4.0,purity
agreement,16,gemma:7b,conservative,3.0,purity
agreement,16,gemma:7b,conservative,3.0,purity
agreement,16,gemma:7b,conservative,4.0,purity
agreement,16,gemma:7b,conservative,4.0,purity
agreement,16,gemma:7b,conservative,3.0,purity
agreement,16,gemma:7b,conservative,3.0,purity
agreement,16,gemma:7b,conservative,4.0,purity
agreement,16,gemma:7b,conservative,5.0,purity
agreement,16,gemma:7b,conservative,4.0,purity
agreement,16,gemma:7b,conservative,4.0,purity
agreement,16,gemma:7b,conservative,3.0,purity
agreement,16,gemma:7b,conservative,4.0,purity
agreement,16,gemma:7b,conservative,4.0,purity
agreement,16,gemma:7b,conservative,4.0,purity
agreement,16,gemma:7b,conservative,4.0,purity
agreement,16,gemma:7b,conservative,4.0,purity
agreement,16,gemma:7b,conservative,4.0,purity
agreement,16,gemma:7b,conservative,4.0,purity
agreement,16,gemma:7b,conservative,4.0,purity
agreement,16,gemma:7b,conservative,4.0,purity
agreement,16,gemma:7b,conservative,4.0,purity
agreement,16,gemma:7b,conservative,4.0,purity
agreement,16,gemma:7b,conservative,4.0,purity
agreement,16,gemma:7b,conservative,4.0,purity
agreement,16,gemma:7b,conservative,4.0,purity
agreement,16,gemma:7b,conservative,5.0,purity
agreement,16,gemma:7b,conservative,4.0,purity
agreement,16,gemma:7b,conservative,4.0,purity
agreement,16,gemma:7b,conservative,5.0,purity
agreement,16,gemma:7b,conservative,4.0,purity
agreement,16,gemma:7b,moderate,3.0,purity
agreement,16,gemma:7b,moderate,3.0,purity
agreement,16,gemma:7b,moderate,3.0,purity
agreement,16,gemma:7b,moderate,3.0,purity
agreement,16,gemma:7b,moderate,3.0,purity
agreement,16,gemma:7b,moderate,3.0,purity
agreement,16,gemma:7b,moderate,3.0,purity
agreement,16,gemma:7b,moderate,3.0,purity
agreement,16,gemma:7b,moderate,3.0,purity
agreement,16,gemma:7b,moderate,4.0,purity
agreement,16,gemma:7b,moderate,3.0,purity
agreement,16,gemma:7b,moderate,3.0,purity
agreement,16,gemma:7b,moderate,3.0,purity
agreement,16,gemma:7b,moderate,4.0,purity
agreement,16,gemma:7b,moderate,3.0,purity
agreement,16,gemma:7b,moderate,3.0,purity
agreement,16,gemma:7b,moderate,4.0,purity
agreement,16,gemma:7b,moderate,3.0,purity
agreement,16,gemma:7b,moderate,3.0,purity
agreement,16,gemma:7b,moderate,3.0,purity
agreement,16,gemma:7b,moderate,3.0,purity
agreement,16,gemma:7b,moderate,3.0,purity
agreement,16,gemma:7b,moderate,3.0,purity
agreement,16,gemma:7b,moderate,3.0,purity
agreement,16,gemma:7b,moderate,3.0,purity
agreement,16,gemma:7b,moderate,3.0,purity
agreement,16,gemma:7b,moderate,3.0,purity
agreement,16,gemma:7b,moderate,3.0,purity
agreement,16,gemma:7b,moderate,3.0,purity
agreement,16,gemma:7b,moderate,3.0,purity
agreement,16,gemma:7b,moderate,3.0,purity
agreement,16,gemma:7b,moderate,4.0,purity
agreement,16,gemma:7b,moderate,3.0,purity
agreement,16,gemma:7b,moderate,3.0,purity
agreement,16,gemma:7b,moderate,3.0,purity
agreement,16,gemma:7b,moderate,3.0,purity
agreement,16,gemma:7b,moderate,3.0,purity
agreement,16,gemma:7b,moderate,3.0,purity
agreement,16,gemma:7b,moderate,3.0,purity
agreement,16,gemma:7b,moderate,3.0,purity
agreement,16,gemma:7b,moderate,3.0,purity
agreement,16,gemma:7b,moderate,3.0,purity
agreement,16,gemma:7b,moderate,3.0,purity
agreement,16,gemma:7b,moderate,3.0,purity
agreement,16,gemma:7b,moderate,3.0,purity
agreement,16,gemma:7b,moderate,3.0,purity
agreement,16,gemma:7b,moderate,3.0,purity
agreement,16,gemma:7b,moderate,3.0,purity
agreement,16,gemma:7b,moderate,3.0,purity
agreement,16,gemma:7b,moderate,3.0,purity
agreement,16,gemma:7b,liberal,4.0,purity
agreement,16,gemma:7b,liberal,4.0,purity
agreement,16,gemma:7b,liberal,3.0,purity
agreement,16,gemma:7b,liberal,4.0,purity
agreement,16,gemma:7b,liberal,3.0,purity
agreement,16,gemma:7b,liberal,3.0,purity
agreement,16,gemma:7b,liberal,3.0,purity
agreement,16,gemma:7b,liberal,3.0,purity
agreement,16,gemma:7b,liberal,4.0,purity
agreement,16,gemma:7b,liberal,3.0,purity
agreement,16,gemma:7b,liberal,3.0,purity
agreement,16,gemma:7b,liberal,4.0,purity
agreement,16,gemma:7b,liberal,3.0,purity
agreement,16,gemma:7b,liberal,3.0,purity
agreement,16,gemma:7b,liberal,3.0,purity
agreement,16,gemma:7b,liberal,3.0,purity
agreement,16,gemma:7b,liberal,3.0,purity
agreement,16,gemma:7b,liberal,4.0,purity
agreement,16,gemma:7b,liberal,3.0,purity
agreement,16,gemma:7b,liberal,3.0,purity
agreement,16,gemma:7b,liberal,3.0,purity
agreement,16,gemma:7b,liberal,3.0,purity
agreement,16,gemma:7b,liberal,3.0,purity
agreement,16,gemma:7b,liberal,3.0,purity
agreement,16,gemma:7b,liberal,4.0,purity
agreement,16,gemma:7b,liberal,4.0,purity
agreement,16,gemma:7b,liberal,4.0,purity
agreement,16,gemma:7b,liberal,4.0,purity
agreement,16,gemma:7b,liberal,4.0,purity
agreement,16,gemma:7b,liberal,4.0,purity
agreement,16,gemma:7b,liberal,3.0,purity
agreement,16,gemma:7b,liberal,3.0,purity
agreement,16,gemma:7b,liberal,3.0,purity
agreement,16,gemma:7b,liberal,3.0,purity
agreement,16,gemma:7b,liberal,3.0,purity
agreement,16,gemma:7b,liberal,4.0,purity
agreement,16,gemma:7b,liberal,3.0,purity
agreement,16,gemma:7b,liberal,4.0,purity
agreement,16,gemma:7b,liberal,4.0,purity
agreement,16,gemma:7b,liberal,5.0,purity
agreement,16,gemma:7b,liberal,3.0,purity
agreement,16,gemma:7b,liberal,4.0,purity
agreement,16,gemma:7b,liberal,4.0,purity
agreement,16,gemma:7b,liberal,4.0,purity
agreement,16,gemma:7b,liberal,4.0,purity
agreement,16,gemma:7b,liberal,3.0,purity
agreement,16,gemma:7b,liberal,3.0,purity
agreement,16,gemma:7b,liberal,3.0,purity
agreement,16,gemma:7b,liberal,3.0,purity
agreement,16,gemma:7b,liberal,3.0,purity
agreement,16,gemma2:27b,conservative,5.0,purity
agreement,16,gemma2:27b,conservative,5.0,purity
agreement,16,gemma2:27b,conservative,5.0,purity
agreement,16,gemma2:27b,conservative,5.0,purity
agreement,16,gemma2:27b,conservative,5.0,purity
agreement,16,gemma2:27b,conservative,5.0,purity
agreement,16,gemma2:27b,conservative,5.0,purity
agreement,16,gemma2:27b,conservative,5.0,purity
agreement,16,gemma2:27b,conservative,5.0,purity
agreement,16,gemma2:27b,conservative,5.0,purity
agreement,16,gemma2:27b,conservative,5.0,purity
agreement,16,gemma2:27b,conservative,5.0,purity
agreement,16,gemma2:27b,conservative,5.0,purity
agreement,16,gemma2:27b,conservative,5.0,purity
agreement,16,gemma2:27b,conservative,5.0,purity
agreement,16,gemma2:27b,conservative,5.0,purity
agreement,16,gemma2:27b,conservative,5.0,purity
agreement,16,gemma2:27b,conservative,5.0,purity
agreement,16,gemma2:27b,conservative,5.0,purity
agreement,16,gemma2:27b,conservative,5.0,purity
agreement,16,gemma2:27b,conservative,5.0,purity
agreement,16,gemma2:27b,conservative,5.0,purity
agreement,16,gemma2:27b,conservative,5.0,purity
agreement,16,gemma2:27b,conservative,5.0,purity
agreement,16,gemma2:27b,conservative,5.0,purity
agreement,16,gemma2:27b,conservative,5.0,purity
agreement,16,gemma2:27b,conservative,5.0,purity
agreement,16,gemma2:27b,conservative,5.0,purity
agreement,16,gemma2:27b,conservative,5.0,purity
agreement,16,gemma2:27b,conservative,5.0,purity
agreement,16,gemma2:27b,conservative,5.0,purity
agreement,16,gemma2:27b,conservative,5.0,purity
agreement,16,gemma2:27b,conservative,5.0,purity
agreement,16,gemma2:27b,conservative,5.0,purity
agreement,16,gemma2:27b,conservative,5.0,purity
agreement,16,gemma2:27b,conservative,5.0,purity
agreement,16,gemma2:27b,conservative,5.0,purity
agreement,16,gemma2:27b,conservative,5.0,purity
agreement,16,gemma2:27b,conservative,5.0,purity
agreement,16,gemma2:27b,conservative,5.0,purity
agreement,16,gemma2:27b,conservative,5.0,purity
agreement,16,gemma2:27b,conservative,5.0,purity
agreement,16,gemma2:27b,conservative,5.0,purity
agreement,16,gemma2:27b,conservative,5.0,purity
agreement,16,gemma2:27b,conservative,5.0,purity
agreement,16,gemma2:27b,conservative,5.0,purity
agreement,16,gemma2:27b,conservative,5.0,purity
agreement,16,gemma2:27b,conservative,5.0,purity
agreement,16,gemma2:27b,conservative,5.0,purity
agreement,16,gemma2:27b,conservative,5.0,purity
agreement,16,gemma2:27b,moderate,3.0,purity
agreement,16,gemma2:27b,moderate,3.0,purity
agreement,16,gemma2:27b,moderate,3.0,purity
agreement,16,gemma2:27b,moderate,3.0,purity
agreement,16,gemma2:27b,moderate,3.0,purity
agreement,16,gemma2:27b,moderate,3.0,purity
agreement,16,gemma2:27b,moderate,3.0,purity
agreement,16,gemma2:27b,moderate,3.0,purity
agreement,16,gemma2:27b,moderate,3.0,purity
agreement,16,gemma2:27b,moderate,3.0,purity
agreement,16,gemma2:27b,moderate,3.0,purity
agreement,16,gemma2:27b,moderate,3.0,purity
agreement,16,gemma2:27b,moderate,3.0,purity
agreement,16,gemma2:27b,moderate,3.0,purity
agreement,16,gemma2:27b,moderate,3.0,purity
agreement,16,gemma2:27b,moderate,3.0,purity
agreement,16,gemma2:27b,moderate,3.0,purity
agreement,16,gemma2:27b,moderate,3.0,purity
agreement,16,gemma2:27b,moderate,3.0,purity
agreement,16,gemma2:27b,moderate,3.0,purity
agreement,16,gemma2:27b,moderate,3.0,purity
agreement,16,gemma2:27b,moderate,3.0,purity
agreement,16,gemma2:27b,moderate,3.0,purity
agreement,16,gemma2:27b,moderate,3.0,purity
agreement,16,gemma2:27b,moderate,3.0,purity
agreement,16,gemma2:27b,moderate,3.0,purity
agreement,16,gemma2:27b,moderate,3.0,purity
agreement,16,gemma2:27b,moderate,3.0,purity
agreement,16,gemma2:27b,moderate,3.0,purity
agreement,16,gemma2:27b,moderate,3.0,purity
agreement,16,gemma2:27b,moderate,3.0,purity
agreement,16,gemma2:27b,moderate,3.0,purity
agreement,16,gemma2:27b,moderate,3.0,purity
agreement,16,gemma2:27b,moderate,3.0,purity
agreement,16,gemma2:27b,moderate,3.0,purity
agreement,16,gemma2:27b,moderate,3.0,purity
agreement,16,gemma2:27b,moderate,3.0,purity
agreement,16,gemma2:27b,moderate,3.0,purity
agreement,16,gemma2:27b,moderate,3.0,purity
agreement,16,gemma2:27b,moderate,3.0,purity
agreement,16,gemma2:27b,moderate,3.0,purity
agreement,16,gemma2:27b,moderate,3.0,purity
agreement,16,gemma2:27b,moderate,3.0,purity
agreement,16,gemma2:27b,moderate,3.0,purity
agreement,16,gemma2:27b,moderate,3.0,purity
agreement,16,gemma2:27b,moderate,3.0,purity
agreement,16,gemma2:27b,moderate,3.0,purity
agreement,16,gemma2:27b,moderate,3.0,purity
agreement,16,gemma2:27b,moderate,3.0,purity
agreement,16,gemma2:27b,moderate,3.0,purity
agreement,16,gemma2:27b,liberal,2.0,purity
agreement,16,gemma2:27b,liberal,2.0,purity
agreement,16,gemma2:27b,liberal,2.0,purity
agreement,16,gemma2:27b,liberal,2.0,purity
agreement,16,gemma2:27b,liberal,2.0,purity
agreement,16,gemma2:27b,liberal,2.0,purity
agreement,16,gemma2:27b,liberal,2.0,purity
agreement,16,gemma2:27b,liberal,2.0,purity
agreement,16,gemma2:27b,liberal,2.0,purity
agreement,16,gemma2:27b,liberal,2.0,purity
agreement,16,gemma2:27b,liberal,2.0,purity
agreement,16,gemma2:27b,liberal,2.0,purity
agreement,16,gemma2:27b,liberal,2.0,purity
agreement,16,gemma2:27b,liberal,2.0,purity
agreement,16,gemma2:27b,liberal,2.0,purity
agreement,16,gemma2:27b,liberal,2.0,purity
agreement,16,gemma2:27b,liberal,2.0,purity
agreement,16,gemma2:27b,liberal,2.0,purity
agreement,16,gemma2:27b,liberal,2.0,purity
agreement,16,gemma2:27b,liberal,2.0,purity
agreement,16,gemma2:27b,liberal,2.0,purity
agreement,16,gemma2:27b,liberal,2.0,purity
agreement,16,gemma2:27b,liberal,2.0,purity
agreement,16,gemma2:27b,liberal,2.0,purity
agreement,16,gemma2:27b,liberal,2.0,purity
agreement,16,gemma2:27b,liberal,2.0,purity
agreement,16,gemma2:27b,liberal,2.0,purity
agreement,16,gemma2:27b,liberal,2.0,purity
agreement,16,gemma2:27b,liberal,2.0,purity
agreement,16,gemma2:27b,liberal,2.0,purity
agreement,16,gemma2:27b,liberal,2.0,purity
agreement,16,gemma2:27b,liberal,2.0,purity
agreement,16,gemma2:27b,liberal,2.0,purity
agreement,16,gemma2:27b,liberal,2.0,purity
agreement,16,gemma2:27b,liberal,2.0,purity
agreement,16,gemma2:27b,liberal,2.0,purity
agreement,16,gemma2:27b,liberal,2.0,purity
agreement,16,gemma2:27b,liberal,2.0,purity
agreement,16,gemma2:27b,liberal,2.0,purity
agreement,16,gemma2:27b,liberal,2.0,purity
agreement,16,gemma2:27b,liberal,2.0,purity
agreement,16,gemma2:27b,liberal,2.0,purity
agreement,16,gemma2:27b,liberal,2.0,purity
agreement,16,gemma2:27b,liberal,2.0,purity
agreement,16,gemma2:27b,liberal,2.0,purity
agreement,16,gemma2:27b,liberal,2.0,purity
agreement,16,gemma2:27b,liberal,2.0,purity
agreement,16,gemma2:27b,liberal,2.0,purity
agreement,16,gemma2:27b,liberal,2.0,purity
agreement,16,gemma2:27b,liberal,2.0,purity
agreement,16,qwen:72b,conservative,5.0,purity
agreement,16,qwen:72b,conservative,5.0,purity
agreement,16,qwen:72b,conservative,5.0,purity
agreement,16,qwen:72b,conservative,5.0,purity
agreement,16,qwen:72b,conservative,5.0,purity
agreement,16,qwen:72b,conservative,5.0,purity
agreement,16,qwen:72b,conservative,5.0,purity
agreement,16,qwen:72b,conservative,5.0,purity
agreement,16,qwen:72b,conservative,5.0,purity
agreement,16,qwen:72b,conservative,5.0,purity
agreement,16,qwen:72b,conservative,5.0,purity
agreement,16,qwen:72b,conservative,5.0,purity
agreement,16,qwen:72b,conservative,5.0,purity
agreement,16,qwen:72b,conservative,5.0,purity
agreement,16,qwen:72b,conservative,5.0,purity
agreement,16,qwen:72b,conservative,5.0,purity
agreement,16,qwen:72b,conservative,5.0,purity
agreement,16,qwen:72b,conservative,5.0,purity
agreement,16,qwen:72b,conservative,5.0,purity
agreement,16,qwen:72b,conservative,5.0,purity
agreement,16,qwen:72b,conservative,5.0,purity
agreement,16,qwen:72b,conservative,5.0,purity
agreement,16,qwen:72b,conservative,5.0,purity
agreement,16,qwen:72b,conservative,5.0,purity
agreement,16,qwen:72b,conservative,5.0,purity
agreement,16,qwen:72b,conservative,5.0,purity
agreement,16,qwen:72b,conservative,5.0,purity
agreement,16,qwen:72b,conservative,5.0,purity
agreement,16,qwen:72b,conservative,5.0,purity
agreement,16,qwen:72b,conservative,5.0,purity
agreement,16,qwen:72b,conservative,5.0,purity
agreement,16,qwen:72b,conservative,5.0,purity
agreement,16,qwen:72b,conservative,5.0,purity
agreement,16,qwen:72b,conservative,5.0,purity
agreement,16,qwen:72b,conservative,5.0,purity
agreement,16,qwen:72b,conservative,5.0,purity
agreement,16,qwen:72b,conservative,5.0,purity
agreement,16,qwen:72b,conservative,5.0,purity
agreement,16,qwen:72b,conservative,5.0,purity
agreement,16,qwen:72b,conservative,5.0,purity
agreement,16,qwen:72b,conservative,5.0,purity
agreement,16,qwen:72b,conservative,5.0,purity
agreement,16,qwen:72b,conservative,5.0,purity
agreement,16,qwen:72b,conservative,5.0,purity
agreement,16,qwen:72b,conservative,5.0,purity
agreement,16,qwen:72b,conservative,5.0,purity
agreement,16,qwen:72b,conservative,5.0,purity
agreement,16,qwen:72b,conservative,5.0,purity
agreement,16,qwen:72b,conservative,5.0,purity
agreement,16,qwen:72b,conservative,5.0,purity
agreement,16,qwen:72b,moderate,5.0,purity
agreement,16,qwen:72b,moderate,5.0,purity
agreement,16,qwen:72b,moderate,4.0,purity
agreement,16,qwen:72b,moderate,4.0,purity
agreement,16,qwen:72b,moderate,5.0,purity
agreement,16,qwen:72b,moderate,5.0,purity
agreement,16,qwen:72b,moderate,5.0,purity
agreement,16,qwen:72b,moderate,4.0,purity
agreement,16,qwen:72b,moderate,5.0,purity
agreement,16,qwen:72b,moderate,4.0,purity
agreement,16,qwen:72b,moderate,4.0,purity
agreement,16,qwen:72b,moderate,4.0,purity
agreement,16,qwen:72b,moderate,4.0,purity
agreement,16,qwen:72b,moderate,3.0,purity
agreement,16,qwen:72b,moderate,5.0,purity
agreement,16,qwen:72b,moderate,5.0,purity
agreement,16,qwen:72b,moderate,4.0,purity
agreement,16,qwen:72b,moderate,4.0,purity
agreement,16,qwen:72b,moderate,5.0,purity
agreement,16,qwen:72b,moderate,4.0,purity
agreement,16,qwen:72b,moderate,5.0,purity
agreement,16,qwen:72b,moderate,5.0,purity
agreement,16,qwen:72b,moderate,4.0,purity
agreement,16,qwen:72b,moderate,4.0,purity
agreement,16,qwen:72b,moderate,5.0,purity
agreement,16,qwen:72b,moderate,4.0,purity
agreement,16,qwen:72b,moderate,5.0,purity
agreement,16,qwen:72b,moderate,4.0,purity
agreement,16,qwen:72b,moderate,5.0,purity
agreement,16,qwen:72b,moderate,4.0,purity
agreement,16,qwen:72b,moderate,5.0,purity
agreement,16,qwen:72b,moderate,0.0,purity
agreement,16,qwen:72b,moderate,4.0,purity
agreement,16,qwen:72b,moderate,4.0,purity
agreement,16,qwen:72b,moderate,3.0,purity
agreement,16,qwen:72b,moderate,3.0,purity
agreement,16,qwen:72b,moderate,4.0,purity
agreement,16,qwen:72b,moderate,4.0,purity
agreement,16,qwen:72b,moderate,4.0,purity
agreement,16,qwen:72b,moderate,5.0,purity
agreement,16,qwen:72b,moderate,4.0,purity
agreement,16,qwen:72b,moderate,4.0,purity
agreement,16,qwen:72b,moderate,4.0,purity
agreement,16,qwen:72b,moderate,4.0,purity
agreement,16,qwen:72b,moderate,4.0,purity
agreement,16,qwen:72b,moderate,5.0,purity
agreement,16,qwen:72b,moderate,4.0,purity
agreement,16,qwen:72b,moderate,5.0,purity
agreement,16,qwen:72b,moderate,4.0,purity
agreement,16,qwen:72b,moderate,5.0,purity
agreement,16,qwen:72b,liberal,3.0,purity
agreement,16,qwen:72b,liberal,3.0,purity
agreement,16,qwen:72b,liberal,2.0,purity
agreement,16,qwen:72b,liberal,3.0,purity
agreement,16,qwen:72b,liberal,3.0,purity
agreement,16,qwen:72b,liberal,3.0,purity
agreement,16,qwen:72b,liberal,2.0,purity
agreement,16,qwen:72b,liberal,3.0,purity
agreement,16,qwen:72b,liberal,2.0,purity
agreement,16,qwen:72b,liberal,2.0,purity
agreement,16,qwen:72b,liberal,3.0,purity
agreement,16,qwen:72b,liberal,2.0,purity
agreement,16,qwen:72b,liberal,3.0,purity
agreement,16,qwen:72b,liberal,2.0,purity
agreement,16,qwen:72b,liberal,3.0,purity
agreement,16,qwen:72b,liberal,3.0,purity
agreement,16,qwen:72b,liberal,3.0,purity
agreement,16,qwen:72b,liberal,3.0,purity
agreement,16,qwen:72b,liberal,3.0,purity
agreement,16,qwen:72b,liberal,3.0,purity
agreement,16,qwen:72b,liberal,2.0,purity
agreement,16,qwen:72b,liberal,4.0,purity
agreement,16,qwen:72b,liberal,3.0,purity
agreement,16,qwen:72b,liberal,3.0,purity
agreement,16,qwen:72b,liberal,3.0,purity
agreement,16,qwen:72b,liberal,2.0,purity
agreement,16,qwen:72b,liberal,3.0,purity
agreement,16,qwen:72b,liberal,4.0,purity
agreement,16,qwen:72b,liberal,3.0,purity
agreement,16,qwen:72b,liberal,3.0,purity
agreement,16,qwen:72b,liberal,3.0,purity
agreement,16,qwen:72b,liberal,3.0,purity
agreement,16,qwen:72b,liberal,2.0,purity
agreement,16,qwen:72b,liberal,3.0,purity
agreement,16,qwen:72b,liberal,2.0,purity
agreement,16,qwen:72b,liberal,2.0,purity
agreement,16,qwen:72b,liberal,3.0,purity
agreement,16,qwen:72b,liberal,2.0,purity
agreement,16,qwen:72b,liberal,3.0,purity
agreement,16,qwen:72b,liberal,3.0,purity
agreement,16,qwen:72b,liberal,3.0,purity
agreement,16,qwen:72b,liberal,3.0,purity
agreement,16,qwen:72b,liberal,3.0,purity
agreement,16,qwen:72b,liberal,2.0,purity
agreement,16,qwen:72b,liberal,3.0,purity
agreement,16,qwen:72b,liberal,3.0,purity
agreement,16,qwen:72b,liberal,3.0,purity
agreement,16,qwen:72b,liberal,4.0,purity
agreement,16,qwen:72b,liberal,3.0,purity
agreement,16,qwen:72b,liberal,3.0,purity
agreement,16,qwen2:72b,conservative,5.0,purity
agreement,16,qwen2:72b,conservative,5.0,purity
agreement,16,qwen2:72b,conservative,5.0,purity
agreement,16,qwen2:72b,conservative,5.0,purity
agreement,16,qwen2:72b,conservative,5.0,purity
agreement,16,qwen2:72b,conservative,5.0,purity
agreement,16,qwen2:72b,conservative,5.0,purity
agreement,16,qwen2:72b,conservative,5.0,purity
agreement,16,qwen2:72b,conservative,5.0,purity
agreement,16,qwen2:72b,conservative,5.0,purity
agreement,16,qwen2:72b,conservative,5.0,purity
agreement,16,qwen2:72b,conservative,5.0,purity
agreement,16,qwen2:72b,conservative,5.0,purity
agreement,16,qwen2:72b,conservative,5.0,purity
agreement,16,qwen2:72b,conservative,5.0,purity
agreement,16,qwen2:72b,conservative,5.0,purity
agreement,16,qwen2:72b,conservative,5.0,purity
agreement,16,qwen2:72b,conservative,5.0,purity
agreement,16,qwen2:72b,conservative,5.0,purity
agreement,16,qwen2:72b,conservative,5.0,purity
agreement,16,qwen2:72b,conservative,5.0,purity
agreement,16,qwen2:72b,conservative,5.0,purity
agreement,16,qwen2:72b,conservative,5.0,purity
agreement,16,qwen2:72b,conservative,5.0,purity
agreement,16,qwen2:72b,conservative,5.0,purity
agreement,16,qwen2:72b,conservative,5.0,purity
agreement,16,qwen2:72b,conservative,5.0,purity
agreement,16,qwen2:72b,conservative,5.0,purity
agreement,16,qwen2:72b,conservative,5.0,purity
agreement,16,qwen2:72b,conservative,5.0,purity
agreement,16,qwen2:72b,conservative,5.0,purity
agreement,16,qwen2:72b,conservative,5.0,purity
agreement,16,qwen2:72b,conservative,5.0,purity
agreement,16,qwen2:72b,conservative,5.0,purity
agreement,16,qwen2:72b,conservative,5.0,purity
agreement,16,qwen2:72b,conservative,5.0,purity
agreement,16,qwen2:72b,conservative,5.0,purity
agreement,16,qwen2:72b,conservative,5.0,purity
agreement,16,qwen2:72b,conservative,5.0,purity
agreement,16,qwen2:72b,conservative,5.0,purity
agreement,16,qwen2:72b,conservative,5.0,purity
agreement,16,qwen2:72b,conservative,5.0,purity
agreement,16,qwen2:72b,conservative,5.0,purity
agreement,16,qwen2:72b,conservative,5.0,purity
agreement,16,qwen2:72b,conservative,5.0,purity
agreement,16,qwen2:72b,conservative,5.0,purity
agreement,16,qwen2:72b,conservative,5.0,purity
agreement,16,qwen2:72b,conservative,5.0,purity
agreement,16,qwen2:72b,conservative,5.0,purity
agreement,16,qwen2:72b,conservative,5.0,purity
agreement,16,qwen2:72b,moderate,3.0,purity
agreement,16,qwen2:72b,moderate,3.0,purity
agreement,16,qwen2:72b,moderate,3.0,purity
agreement,16,qwen2:72b,moderate,3.0,purity
agreement,16,qwen2:72b,moderate,3.0,purity
agreement,16,qwen2:72b,moderate,3.0,purity
agreement,16,qwen2:72b,moderate,3.0,purity
agreement,16,qwen2:72b,moderate,3.0,purity
agreement,16,qwen2:72b,moderate,3.0,purity
agreement,16,qwen2:72b,moderate,3.0,purity
agreement,16,qwen2:72b,moderate,3.0,purity
agreement,16,qwen2:72b,moderate,3.0,purity
agreement,16,qwen2:72b,moderate,3.0,purity
agreement,16,qwen2:72b,moderate,3.0,purity
agreement,16,qwen2:72b,moderate,3.0,purity
agreement,16,qwen2:72b,moderate,3.0,purity
agreement,16,qwen2:72b,moderate,3.0,purity
agreement,16,qwen2:72b,moderate,3.0,purity
agreement,16,qwen2:72b,moderate,3.0,purity
agreement,16,qwen2:72b,moderate,3.0,purity
agreement,16,qwen2:72b,moderate,3.0,purity
agreement,16,qwen2:72b,moderate,3.0,purity
agreement,16,qwen2:72b,moderate,3.0,purity
agreement,16,qwen2:72b,moderate,3.0,purity
agreement,16,qwen2:72b,moderate,3.0,purity
agreement,16,qwen2:72b,moderate,3.0,purity
agreement,16,qwen2:72b,moderate,3.0,purity
agreement,16,qwen2:72b,moderate,3.0,purity
agreement,16,qwen2:72b,moderate,3.0,purity
agreement,16,qwen2:72b,moderate,3.0,purity
agreement,16,qwen2:72b,moderate,3.0,purity
agreement,16,qwen2:72b,moderate,3.0,purity
agreement,16,qwen2:72b,moderate,3.0,purity
agreement,16,qwen2:72b,moderate,3.0,purity
agreement,16,qwen2:72b,moderate,3.0,purity
agreement,16,qwen2:72b,moderate,3.0,purity
agreement,16,qwen2:72b,moderate,3.0,purity
agreement,16,qwen2:72b,moderate,3.0,purity
agreement,16,qwen2:72b,moderate,3.0,purity
agreement,16,qwen2:72b,moderate,3.0,purity
agreement,16,qwen2:72b,moderate,3.0,purity
agreement,16,qwen2:72b,moderate,3.0,purity
agreement,16,qwen2:72b,moderate,3.0,purity
agreement,16,qwen2:72b,moderate,3.0,purity
agreement,16,qwen2:72b,moderate,3.0,purity
agreement,16,qwen2:72b,moderate,3.0,purity
agreement,16,qwen2:72b,moderate,3.0,purity
agreement,16,qwen2:72b,moderate,3.0,purity
agreement,16,qwen2:72b,moderate,3.0,purity
agreement,16,qwen2:72b,moderate,3.0,purity
agreement,16,qwen2:72b,liberal,2.0,purity
agreement,16,qwen2:72b,liberal,2.0,purity
agreement,16,qwen2:72b,liberal,2.0,purity
agreement,16,qwen2:72b,liberal,2.0,purity
agreement,16,qwen2:72b,liberal,2.0,purity
agreement,16,qwen2:72b,liberal,2.0,purity
agreement,16,qwen2:72b,liberal,2.0,purity
agreement,16,qwen2:72b,liberal,2.0,purity
agreement,16,qwen2:72b,liberal,2.0,purity
agreement,16,qwen2:72b,liberal,2.0,purity
agreement,16,qwen2:72b,liberal,2.0,purity
agreement,16,qwen2:72b,liberal,2.0,purity
agreement,16,qwen2:72b,liberal,2.0,purity
agreement,16,qwen2:72b,liberal,2.0,purity
agreement,16,qwen2:72b,liberal,2.0,purity
agreement,16,qwen2:72b,liberal,2.0,purity
agreement,16,qwen2:72b,liberal,2.0,purity
agreement,16,qwen2:72b,liberal,2.0,purity
agreement,16,qwen2:72b,liberal,2.0,purity
agreement,16,qwen2:72b,liberal,2.0,purity
agreement,16,qwen2:72b,liberal,2.0,purity
agreement,16,qwen2:72b,liberal,2.0,purity
agreement,16,qwen2:72b,liberal,2.0,purity
agreement,16,qwen2:72b,liberal,2.0,purity
agreement,16,qwen2:72b,liberal,2.0,purity
agreement,16,qwen2:72b,liberal,2.0,purity
agreement,16,qwen2:72b,liberal,2.0,purity
agreement,16,qwen2:72b,liberal,2.0,purity
agreement,16,qwen2:72b,liberal,2.0,purity
agreement,16,qwen2:72b,liberal,2.0,purity
agreement,16,qwen2:72b,liberal,2.0,purity
agreement,16,qwen2:72b,liberal,2.0,purity
agreement,16,qwen2:72b,liberal,2.0,purity
agreement,16,qwen2:72b,liberal,2.0,purity
agreement,16,qwen2:72b,liberal,2.0,purity
agreement,16,qwen2:72b,liberal,2.0,purity
agreement,16,qwen2:72b,liberal,2.0,purity
agreement,16,qwen2:72b,liberal,2.0,purity
agreement,16,qwen2:72b,liberal,2.0,purity
agreement,16,qwen2:72b,liberal,2.0,purity
agreement,16,qwen2:72b,liberal,2.0,purity
agreement,16,qwen2:72b,liberal,2.0,purity
agreement,16,qwen2:72b,liberal,2.0,purity
agreement,16,qwen2:72b,liberal,2.0,purity
agreement,16,qwen2:72b,liberal,2.0,purity
agreement,16,qwen2:72b,liberal,2.0,purity
agreement,16,qwen2:72b,liberal,2.0,purity
agreement,16,qwen2:72b,liberal,2.0,purity
agreement,16,qwen2:72b,liberal,2.0,purity
agreement,16,qwen2:72b,liberal,2.0,purity
relevance,1,llama3.1:8b,conservative,4.0,harm
relevance,1,llama3.1:8b,conservative,3.0,harm
relevance,1,llama3.1:8b,conservative,5.0,harm
relevance,1,llama3.1:8b,conservative,3.0,harm
relevance,1,llama3.1:8b,conservative,2.0,harm
relevance,1,llama3.1:8b,conservative,2.0,harm
relevance,1,llama3.1:8b,conservative,2.0,harm
relevance,1,llama3.1:8b,conservative,5.0,harm
relevance,1,llama3.1:8b,conservative,3.0,harm
relevance,1,llama3.1:8b,conservative,2.0,harm
relevance,1,llama3.1:8b,conservative,3.0,harm
relevance,1,llama3.1:8b,conservative,3.0,harm
relevance,1,llama3.1:8b,conservative,2.0,harm
relevance,1,llama3.1:8b,conservative,4.0,harm
relevance,1,llama3.1:8b,conservative,1.0,harm
relevance,1,llama3.1:8b,conservative,4.0,harm
relevance,1,llama3.1:8b,conservative,3.0,harm
relevance,1,llama3.1:8b,conservative,3.0,harm
relevance,1,llama3.1:8b,conservative,4.0,harm
relevance,1,llama3.1:8b,conservative,5.0,harm
relevance,1,llama3.1:8b,conservative,4.0,harm
relevance,1,llama3.1:8b,conservative,3.0,harm
relevance,1,llama3.1:8b,conservative,3.0,harm
relevance,1,llama3.1:8b,conservative,4.0,harm
relevance,1,llama3.1:8b,conservative,2.0,harm
relevance,1,llama3.1:8b,conservative,4.0,harm
relevance,1,llama3.1:8b,conservative,4.0,harm
relevance,1,llama3.1:8b,conservative,4.0,harm
relevance,1,llama3.1:8b,conservative,2.0,harm
relevance,1,llama3.1:8b,conservative,2.0,harm
relevance,1,llama3.1:8b,conservative,2.0,harm
relevance,1,llama3.1:8b,conservative,3.0,harm
relevance,1,llama3.1:8b,conservative,4.0,harm
relevance,1,llama3.1:8b,conservative,4.0,harm
relevance,1,llama3.1:8b,conservative,2.0,harm
relevance,1,llama3.1:8b,conservative,2.0,harm
relevance,1,llama3.1:8b,conservative,3.0,harm
relevance,1,llama3.1:8b,conservative,2.0,harm
relevance,1,llama3.1:8b,conservative,2.0,harm
relevance,1,llama3.1:8b,conservative,2.0,harm
relevance,1,llama3.1:8b,conservative,4.0,harm
relevance,1,llama3.1:8b,conservative,2.0,harm
relevance,1,llama3.1:8b,conservative,4.0,harm
relevance,1,llama3.1:8b,conservative,2.0,harm
relevance,1,llama3.1:8b,conservative,4.0,harm
relevance,1,llama3.1:8b,conservative,3.0,harm
relevance,1,llama3.1:8b,conservative,3.0,harm
relevance,1,llama3.1:8b,conservative,3.0,harm
relevance,1,llama3.1:8b,conservative,4.0,harm
relevance,1,llama3.1:8b,conservative,4.0,harm
relevance,1,llama3.1:8b,moderate,5.0,harm
relevance,1,llama3.1:8b,moderate,4.0,harm
relevance,1,llama3.1:8b,moderate,2.0,harm
relevance,1,llama3.1:8b,moderate,4.0,harm
relevance,1,llama3.1:8b,moderate,4.0,harm
relevance,1,llama3.1:8b,moderate,2.0,harm
relevance,1,llama3.1:8b,moderate,5.0,harm
relevance,1,llama3.1:8b,moderate,3.0,harm
relevance,1,llama3.1:8b,moderate,2.0,harm
relevance,1,llama3.1:8b,moderate,3.0,harm
relevance,1,llama3.1:8b,moderate,4.0,harm
relevance,1,llama3.1:8b,moderate,4.0,harm
relevance,1,llama3.1:8b,moderate,2.0,harm
relevance,1,llama3.1:8b,moderate,4.0,harm
relevance,1,llama3.1:8b,moderate,4.0,harm
relevance,1,llama3.1:8b,moderate,3.0,harm
relevance,1,llama3.1:8b,moderate,2.0,harm
relevance,1,llama3.1:8b,moderate,3.0,harm
relevance,1,llama3.1:8b,moderate,4.0,harm
relevance,1,llama3.1:8b,moderate,5.0,harm
relevance,1,llama3.1:8b,moderate,3.0,harm
relevance,1,llama3.1:8b,moderate,3.0,harm
relevance,1,llama3.1:8b,moderate,4.0,harm
relevance,1,llama3.1:8b,moderate,3.0,harm
relevance,1,llama3.1:8b,moderate,4.0,harm
relevance,1,llama3.1:8b,moderate,4.0,harm
relevance,1,llama3.1:8b,moderate,5.0,harm
relevance,1,llama3.1:8b,moderate,4.0,harm
relevance,1,llama3.1:8b,moderate,3.0,harm
relevance,1,llama3.1:8b,moderate,2.0,harm
relevance,1,llama3.1:8b,moderate,4.0,harm
relevance,1,llama3.1:8b,moderate,4.0,harm
relevance,1,llama3.1:8b,moderate,3.0,harm
relevance,1,llama3.1:8b,moderate,2.0,harm
relevance,1,llama3.1:8b,moderate,3.0,harm
relevance,1,llama3.1:8b,moderate,4.0,harm
relevance,1,llama3.1:8b,moderate,2.0,harm
relevance,1,llama3.1:8b,moderate,4.0,harm
relevance,1,llama3.1:8b,moderate,4.0,harm
relevance,1,llama3.1:8b,moderate,3.0,harm
relevance,1,llama3.1:8b,moderate,4.0,harm
relevance,1,llama3.1:8b,moderate,3.0,harm
relevance,1,llama3.1:8b,moderate,3.0,harm
relevance,1,llama3.1:8b,moderate,3.0,harm
relevance,1,llama3.1:8b,moderate,2.0,harm
relevance,1,llama3.1:8b,moderate,3.0,harm
relevance,1,llama3.1:8b,moderate,4.0,harm
relevance,1,llama3.1:8b,moderate,3.0,harm
relevance,1,llama3.1:8b,moderate,4.0,harm
relevance,1,llama3.1:8b,moderate,2.0,harm
relevance,1,llama3.1:8b,liberal,4.0,harm
relevance,1,llama3.1:8b,liberal,4.0,harm
relevance,1,llama3.1:8b,liberal,4.0,harm
relevance,1,llama3.1:8b,liberal,4.0,harm
relevance,1,llama3.1:8b,liberal,4.0,harm
relevance,1,llama3.1:8b,liberal,4.0,harm
relevance,1,llama3.1:8b,liberal,3.0,harm
relevance,1,llama3.1:8b,liberal,5.0,harm
relevance,1,llama3.1:8b,liberal,5.0,harm
relevance,1,llama3.1:8b,liberal,4.0,harm
relevance,1,llama3.1:8b,liberal,4.0,harm
relevance,1,llama3.1:8b,liberal,5.0,harm
relevance,1,llama3.1:8b,liberal,4.0,harm
relevance,1,llama3.1:8b,liberal,5.0,harm
relevance,1,llama3.1:8b,liberal,4.0,harm
relevance,1,llama3.1:8b,liberal,4.0,harm
relevance,1,llama3.1:8b,liberal,5.0,harm
relevance,1,llama3.1:8b,liberal,5.0,harm
relevance,1,llama3.1:8b,liberal,4.0,harm
relevance,1,llama3.1:8b,liberal,4.0,harm
relevance,1,llama3.1:8b,liberal,4.0,harm
relevance,1,llama3.1:8b,liberal,4.0,harm
relevance,1,llama3.1:8b,liberal,4.0,harm
relevance,1,llama3.1:8b,liberal,4.0,harm
relevance,1,llama3.1:8b,liberal,4.0,harm
relevance,1,llama3.1:8b,liberal,4.0,harm
relevance,1,llama3.1:8b,liberal,5.0,harm
relevance,1,llama3.1:8b,liberal,4.0,harm
relevance,1,llama3.1:8b,liberal,4.0,harm
relevance,1,llama3.1:8b,liberal,4.0,harm
relevance,1,llama3.1:8b,liberal,4.0,harm
relevance,1,llama3.1:8b,liberal,4.0,harm
relevance,1,llama3.1:8b,liberal,4.0,harm
relevance,1,llama3.1:8b,liberal,5.0,harm
relevance,1,llama3.1:8b,liberal,5.0,harm
relevance,1,llama3.1:8b,liberal,4.0,harm
relevance,1,llama3.1:8b,liberal,5.0,harm
relevance,1,llama3.1:8b,liberal,4.0,harm
relevance,1,llama3.1:8b,liberal,4.0,harm
relevance,1,llama3.1:8b,liberal,4.0,harm
relevance,1,llama3.1:8b,liberal,4.0,harm
relevance,1,llama3.1:8b,liberal,5.0,harm
relevance,1,llama3.1:8b,liberal,3.0,harm
relevance,1,llama3.1:8b,liberal,4.0,harm
relevance,1,llama3.1:8b,liberal,5.0,harm
relevance,1,llama3.1:8b,liberal,5.0,harm
relevance,1,llama3.1:8b,liberal,4.0,harm
relevance,1,llama3.1:8b,liberal,4.0,harm
relevance,1,llama3.1:8b,liberal,4.0,harm
relevance,1,llama3.1:8b,liberal,4.0,harm
relevance,1,llama2:70b,conservative,2.0,harm
relevance,1,llama2:70b,conservative,2.0,harm
relevance,1,llama2:70b,conservative,2.0,harm
relevance,1,llama2:70b,conservative,2.0,harm
relevance,1,llama2:70b,conservative,3.0,harm
relevance,1,llama2:70b,conservative,2.0,harm
relevance,1,llama2:70b,conservative,2.0,harm
relevance,1,llama2:70b,conservative,1.0,harm
relevance,1,llama2:70b,conservative,3.0,harm
relevance,1,llama2:70b,conservative,1.0,harm
relevance,1,llama2:70b,conservative,2.0,harm
relevance,1,llama2:70b,conservative,2.0,harm
relevance,1,llama2:70b,conservative,2.0,harm
relevance,1,llama2:70b,conservative,2.0,harm
relevance,1,llama2:70b,conservative,2.0,harm
relevance,1,llama2:70b,conservative,2.0,harm
relevance,1,llama2:70b,conservative,2.0,harm
relevance,1,llama2:70b,conservative,2.0,harm
relevance,1,llama2:70b,conservative,2.0,harm
relevance,1,llama2:70b,conservative,2.0,harm
relevance,1,llama2:70b,conservative,2.0,harm
relevance,1,llama2:70b,conservative,2.0,harm
relevance,1,llama2:70b,conservative,2.0,harm
relevance,1,llama2:70b,conservative,2.0,harm
relevance,1,llama2:70b,conservative,2.0,harm
relevance,1,llama2:70b,conservative,2.0,harm
relevance,1,llama2:70b,conservative,2.0,harm
relevance,1,llama2:70b,conservative,2.0,harm
relevance,1,llama2:70b,conservative,1.0,harm
relevance,1,llama2:70b,conservative,1.0,harm
relevance,1,llama2:70b,conservative,2.0,harm
relevance,1,llama2:70b,conservative,2.0,harm
relevance,1,llama2:70b,conservative,1.0,harm
relevance,1,llama2:70b,conservative,2.0,harm
relevance,1,llama2:70b,conservative,2.0,harm
relevance,1,llama2:70b,conservative,2.0,harm
relevance,1,llama2:70b,conservative,2.0,harm
relevance,1,llama2:70b,conservative,2.0,harm
relevance,1,llama2:70b,conservative,2.0,harm
relevance,1,llama2:70b,conservative,2.0,harm
relevance,1,llama2:70b,conservative,2.0,harm
relevance,1,llama2:70b,conservative,1.0,harm
relevance,1,llama2:70b,conservative,2.0,harm
relevance,1,llama2:70b,conservative,2.0,harm
relevance,1,llama2:70b,conservative,1.0,harm
relevance,1,llama2:70b,conservative,2.0,harm
relevance,1,llama2:70b,conservative,2.0,harm
relevance,1,llama2:70b,conservative,2.0,harm
relevance,1,llama2:70b,conservative,2.0,harm
relevance,1,llama2:70b,moderate,2.0,harm
relevance,1,llama2:70b,moderate,2.0,harm
relevance,1,llama2:70b,moderate,3.0,harm
relevance,1,llama2:70b,moderate,2.0,harm
relevance,1,llama2:70b,moderate,2.0,harm
relevance,1,llama2:70b,moderate,2.0,harm
relevance,1,llama2:70b,moderate,2.0,harm
relevance,1,llama2:70b,moderate,2.0,harm
relevance,1,llama2:70b,moderate,3.0,harm
relevance,1,llama2:70b,moderate,2.0,harm
relevance,1,llama2:70b,moderate,2.0,harm
relevance,1,llama2:70b,moderate,2.0,harm
relevance,1,llama2:70b,moderate,2.0,harm
relevance,1,llama2:70b,moderate,2.0,harm
relevance,1,llama2:70b,moderate,2.0,harm
relevance,1,llama2:70b,moderate,2.0,harm
relevance,1,llama2:70b,moderate,2.0,harm
relevance,1,llama2:70b,moderate,2.0,harm
relevance,1,llama2:70b,moderate,2.0,harm
relevance,1,llama2:70b,moderate,2.0,harm
relevance,1,llama2:70b,moderate,2.0,harm
relevance,1,llama2:70b,moderate,2.0,harm
relevance,1,llama2:70b,moderate,2.0,harm
relevance,1,llama2:70b,moderate,2.0,harm
relevance,1,llama2:70b,moderate,2.0,harm
relevance,1,llama2:70b,moderate,1.0,harm
relevance,1,llama2:70b,moderate,2.0,harm
relevance,1,llama2:70b,moderate,2.0,harm
relevance,1,llama2:70b,moderate,3.0,harm
relevance,1,llama2:70b,moderate,2.0,harm
relevance,1,llama2:70b,moderate,2.0,harm
relevance,1,llama2:70b,moderate,2.0,harm
relevance,1,llama2:70b,moderate,2.0,harm
relevance,1,llama2:70b,moderate,2.0,harm
relevance,1,llama2:70b,moderate,2.0,harm
relevance,1,llama2:70b,moderate,2.0,harm
relevance,1,llama2:70b,moderate,1.0,harm
relevance,1,llama2:70b,moderate,2.0,harm
relevance,1,llama2:70b,moderate,2.0,harm
relevance,1,llama2:70b,moderate,2.0,harm
relevance,1,llama2:70b,moderate,2.0,harm
relevance,1,llama2:70b,moderate,2.0,harm
relevance,1,llama2:70b,moderate,2.0,harm
relevance,1,llama2:70b,moderate,2.0,harm
relevance,1,llama2:70b,moderate,2.0,harm
relevance,1,llama2:70b,moderate,2.0,harm
relevance,1,llama2:70b,moderate,2.0,harm
relevance,1,llama2:70b,moderate,2.0,harm
relevance,1,llama2:70b,moderate,2.0,harm
relevance,1,llama2:70b,moderate,2.0,harm
relevance,1,llama2:70b,liberal,3.0,harm
relevance,1,llama2:70b,liberal,2.0,harm
relevance,1,llama2:70b,liberal,2.0,harm
relevance,1,llama2:70b,liberal,3.0,harm
relevance,1,llama2:70b,liberal,2.0,harm
relevance,1,llama2:70b,liberal,2.0,harm
relevance,1,llama2:70b,liberal,2.0,harm
relevance,1,llama2:70b,liberal,2.0,harm
relevance,1,llama2:70b,liberal,2.0,harm
relevance,1,llama2:70b,liberal,2.0,harm
relevance,1,llama2:70b,liberal,2.0,harm
relevance,1,llama2:70b,liberal,2.0,harm
relevance,1,llama2:70b,liberal,2.0,harm
relevance,1,llama2:70b,liberal,2.0,harm
relevance,1,llama2:70b,liberal,2.0,harm
relevance,1,llama2:70b,liberal,2.0,harm
relevance,1,llama2:70b,liberal,2.0,harm
relevance,1,llama2:70b,liberal,2.0,harm
relevance,1,llama2:70b,liberal,2.0,harm
relevance,1,llama2:70b,liberal,2.0,harm
relevance,1,llama2:70b,liberal,3.0,harm
relevance,1,llama2:70b,liberal,2.0,harm
relevance,1,llama2:70b,liberal,2.0,harm
relevance,1,llama2:70b,liberal,2.0,harm
relevance,1,llama2:70b,liberal,3.0,harm
relevance,1,llama2:70b,liberal,2.0,harm
relevance,1,llama2:70b,liberal,2.0,harm
relevance,1,llama2:70b,liberal,2.0,harm
relevance,1,llama2:70b,liberal,2.0,harm
relevance,1,llama2:70b,liberal,2.0,harm
relevance,1,llama2:70b,liberal,2.0,harm
relevance,1,llama2:70b,liberal,2.0,harm
relevance,1,llama2:70b,liberal,2.0,harm
relevance,1,llama2:70b,liberal,2.0,harm
relevance,1,llama2:70b,liberal,2.0,harm
relevance,1,llama2:70b,liberal,2.0,harm
relevance,1,llama2:70b,liberal,2.0,harm
relevance,1,llama2:70b,liberal,2.0,harm
relevance,1,llama2:70b,liberal,2.0,harm
relevance,1,llama2:70b,liberal,2.0,harm
relevance,1,llama2:70b,liberal,2.0,harm
relevance,1,llama2:70b,liberal,2.0,harm
relevance,1,llama2:70b,liberal,2.0,harm
relevance,1,llama2:70b,liberal,2.0,harm
relevance,1,llama2:70b,liberal,2.0,harm
relevance,1,llama2:70b,liberal,2.0,harm
relevance,1,llama2:70b,liberal,2.0,harm
relevance,1,llama2:70b,liberal,2.0,harm
relevance,1,llama2:70b,liberal,2.0,harm
relevance,1,llama2:70b,liberal,2.0,harm
relevance,1,llama3:70b,conservative,3.0,harm
relevance,1,llama3:70b,conservative,3.0,harm
relevance,1,llama3:70b,conservative,3.0,harm
relevance,1,llama3:70b,conservative,5.0,harm
relevance,1,llama3:70b,conservative,3.0,harm
relevance,1,llama3:70b,conservative,3.0,harm
relevance,1,llama3:70b,conservative,3.0,harm
relevance,1,llama3:70b,conservative,3.0,harm
relevance,1,llama3:70b,conservative,3.0,harm
relevance,1,llama3:70b,conservative,3.0,harm
relevance,1,llama3:70b,conservative,3.0,harm
relevance,1,llama3:70b,conservative,3.0,harm
relevance,1,llama3:70b,conservative,3.0,harm
relevance,1,llama3:70b,conservative,3.0,harm
relevance,1,llama3:70b,conservative,3.0,harm
relevance,1,llama3:70b,conservative,3.0,harm
relevance,1,llama3:70b,conservative,5.0,harm
relevance,1,llama3:70b,conservative,3.0,harm
relevance,1,llama3:70b,conservative,3.0,harm
relevance,1,llama3:70b,conservative,3.0,harm
relevance,1,llama3:70b,conservative,3.0,harm
relevance,1,llama3:70b,conservative,3.0,harm
relevance,1,llama3:70b,conservative,3.0,harm
relevance,1,llama3:70b,conservative,3.0,harm
relevance,1,llama3:70b,conservative,3.0,harm
relevance,1,llama3:70b,conservative,5.0,harm
relevance,1,llama3:70b,conservative,3.0,harm
relevance,1,llama3:70b,conservative,3.0,harm
relevance,1,llama3:70b,conservative,5.0,harm
relevance,1,llama3:70b,conservative,3.0,harm
relevance,1,llama3:70b,conservative,3.0,harm
relevance,1,llama3:70b,conservative,5.0,harm
relevance,1,llama3:70b,conservative,3.0,harm
relevance,1,llama3:70b,conservative,3.0,harm
relevance,1,llama3:70b,conservative,3.0,harm
relevance,1,llama3:70b,conservative,3.0,harm
relevance,1,llama3:70b,conservative,3.0,harm
relevance,1,llama3:70b,conservative,3.0,harm
relevance,1,llama3:70b,conservative,3.0,harm
relevance,1,llama3:70b,conservative,3.0,harm
relevance,1,llama3:70b,conservative,5.0,harm
relevance,1,llama3:70b,conservative,3.0,harm
relevance,1,llama3:70b,conservative,5.0,harm
relevance,1,llama3:70b,conservative,3.0,harm
relevance,1,llama3:70b,conservative,4.0,harm
relevance,1,llama3:70b,conservative,3.0,harm
relevance,1,llama3:70b,conservative,5.0,harm
relevance,1,llama3:70b,conservative,3.0,harm
relevance,1,llama3:70b,conservative,3.0,harm
relevance,1,llama3:70b,conservative,3.0,harm
relevance,1,llama3:70b,moderate,3.0,harm
relevance,1,llama3:70b,moderate,3.0,harm
relevance,1,llama3:70b,moderate,3.0,harm
relevance,1,llama3:70b,moderate,3.0,harm
relevance,1,llama3:70b,moderate,3.0,harm
relevance,1,llama3:70b,moderate,3.0,harm
relevance,1,llama3:70b,moderate,3.0,harm
relevance,1,llama3:70b,moderate,3.0,harm
relevance,1,llama3:70b,moderate,3.0,harm
relevance,1,llama3:70b,moderate,3.0,harm
relevance,1,llama3:70b,moderate,3.0,harm
relevance,1,llama3:70b,moderate,3.0,harm
relevance,1,llama3:70b,moderate,3.0,harm
relevance,1,llama3:70b,moderate,3.0,harm
relevance,1,llama3:70b,moderate,3.0,harm
relevance,1,llama3:70b,moderate,4.0,harm
relevance,1,llama3:70b,moderate,3.0,harm
relevance,1,llama3:70b,moderate,3.0,harm
relevance,1,llama3:70b,moderate,3.0,harm
relevance,1,llama3:70b,moderate,3.0,harm
relevance,1,llama3:70b,moderate,3.0,harm
relevance,1,llama3:70b,moderate,3.0,harm
relevance,1,llama3:70b,moderate,3.0,harm
relevance,1,llama3:70b,moderate,3.0,harm
relevance,1,llama3:70b,moderate,4.0,harm
relevance,1,llama3:70b,moderate,4.0,harm
relevance,1,llama3:70b,moderate,3.0,harm
relevance,1,llama3:70b,moderate,4.0,harm
relevance,1,llama3:70b,moderate,3.0,harm
relevance,1,llama3:70b,moderate,3.0,harm
relevance,1,llama3:70b,moderate,3.0,harm
relevance,1,llama3:70b,moderate,4.0,harm
relevance,1,llama3:70b,moderate,3.0,harm
relevance,1,llama3:70b,moderate,3.0,harm
relevance,1,llama3:70b,moderate,3.0,harm
relevance,1,llama3:70b,moderate,3.0,harm
relevance,1,llama3:70b,moderate,4.0,harm
relevance,1,llama3:70b,moderate,4.0,harm
relevance,1,llama3:70b,moderate,3.0,harm
relevance,1,llama3:70b,moderate,4.0,harm
relevance,1,llama3:70b,moderate,4.0,harm
relevance,1,llama3:70b,moderate,4.0,harm
relevance,1,llama3:70b,moderate,3.0,harm
relevance,1,llama3:70b,moderate,4.0,harm
relevance,1,llama3:70b,moderate,3.0,harm
relevance,1,llama3:70b,moderate,3.0,harm
relevance,1,llama3:70b,moderate,3.0,harm
relevance,1,llama3:70b,moderate,3.0,harm
relevance,1,llama3:70b,moderate,3.0,harm
relevance,1,llama3:70b,moderate,3.0,harm
relevance,1,llama3:70b,liberal,5.0,harm
relevance,1,llama3:70b,liberal,5.0,harm
relevance,1,llama3:70b,liberal,5.0,harm
relevance,1,llama3:70b,liberal,5.0,harm
relevance,1,llama3:70b,liberal,5.0,harm
relevance,1,llama3:70b,liberal,5.0,harm
relevance,1,llama3:70b,liberal,5.0,harm
relevance,1,llama3:70b,liberal,5.0,harm
relevance,1,llama3:70b,liberal,5.0,harm
relevance,1,llama3:70b,liberal,5.0,harm
relevance,1,llama3:70b,liberal,5.0,harm
relevance,1,llama3:70b,liberal,5.0,harm
relevance,1,llama3:70b,liberal,5.0,harm
relevance,1,llama3:70b,liberal,5.0,harm
relevance,1,llama3:70b,liberal,5.0,harm
relevance,1,llama3:70b,liberal,5.0,harm
relevance,1,llama3:70b,liberal,5.0,harm
relevance,1,llama3:70b,liberal,5.0,harm
relevance,1,llama3:70b,liberal,5.0,harm
relevance,1,llama3:70b,liberal,5.0,harm
relevance,1,llama3:70b,liberal,5.0,harm
relevance,1,llama3:70b,liberal,5.0,harm
relevance,1,llama3:70b,liberal,5.0,harm
relevance,1,llama3:70b,liberal,5.0,harm
relevance,1,llama3:70b,liberal,5.0,harm
relevance,1,llama3:70b,liberal,5.0,harm
relevance,1,llama3:70b,liberal,5.0,harm
relevance,1,llama3:70b,liberal,5.0,harm
relevance,1,llama3:70b,liberal,5.0,harm
relevance,1,llama3:70b,liberal,5.0,harm
relevance,1,llama3:70b,liberal,5.0,harm
relevance,1,llama3:70b,liberal,5.0,harm
relevance,1,llama3:70b,liberal,5.0,harm
relevance,1,llama3:70b,liberal,5.0,harm
relevance,1,llama3:70b,liberal,5.0,harm
relevance,1,llama3:70b,liberal,5.0,harm
relevance,1,llama3:70b,liberal,5.0,harm
relevance,1,llama3:70b,liberal,5.0,harm
relevance,1,llama3:70b,liberal,5.0,harm
relevance,1,llama3:70b,liberal,5.0,harm
relevance,1,llama3:70b,liberal,5.0,harm
relevance,1,llama3:70b,liberal,5.0,harm
relevance,1,llama3:70b,liberal,5.0,harm
relevance,1,llama3:70b,liberal,5.0,harm
relevance,1,llama3:70b,liberal,5.0,harm
relevance,1,llama3:70b,liberal,5.0,harm
relevance,1,llama3:70b,liberal,5.0,harm
relevance,1,llama3:70b,liberal,5.0,harm
relevance,1,llama3:70b,liberal,5.0,harm
relevance,1,llama3:70b,liberal,5.0,harm
relevance,1,llama3.1:70b,conservative,3.0,harm
relevance,1,llama3.1:70b,conservative,3.0,harm
relevance,1,llama3.1:70b,conservative,5.0,harm
relevance,1,llama3.1:70b,conservative,4.0,harm
relevance,1,llama3.1:70b,conservative,2.0,harm
relevance,1,llama3.1:70b,conservative,4.0,harm
relevance,1,llama3.1:70b,conservative,3.0,harm
relevance,1,llama3.1:70b,conservative,3.0,harm
relevance,1,llama3.1:70b,conservative,5.0,harm
relevance,1,llama3.1:70b,conservative,3.0,harm
relevance,1,llama3.1:70b,conservative,4.0,harm
relevance,1,llama3.1:70b,conservative,3.0,harm
relevance,1,llama3.1:70b,conservative,4.0,harm
relevance,1,llama3.1:70b,conservative,3.0,harm
relevance,1,llama3.1:70b,conservative,4.0,harm
relevance,1,llama3.1:70b,conservative,3.0,harm
relevance,1,llama3.1:70b,conservative,2.0,harm
relevance,1,llama3.1:70b,conservative,5.0,harm
relevance,1,llama3.1:70b,conservative,4.0,harm
relevance,1,llama3.1:70b,conservative,5.0,harm
relevance,1,llama3.1:70b,conservative,5.0,harm
relevance,1,llama3.1:70b,conservative,4.0,harm
relevance,1,llama3.1:70b,conservative,4.0,harm
relevance,1,llama3.1:70b,conservative,4.0,harm
relevance,1,llama3.1:70b,conservative,2.0,harm
relevance,1,llama3.1:70b,conservative,5.0,harm
relevance,1,llama3.1:70b,conservative,3.0,harm
relevance,1,llama3.1:70b,conservative,4.0,harm
relevance,1,llama3.1:70b,conservative,3.0,harm
relevance,1,llama3.1:70b,conservative,3.0,harm
relevance,1,llama3.1:70b,conservative,2.0,harm
relevance,1,llama3.1:70b,conservative,4.0,harm
relevance,1,llama3.1:70b,conservative,3.0,harm
relevance,1,llama3.1:70b,conservative,2.0,harm
relevance,1,llama3.1:70b,conservative,5.0,harm
relevance,1,llama3.1:70b,conservative,4.0,harm
relevance,1,llama3.1:70b,conservative,4.0,harm
relevance,1,llama3.1:70b,conservative,3.0,harm
relevance,1,llama3.1:70b,conservative,5.0,harm
relevance,1,llama3.1:70b,conservative,3.0,harm
relevance,1,llama3.1:70b,conservative,3.0,harm
relevance,1,llama3.1:70b,conservative,4.0,harm
relevance,1,llama3.1:70b,conservative,4.0,harm
relevance,1,llama3.1:70b,conservative,4.0,harm
relevance,1,llama3.1:70b,conservative,3.0,harm
relevance,1,llama3.1:70b,conservative,5.0,harm
relevance,1,llama3.1:70b,conservative,4.0,harm
relevance,1,llama3.1:70b,conservative,4.0,harm
relevance,1,llama3.1:70b,conservative,4.0,harm
relevance,1,llama3.1:70b,conservative,3.0,harm
relevance,1,llama3.1:70b,moderate,4.0,harm
relevance,1,llama3.1:70b,moderate,4.0,harm
relevance,1,llama3.1:70b,moderate,5.0,harm
relevance,1,llama3.1:70b,moderate,5.0,harm
relevance,1,llama3.1:70b,moderate,5.0,harm
relevance,1,llama3.1:70b,moderate,5.0,harm
relevance,1,llama3.1:70b,moderate,5.0,harm
relevance,1,llama3.1:70b,moderate,4.0,harm
relevance,1,llama3.1:70b,moderate,5.0,harm
relevance,1,llama3.1:70b,moderate,5.0,harm
relevance,1,llama3.1:70b,moderate,4.0,harm
relevance,1,llama3.1:70b,moderate,4.0,harm
relevance,1,llama3.1:70b,moderate,4.0,harm
relevance,1,llama3.1:70b,moderate,5.0,harm
relevance,1,llama3.1:70b,moderate,4.0,harm
relevance,1,llama3.1:70b,moderate,5.0,harm
relevance,1,llama3.1:70b,moderate,4.0,harm
relevance,1,llama3.1:70b,moderate,5.0,harm
relevance,1,llama3.1:70b,moderate,4.0,harm
relevance,1,llama3.1:70b,moderate,5.0,harm
relevance,1,llama3.1:70b,moderate,5.0,harm
relevance,1,llama3.1:70b,moderate,5.0,harm
relevance,1,llama3.1:70b,moderate,4.0,harm
relevance,1,llama3.1:70b,moderate,4.0,harm
relevance,1,llama3.1:70b,moderate,4.0,harm
relevance,1,llama3.1:70b,moderate,4.0,harm
relevance,1,llama3.1:70b,moderate,5.0,harm
relevance,1,llama3.1:70b,moderate,5.0,harm
relevance,1,llama3.1:70b,moderate,5.0,harm
relevance,1,llama3.1:70b,moderate,5.0,harm
relevance,1,llama3.1:70b,moderate,5.0,harm
relevance,1,llama3.1:70b,moderate,4.0,harm
relevance,1,llama3.1:70b,moderate,4.0,harm
relevance,1,llama3.1:70b,moderate,5.0,harm
relevance,1,llama3.1:70b,moderate,5.0,harm
relevance,1,llama3.1:70b,moderate,5.0,harm
relevance,1,llama3.1:70b,moderate,5.0,harm
relevance,1,llama3.1:70b,moderate,5.0,harm
relevance,1,llama3.1:70b,moderate,5.0,harm
relevance,1,llama3.1:70b,moderate,4.0,harm
relevance,1,llama3.1:70b,moderate,4.0,harm
relevance,1,llama3.1:70b,moderate,5.0,harm
relevance,1,llama3.1:70b,moderate,5.0,harm
relevance,1,llama3.1:70b,moderate,4.0,harm
relevance,1,llama3.1:70b,moderate,4.0,harm
relevance,1,llama3.1:70b,moderate,5.0,harm
relevance,1,llama3.1:70b,moderate,4.0,harm
relevance,1,llama3.1:70b,moderate,4.0,harm
relevance,1,llama3.1:70b,moderate,5.0,harm
relevance,1,llama3.1:70b,moderate,4.0,harm
relevance,1,llama3.1:70b,liberal,5.0,harm
relevance,1,llama3.1:70b,liberal,5.0,harm
relevance,1,llama3.1:70b,liberal,4.0,harm
relevance,1,llama3.1:70b,liberal,5.0,harm
relevance,1,llama3.1:70b,liberal,5.0,harm
relevance,1,llama3.1:70b,liberal,5.0,harm
relevance,1,llama3.1:70b,liberal,5.0,harm
relevance,1,llama3.1:70b,liberal,5.0,harm
relevance,1,llama3.1:70b,liberal,5.0,harm
relevance,1,llama3.1:70b,liberal,5.0,harm
relevance,1,llama3.1:70b,liberal,5.0,harm
relevance,1,llama3.1:70b,liberal,5.0,harm
relevance,1,llama3.1:70b,liberal,5.0,harm
relevance,1,llama3.1:70b,liberal,4.0,harm
relevance,1,llama3.1:70b,liberal,5.0,harm
relevance,1,llama3.1:70b,liberal,5.0,harm
relevance,1,llama3.1:70b,liberal,5.0,harm
relevance,1,llama3.1:70b,liberal,5.0,harm
relevance,1,llama3.1:70b,liberal,4.0,harm
relevance,1,llama3.1:70b,liberal,5.0,harm
relevance,1,llama3.1:70b,liberal,5.0,harm
relevance,1,llama3.1:70b,liberal,5.0,harm
relevance,1,llama3.1:70b,liberal,5.0,harm
relevance,1,llama3.1:70b,liberal,4.0,harm
relevance,1,llama3.1:70b,liberal,5.0,harm
relevance,1,llama3.1:70b,liberal,5.0,harm
relevance,1,llama3.1:70b,liberal,5.0,harm
relevance,1,llama3.1:70b,liberal,5.0,harm
relevance,1,llama3.1:70b,liberal,4.0,harm
relevance,1,llama3.1:70b,liberal,5.0,harm
relevance,1,llama3.1:70b,liberal,4.0,harm
relevance,1,llama3.1:70b,liberal,5.0,harm
relevance,1,llama3.1:70b,liberal,5.0,harm
relevance,1,llama3.1:70b,liberal,5.0,harm
relevance,1,llama3.1:70b,liberal,5.0,harm
relevance,1,llama3.1:70b,liberal,4.0,harm
relevance,1,llama3.1:70b,liberal,5.0,harm
relevance,1,llama3.1:70b,liberal,5.0,harm
relevance,1,llama3.1:70b,liberal,4.0,harm
relevance,1,llama3.1:70b,liberal,5.0,harm
relevance,1,llama3.1:70b,liberal,5.0,harm
relevance,1,llama3.1:70b,liberal,5.0,harm
relevance,1,llama3.1:70b,liberal,5.0,harm
relevance,1,llama3.1:70b,liberal,5.0,harm
relevance,1,llama3.1:70b,liberal,5.0,harm
relevance,1,llama3.1:70b,liberal,5.0,harm
relevance,1,llama3.1:70b,liberal,5.0,harm
relevance,1,llama3.1:70b,liberal,5.0,harm
relevance,1,llama3.1:70b,liberal,5.0,harm
relevance,1,llama3.1:70b,liberal,5.0,harm
relevance,1,mistral:7b,conservative,1.0,harm
relevance,1,mistral:7b,conservative,0.0,harm
relevance,1,mistral:7b,conservative,0.0,harm
relevance,1,mistral:7b,conservative,1.0,harm
relevance,1,mistral:7b,conservative,1.0,harm
relevance,1,mistral:7b,conservative,1.0,harm
relevance,1,mistral:7b,conservative,1.0,harm
relevance,1,mistral:7b,conservative,1.0,harm
relevance,1,mistral:7b,conservative,1.0,harm
relevance,1,mistral:7b,conservative,1.0,harm
relevance,1,mistral:7b,conservative,1.0,harm
relevance,1,mistral:7b,conservative,0.0,harm
relevance,1,mistral:7b,conservative,1.0,harm
relevance,1,mistral:7b,conservative,1.0,harm
relevance,1,mistral:7b,conservative,1.0,harm
relevance,1,mistral:7b,conservative,1.0,harm
relevance,1,mistral:7b,conservative,0.0,harm
relevance,1,mistral:7b,conservative,1.0,harm
relevance,1,mistral:7b,conservative,1.0,harm
relevance,1,mistral:7b,conservative,1.0,harm
relevance,1,mistral:7b,conservative,1.0,harm
relevance,1,mistral:7b,conservative,1.0,harm
relevance,1,mistral:7b,conservative,1.0,harm
relevance,1,mistral:7b,conservative,0.0,harm
relevance,1,mistral:7b,conservative,1.0,harm
relevance,1,mistral:7b,conservative,1.0,harm
relevance,1,mistral:7b,conservative,1.0,harm
relevance,1,mistral:7b,conservative,1.0,harm
relevance,1,mistral:7b,conservative,1.0,harm
relevance,1,mistral:7b,conservative,1.0,harm
relevance,1,mistral:7b,conservative,1.0,harm
relevance,1,mistral:7b,conservative,1.0,harm
relevance,1,mistral:7b,conservative,1.0,harm
relevance,1,mistral:7b,conservative,1.0,harm
relevance,1,mistral:7b,conservative,1.0,harm
relevance,1,mistral:7b,conservative,1.0,harm
relevance,1,mistral:7b,conservative,1.0,harm
relevance,1,mistral:7b,conservative,1.0,harm
relevance,1,mistral:7b,conservative,1.0,harm
relevance,1,mistral:7b,conservative,1.0,harm
relevance,1,mistral:7b,conservative,1.0,harm
relevance,1,mistral:7b,conservative,1.0,harm
relevance,1,mistral:7b,conservative,1.0,harm
relevance,1,mistral:7b,conservative,1.0,harm
relevance,1,mistral:7b,conservative,1.0,harm
relevance,1,mistral:7b,conservative,1.0,harm
relevance,1,mistral:7b,conservative,1.0,harm
relevance,1,mistral:7b,conservative,1.0,harm
relevance,1,mistral:7b,conservative,0.0,harm
relevance,1,mistral:7b,conservative,0.0,harm
relevance,1,mistral:7b,moderate,1.0,harm
relevance,1,mistral:7b,moderate,1.0,harm
relevance,1,mistral:7b,moderate,1.0,harm
relevance,1,mistral:7b,moderate,1.0,harm
relevance,1,mistral:7b,moderate,1.0,harm
relevance,1,mistral:7b,moderate,1.0,harm
relevance,1,mistral:7b,moderate,1.0,harm
relevance,1,mistral:7b,moderate,1.0,harm
relevance,1,mistral:7b,moderate,1.0,harm
relevance,1,mistral:7b,moderate,1.0,harm
relevance,1,mistral:7b,moderate,1.0,harm
relevance,1,mistral:7b,moderate,1.0,harm
relevance,1,mistral:7b,moderate,1.0,harm
relevance,1,mistral:7b,moderate,1.0,harm
relevance,1,mistral:7b,moderate,1.0,harm
relevance,1,mistral:7b,moderate,1.0,harm
relevance,1,mistral:7b,moderate,1.0,harm
relevance,1,mistral:7b,moderate,1.0,harm
relevance,1,mistral:7b,moderate,1.0,harm
relevance,1,mistral:7b,moderate,1.0,harm
relevance,1,mistral:7b,moderate,1.0,harm
relevance,1,mistral:7b,moderate,1.0,harm
relevance,1,mistral:7b,moderate,1.0,harm
relevance,1,mistral:7b,moderate,1.0,harm
relevance,1,mistral:7b,moderate,1.0,harm
relevance,1,mistral:7b,moderate,1.0,harm
relevance,1,mistral:7b,moderate,1.0,harm
relevance,1,mistral:7b,moderate,1.0,harm
relevance,1,mistral:7b,moderate,1.0,harm
relevance,1,mistral:7b,moderate,1.0,harm
relevance,1,mistral:7b,moderate,1.0,harm
relevance,1,mistral:7b,moderate,1.0,harm
relevance,1,mistral:7b,moderate,1.0,harm
relevance,1,mistral:7b,moderate,1.0,harm
relevance,1,mistral:7b,moderate,1.0,harm
relevance,1,mistral:7b,moderate,1.0,harm
relevance,1,mistral:7b,moderate,1.0,harm
relevance,1,mistral:7b,moderate,1.0,harm
relevance,1,mistral:7b,moderate,1.0,harm
relevance,1,mistral:7b,moderate,1.0,harm
relevance,1,mistral:7b,moderate,1.0,harm
relevance,1,mistral:7b,moderate,1.0,harm
relevance,1,mistral:7b,moderate,1.0,harm
relevance,1,mistral:7b,moderate,1.0,harm
relevance,1,mistral:7b,moderate,1.0,harm
relevance,1,mistral:7b,moderate,1.0,harm
relevance,1,mistral:7b,moderate,1.0,harm
relevance,1,mistral:7b,moderate,1.0,harm
relevance,1,mistral:7b,moderate,1.0,harm
relevance,1,mistral:7b,moderate,1.0,harm
relevance,1,mistral:7b,liberal,0.0,harm
relevance,1,mistral:7b,liberal,1.0,harm
relevance,1,mistral:7b,liberal,1.0,harm
relevance,1,mistral:7b,liberal,0.0,harm
relevance,1,mistral:7b,liberal,0.0,harm
relevance,1,mistral:7b,liberal,2.0,harm
relevance,1,mistral:7b,liberal,2.0,harm
relevance,1,mistral:7b,liberal,2.0,harm
relevance,1,mistral:7b,liberal,1.0,harm
relevance,1,mistral:7b,liberal,1.0,harm
relevance,1,mistral:7b,liberal,2.0,harm
relevance,1,mistral:7b,liberal,2.0,harm
relevance,1,mistral:7b,liberal,2.0,harm
relevance,1,mistral:7b,liberal,2.0,harm
relevance,1,mistral:7b,liberal,2.0,harm
relevance,1,mistral:7b,liberal,2.0,harm
relevance,1,mistral:7b,liberal,2.0,harm
relevance,1,mistral:7b,liberal,3.0,harm
relevance,1,mistral:7b,liberal,2.0,harm
relevance,1,mistral:7b,liberal,2.0,harm
relevance,1,mistral:7b,liberal,2.0,harm
relevance,1,mistral:7b,liberal,2.0,harm
relevance,1,mistral:7b,liberal,1.0,harm
relevance,1,mistral:7b,liberal,2.0,harm
relevance,1,mistral:7b,liberal,2.0,harm
relevance,1,mistral:7b,liberal,2.0,harm
relevance,1,mistral:7b,liberal,2.0,harm
relevance,1,mistral:7b,liberal,2.0,harm
relevance,1,mistral:7b,liberal,2.0,harm
relevance,1,mistral:7b,liberal,2.0,harm
relevance,1,mistral:7b,liberal,2.0,harm
relevance,1,mistral:7b,liberal,2.0,harm
relevance,1,mistral:7b,liberal,2.0,harm
relevance,1,mistral:7b,liberal,1.0,harm
relevance,1,mistral:7b,liberal,2.0,harm
relevance,1,mistral:7b,liberal,2.0,harm
relevance,1,mistral:7b,liberal,1.0,harm
relevance,1,mistral:7b,liberal,2.0,harm
relevance,1,mistral:7b,liberal,2.0,harm
relevance,1,mistral:7b,liberal,2.0,harm
relevance,1,mistral:7b,liberal,1.0,harm
relevance,1,mistral:7b,liberal,2.0,harm
relevance,1,mistral:7b,liberal,2.0,harm
relevance,1,mistral:7b,liberal,1.0,harm
relevance,1,mistral:7b,liberal,2.0,harm
relevance,1,mistral:7b,liberal,2.0,harm
relevance,1,mistral:7b,liberal,2.0,harm
relevance,1,mistral:7b,liberal,1.0,harm
relevance,1,mistral:7b,liberal,2.0,harm
relevance,1,mistral:7b,liberal,1.0,harm
relevance,1,mixtral:8x22b,conservative,4.0,harm
relevance,1,mixtral:8x22b,conservative,4.0,harm
relevance,1,mixtral:8x22b,conservative,4.0,harm
relevance,1,mixtral:8x22b,conservative,4.0,harm
relevance,1,mixtral:8x22b,conservative,4.0,harm
relevance,1,mixtral:8x22b,conservative,4.0,harm
relevance,1,mixtral:8x22b,conservative,4.0,harm
relevance,1,mixtral:8x22b,conservative,4.0,harm
relevance,1,mixtral:8x22b,conservative,4.0,harm
relevance,1,mixtral:8x22b,conservative,4.0,harm
relevance,1,mixtral:8x22b,conservative,4.0,harm
relevance,1,mixtral:8x22b,conservative,4.0,harm
relevance,1,mixtral:8x22b,conservative,4.0,harm
relevance,1,mixtral:8x22b,conservative,4.0,harm
relevance,1,mixtral:8x22b,conservative,4.0,harm
relevance,1,mixtral:8x22b,conservative,4.0,harm
relevance,1,mixtral:8x22b,conservative,4.0,harm
relevance,1,mixtral:8x22b,conservative,4.0,harm
relevance,1,mixtral:8x22b,conservative,4.0,harm
relevance,1,mixtral:8x22b,conservative,4.0,harm
relevance,1,mixtral:8x22b,conservative,4.0,harm
relevance,1,mixtral:8x22b,conservative,4.0,harm
relevance,1,mixtral:8x22b,conservative,4.0,harm
relevance,1,mixtral:8x22b,conservative,4.0,harm
relevance,1,mixtral:8x22b,conservative,4.0,harm
relevance,1,mixtral:8x22b,conservative,4.0,harm
relevance,1,mixtral:8x22b,conservative,4.0,harm
relevance,1,mixtral:8x22b,conservative,4.0,harm
relevance,1,mixtral:8x22b,conservative,4.0,harm
relevance,1,mixtral:8x22b,conservative,4.0,harm
relevance,1,mixtral:8x22b,conservative,4.0,harm
relevance,1,mixtral:8x22b,conservative,4.0,harm
relevance,1,mixtral:8x22b,conservative,4.0,harm
relevance,1,mixtral:8x22b,conservative,4.0,harm
relevance,1,mixtral:8x22b,conservative,4.0,harm
relevance,1,mixtral:8x22b,conservative,4.0,harm
relevance,1,mixtral:8x22b,conservative,4.0,harm
relevance,1,mixtral:8x22b,conservative,4.0,harm
relevance,1,mixtral:8x22b,conservative,4.0,harm
relevance,1,mixtral:8x22b,conservative,4.0,harm
relevance,1,mixtral:8x22b,conservative,4.0,harm
relevance,1,mixtral:8x22b,conservative,4.0,harm
relevance,1,mixtral:8x22b,conservative,4.0,harm
relevance,1,mixtral:8x22b,conservative,4.0,harm
relevance,1,mixtral:8x22b,conservative,4.0,harm
relevance,1,mixtral:8x22b,conservative,4.0,harm
relevance,1,mixtral:8x22b,conservative,4.0,harm
relevance,1,mixtral:8x22b,conservative,4.0,harm
relevance,1,mixtral:8x22b,conservative,4.0,harm
relevance,1,mixtral:8x22b,conservative,4.0,harm
relevance,1,mixtral:8x22b,moderate,4.0,harm
relevance,1,mixtral:8x22b,moderate,4.0,harm
relevance,1,mixtral:8x22b,moderate,4.0,harm
relevance,1,mixtral:8x22b,moderate,4.0,harm
relevance,1,mixtral:8x22b,moderate,4.0,harm
relevance,1,mixtral:8x22b,moderate,4.0,harm
relevance,1,mixtral:8x22b,moderate,4.0,harm
relevance,1,mixtral:8x22b,moderate,4.0,harm
relevance,1,mixtral:8x22b,moderate,4.0,harm
relevance,1,mixtral:8x22b,moderate,4.0,harm
relevance,1,mixtral:8x22b,moderate,4.0,harm
relevance,1,mixtral:8x22b,moderate,4.0,harm
relevance,1,mixtral:8x22b,moderate,4.0,harm
relevance,1,mixtral:8x22b,moderate,4.0,harm
relevance,1,mixtral:8x22b,moderate,4.0,harm
relevance,1,mixtral:8x22b,moderate,4.0,harm
relevance,1,mixtral:8x22b,moderate,4.0,harm
relevance,1,mixtral:8x22b,moderate,4.0,harm
relevance,1,mixtral:8x22b,moderate,4.0,harm
relevance,1,mixtral:8x22b,moderate,4.0,harm
relevance,1,mixtral:8x22b,moderate,4.0,harm
relevance,1,mixtral:8x22b,moderate,4.0,harm
relevance,1,mixtral:8x22b,moderate,4.0,harm
relevance,1,mixtral:8x22b,moderate,4.0,harm
relevance,1,mixtral:8x22b,moderate,4.0,harm
relevance,1,mixtral:8x22b,moderate,4.0,harm
relevance,1,mixtral:8x22b,moderate,4.0,harm
relevance,1,mixtral:8x22b,moderate,4.0,harm
relevance,1,mixtral:8x22b,moderate,4.0,harm
relevance,1,mixtral:8x22b,moderate,4.0,harm
relevance,1,mixtral:8x22b,moderate,4.0,harm
relevance,1,mixtral:8x22b,moderate,4.0,harm
relevance,1,mixtral:8x22b,moderate,4.0,harm
relevance,1,mixtral:8x22b,moderate,4.0,harm
relevance,1,mixtral:8x22b,moderate,4.0,harm
relevance,1,mixtral:8x22b,moderate,4.0,harm
relevance,1,mixtral:8x22b,moderate,4.0,harm
relevance,1,mixtral:8x22b,moderate,4.0,harm
relevance,1,mixtral:8x22b,moderate,4.0,harm
relevance,1,mixtral:8x22b,moderate,4.0,harm
relevance,1,mixtral:8x22b,moderate,4.0,harm
relevance,1,mixtral:8x22b,moderate,4.0,harm
relevance,1,mixtral:8x22b,moderate,4.0,harm
relevance,1,mixtral:8x22b,moderate,4.0,harm
relevance,1,mixtral:8x22b,moderate,4.0,harm
relevance,1,mixtral:8x22b,moderate,4.0,harm
relevance,1,mixtral:8x22b,moderate,4.0,harm
relevance,1,mixtral:8x22b,moderate,4.0,harm
relevance,1,mixtral:8x22b,moderate,4.0,harm
relevance,1,mixtral:8x22b,moderate,4.0,harm
relevance,1,mixtral:8x22b,liberal,4.0,harm
relevance,1,mixtral:8x22b,liberal,4.0,harm
relevance,1,mixtral:8x22b,liberal,4.0,harm
relevance,1,mixtral:8x22b,liberal,4.0,harm
relevance,1,mixtral:8x22b,liberal,4.0,harm
relevance,1,mixtral:8x22b,liberal,4.0,harm
relevance,1,mixtral:8x22b,liberal,4.0,harm
relevance,1,mixtral:8x22b,liberal,4.0,harm
relevance,1,mixtral:8x22b,liberal,4.0,harm
relevance,1,mixtral:8x22b,liberal,4.0,harm
relevance,1,mixtral:8x22b,liberal,4.0,harm
relevance,1,mixtral:8x22b,liberal,4.0,harm
relevance,1,mixtral:8x22b,liberal,4.0,harm
relevance,1,mixtral:8x22b,liberal,4.0,harm
relevance,1,mixtral:8x22b,liberal,4.0,harm
relevance,1,mixtral:8x22b,liberal,4.0,harm
relevance,1,mixtral:8x22b,liberal,4.0,harm
relevance,1,mixtral:8x22b,liberal,4.0,harm
relevance,1,mixtral:8x22b,liberal,4.0,harm
relevance,1,mixtral:8x22b,liberal,4.0,harm
relevance,1,mixtral:8x22b,liberal,4.0,harm
relevance,1,mixtral:8x22b,liberal,4.0,harm
relevance,1,mixtral:8x22b,liberal,4.0,harm
relevance,1,mixtral:8x22b,liberal,4.0,harm
relevance,1,mixtral:8x22b,liberal,4.0,harm
relevance,1,mixtral:8x22b,liberal,4.0,harm
relevance,1,mixtral:8x22b,liberal,4.0,harm
relevance,1,mixtral:8x22b,liberal,4.0,harm
relevance,1,mixtral:8x22b,liberal,4.0,harm
relevance,1,mixtral:8x22b,liberal,4.0,harm
relevance,1,mixtral:8x22b,liberal,4.0,harm
relevance,1,mixtral:8x22b,liberal,4.0,harm
relevance,1,mixtral:8x22b,liberal,5.0,harm
relevance,1,mixtral:8x22b,liberal,4.0,harm
relevance,1,mixtral:8x22b,liberal,4.0,harm
relevance,1,mixtral:8x22b,liberal,4.0,harm
relevance,1,mixtral:8x22b,liberal,5.0,harm
relevance,1,mixtral:8x22b,liberal,4.0,harm
relevance,1,mixtral:8x22b,liberal,4.0,harm
relevance,1,mixtral:8x22b,liberal,4.0,harm
relevance,1,mixtral:8x22b,liberal,4.0,harm
relevance,1,mixtral:8x22b,liberal,4.0,harm
relevance,1,mixtral:8x22b,liberal,4.0,harm
relevance,1,mixtral:8x22b,liberal,4.0,harm
relevance,1,mixtral:8x22b,liberal,4.0,harm
relevance,1,mixtral:8x22b,liberal,4.0,harm
relevance,1,mixtral:8x22b,liberal,4.0,harm
relevance,1,mixtral:8x22b,liberal,4.0,harm
relevance,1,mixtral:8x22b,liberal,4.0,harm
relevance,1,mixtral:8x22b,liberal,5.0,harm
relevance,1,mixtral:8x7b,conservative,4.0,harm
relevance,1,mixtral:8x7b,conservative,4.0,harm
relevance,1,mixtral:8x7b,conservative,4.0,harm
relevance,1,mixtral:8x7b,conservative,5.0,harm
relevance,1,mixtral:8x7b,conservative,4.0,harm
relevance,1,mixtral:8x7b,conservative,4.0,harm
relevance,1,mixtral:8x7b,conservative,4.0,harm
relevance,1,mixtral:8x7b,conservative,4.0,harm
relevance,1,mixtral:8x7b,conservative,4.0,harm
relevance,1,mixtral:8x7b,conservative,4.0,harm
relevance,1,mixtral:8x7b,conservative,4.0,harm
relevance,1,mixtral:8x7b,conservative,4.0,harm
relevance,1,mixtral:8x7b,conservative,4.0,harm
relevance,1,mixtral:8x7b,conservative,4.0,harm
relevance,1,mixtral:8x7b,conservative,4.0,harm
relevance,1,mixtral:8x7b,conservative,4.0,harm
relevance,1,mixtral:8x7b,conservative,5.0,harm
relevance,1,mixtral:8x7b,conservative,4.0,harm
relevance,1,mixtral:8x7b,conservative,5.0,harm
relevance,1,mixtral:8x7b,conservative,4.0,harm
relevance,1,mixtral:8x7b,conservative,4.0,harm
relevance,1,mixtral:8x7b,conservative,4.0,harm
relevance,1,mixtral:8x7b,conservative,4.0,harm
relevance,1,mixtral:8x7b,conservative,5.0,harm
relevance,1,mixtral:8x7b,conservative,4.0,harm
relevance,1,mixtral:8x7b,conservative,4.0,harm
relevance,1,mixtral:8x7b,conservative,4.0,harm
relevance,1,mixtral:8x7b,conservative,5.0,harm
relevance,1,mixtral:8x7b,conservative,4.0,harm
relevance,1,mixtral:8x7b,conservative,5.0,harm
relevance,1,mixtral:8x7b,conservative,4.0,harm
relevance,1,mixtral:8x7b,conservative,4.0,harm
relevance,1,mixtral:8x7b,conservative,4.0,harm
relevance,1,mixtral:8x7b,conservative,4.0,harm
relevance,1,mixtral:8x7b,conservative,4.0,harm
relevance,1,mixtral:8x7b,conservative,4.0,harm
relevance,1,mixtral:8x7b,conservative,4.0,harm
relevance,1,mixtral:8x7b,conservative,4.0,harm
relevance,1,mixtral:8x7b,conservative,4.0,harm
relevance,1,mixtral:8x7b,conservative,4.0,harm
relevance,1,mixtral:8x7b,conservative,4.0,harm
relevance,1,mixtral:8x7b,conservative,4.0,harm
relevance,1,mixtral:8x7b,conservative,5.0,harm
relevance,1,mixtral:8x7b,conservative,4.0,harm
relevance,1,mixtral:8x7b,conservative,4.0,harm
relevance,1,mixtral:8x7b,conservative,4.0,harm
relevance,1,mixtral:8x7b,conservative,4.0,harm
relevance,1,mixtral:8x7b,conservative,4.0,harm
relevance,1,mixtral:8x7b,conservative,4.0,harm
relevance,1,mixtral:8x7b,conservative,4.0,harm
relevance,1,mixtral:8x7b,moderate,5.0,harm
relevance,1,mixtral:8x7b,moderate,5.0,harm
relevance,1,mixtral:8x7b,moderate,5.0,harm
relevance,1,mixtral:8x7b,moderate,5.0,harm
relevance,1,mixtral:8x7b,moderate,5.0,harm
relevance,1,mixtral:8x7b,moderate,5.0,harm
relevance,1,mixtral:8x7b,moderate,5.0,harm
relevance,1,mixtral:8x7b,moderate,5.0,harm
relevance,1,mixtral:8x7b,moderate,5.0,harm
relevance,1,mixtral:8x7b,moderate,5.0,harm
relevance,1,mixtral:8x7b,moderate,5.0,harm
relevance,1,mixtral:8x7b,moderate,5.0,harm
relevance,1,mixtral:8x7b,moderate,5.0,harm
relevance,1,mixtral:8x7b,moderate,5.0,harm
relevance,1,mixtral:8x7b,moderate,5.0,harm
relevance,1,mixtral:8x7b,moderate,5.0,harm
relevance,1,mixtral:8x7b,moderate,5.0,harm
relevance,1,mixtral:8x7b,moderate,5.0,harm
relevance,1,mixtral:8x7b,moderate,5.0,harm
relevance,1,mixtral:8x7b,moderate,5.0,harm
relevance,1,mixtral:8x7b,moderate,5.0,harm
relevance,1,mixtral:8x7b,moderate,5.0,harm
relevance,1,mixtral:8x7b,moderate,5.0,harm
relevance,1,mixtral:8x7b,moderate,5.0,harm
relevance,1,mixtral:8x7b,moderate,5.0,harm
relevance,1,mixtral:8x7b,moderate,5.0,harm
relevance,1,mixtral:8x7b,moderate,5.0,harm
relevance,1,mixtral:8x7b,moderate,5.0,harm
relevance,1,mixtral:8x7b,moderate,5.0,harm
relevance,1,mixtral:8x7b,moderate,5.0,harm
relevance,1,mixtral:8x7b,moderate,5.0,harm
relevance,1,mixtral:8x7b,moderate,5.0,harm
relevance,1,mixtral:8x7b,moderate,5.0,harm
relevance,1,mixtral:8x7b,moderate,5.0,harm
relevance,1,mixtral:8x7b,moderate,5.0,harm
relevance,1,mixtral:8x7b,moderate,5.0,harm
relevance,1,mixtral:8x7b,moderate,5.0,harm
relevance,1,mixtral:8x7b,moderate,5.0,harm
relevance,1,mixtral:8x7b,moderate,5.0,harm
relevance,1,mixtral:8x7b,moderate,5.0,harm
relevance,1,mixtral:8x7b,moderate,5.0,harm
relevance,1,mixtral:8x7b,moderate,5.0,harm
relevance,1,mixtral:8x7b,moderate,5.0,harm
relevance,1,mixtral:8x7b,moderate,5.0,harm
relevance,1,mixtral:8x7b,moderate,5.0,harm
relevance,1,mixtral:8x7b,moderate,5.0,harm
relevance,1,mixtral:8x7b,moderate,5.0,harm
relevance,1,mixtral:8x7b,moderate,5.0,harm
relevance,1,mixtral:8x7b,moderate,5.0,harm
relevance,1,mixtral:8x7b,moderate,5.0,harm
relevance,1,mixtral:8x7b,liberal,5.0,harm
relevance,1,mixtral:8x7b,liberal,5.0,harm
relevance,1,mixtral:8x7b,liberal,5.0,harm
relevance,1,mixtral:8x7b,liberal,5.0,harm
relevance,1,mixtral:8x7b,liberal,5.0,harm
relevance,1,mixtral:8x7b,liberal,5.0,harm
relevance,1,mixtral:8x7b,liberal,5.0,harm
relevance,1,mixtral:8x7b,liberal,5.0,harm
relevance,1,mixtral:8x7b,liberal,5.0,harm
relevance,1,mixtral:8x7b,liberal,5.0,harm
relevance,1,mixtral:8x7b,liberal,5.0,harm
relevance,1,mixtral:8x7b,liberal,5.0,harm
relevance,1,mixtral:8x7b,liberal,5.0,harm
relevance,1,mixtral:8x7b,liberal,5.0,harm
relevance,1,mixtral:8x7b,liberal,5.0,harm
relevance,1,mixtral:8x7b,liberal,5.0,harm
relevance,1,mixtral:8x7b,liberal,5.0,harm
relevance,1,mixtral:8x7b,liberal,5.0,harm
relevance,1,mixtral:8x7b,liberal,5.0,harm
relevance,1,mixtral:8x7b,liberal,5.0,harm
relevance,1,mixtral:8x7b,liberal,5.0,harm
relevance,1,mixtral:8x7b,liberal,5.0,harm
relevance,1,mixtral:8x7b,liberal,5.0,harm
relevance,1,mixtral:8x7b,liberal,5.0,harm
relevance,1,mixtral:8x7b,liberal,5.0,harm
relevance,1,mixtral:8x7b,liberal,5.0,harm
relevance,1,mixtral:8x7b,liberal,5.0,harm
relevance,1,mixtral:8x7b,liberal,5.0,harm
relevance,1,mixtral:8x7b,liberal,5.0,harm
relevance,1,mixtral:8x7b,liberal,5.0,harm
relevance,1,mixtral:8x7b,liberal,5.0,harm
relevance,1,mixtral:8x7b,liberal,5.0,harm
relevance,1,mixtral:8x7b,liberal,5.0,harm
relevance,1,mixtral:8x7b,liberal,5.0,harm
relevance,1,mixtral:8x7b,liberal,5.0,harm
relevance,1,mixtral:8x7b,liberal,5.0,harm
relevance,1,mixtral:8x7b,liberal,5.0,harm
relevance,1,mixtral:8x7b,liberal,5.0,harm
relevance,1,mixtral:8x7b,liberal,5.0,harm
relevance,1,mixtral:8x7b,liberal,5.0,harm
relevance,1,mixtral:8x7b,liberal,5.0,harm
relevance,1,mixtral:8x7b,liberal,5.0,harm
relevance,1,mixtral:8x7b,liberal,5.0,harm
relevance,1,mixtral:8x7b,liberal,5.0,harm
relevance,1,mixtral:8x7b,liberal,5.0,harm
relevance,1,mixtral:8x7b,liberal,5.0,harm
relevance,1,mixtral:8x7b,liberal,5.0,harm
relevance,1,mixtral:8x7b,liberal,5.0,harm
relevance,1,mixtral:8x7b,liberal,5.0,harm
relevance,1,mixtral:8x7b,liberal,5.0,harm
relevance,1,phi3:14b,conservative,3.0,harm
relevance,1,phi3:14b,conservative,3.0,harm
relevance,1,phi3:14b,conservative,4.0,harm
relevance,1,phi3:14b,conservative,4.0,harm
relevance,1,phi3:14b,conservative,2.0,harm
relevance,1,phi3:14b,conservative,2.0,harm
relevance,1,phi3:14b,conservative,2.0,harm
relevance,1,phi3:14b,conservative,4.0,harm
relevance,1,phi3:14b,conservative,5.0,harm
relevance,1,phi3:14b,conservative,2.0,harm
relevance,1,phi3:14b,conservative,2.0,harm
relevance,1,phi3:14b,conservative,4.0,harm
relevance,1,phi3:14b,conservative,5.0,harm
relevance,1,phi3:14b,conservative,2.0,harm
relevance,1,phi3:14b,conservative,4.0,harm
relevance,1,phi3:14b,conservative,2.0,harm
relevance,1,phi3:14b,conservative,3.0,harm
relevance,1,phi3:14b,conservative,2.0,harm
relevance,1,phi3:14b,conservative,4.0,harm
relevance,1,phi3:14b,conservative,3.0,harm
relevance,1,phi3:14b,conservative,3.0,harm
relevance,1,phi3:14b,conservative,3.0,harm
relevance,1,phi3:14b,conservative,2.0,harm
relevance,1,phi3:14b,conservative,3.0,harm
relevance,1,phi3:14b,conservative,4.0,harm
relevance,1,phi3:14b,conservative,3.0,harm
relevance,1,phi3:14b,conservative,4.0,harm
relevance,1,phi3:14b,conservative,2.0,harm
relevance,1,phi3:14b,conservative,2.0,harm
relevance,1,phi3:14b,conservative,4.0,harm
relevance,1,phi3:14b,conservative,4.0,harm
relevance,1,phi3:14b,conservative,4.0,harm
relevance,1,phi3:14b,conservative,4.0,harm
relevance,1,phi3:14b,conservative,4.0,harm
relevance,1,phi3:14b,conservative,4.0,harm
relevance,1,phi3:14b,conservative,4.0,harm
relevance,1,phi3:14b,conservative,3.0,harm
relevance,1,phi3:14b,conservative,4.0,harm
relevance,1,phi3:14b,conservative,4.0,harm
relevance,1,phi3:14b,conservative,4.0,harm
relevance,1,phi3:14b,conservative,4.0,harm
relevance,1,phi3:14b,conservative,4.0,harm
relevance,1,phi3:14b,conservative,1.0,harm
relevance,1,phi3:14b,conservative,4.0,harm
relevance,1,phi3:14b,conservative,4.0,harm
relevance,1,phi3:14b,conservative,4.0,harm
relevance,1,phi3:14b,conservative,5.0,harm
relevance,1,phi3:14b,conservative,5.0,harm
relevance,1,phi3:14b,conservative,3.0,harm
relevance,1,phi3:14b,conservative,2.0,harm
relevance,1,phi3:14b,moderate,5.0,harm
relevance,1,phi3:14b,moderate,4.0,harm
relevance,1,phi3:14b,moderate,4.0,harm
relevance,1,phi3:14b,moderate,4.0,harm
relevance,1,phi3:14b,moderate,4.0,harm
relevance,1,phi3:14b,moderate,4.0,harm
relevance,1,phi3:14b,moderate,4.0,harm
relevance,1,phi3:14b,moderate,4.0,harm
relevance,1,phi3:14b,moderate,4.0,harm
relevance,1,phi3:14b,moderate,4.0,harm
relevance,1,phi3:14b,moderate,5.0,harm
relevance,1,phi3:14b,moderate,4.0,harm
relevance,1,phi3:14b,moderate,5.0,harm
relevance,1,phi3:14b,moderate,4.0,harm
relevance,1,phi3:14b,moderate,4.0,harm
relevance,1,phi3:14b,moderate,4.0,harm
relevance,1,phi3:14b,moderate,4.0,harm
relevance,1,phi3:14b,moderate,4.0,harm
relevance,1,phi3:14b,moderate,4.0,harm
relevance,1,phi3:14b,moderate,5.0,harm
relevance,1,phi3:14b,moderate,4.0,harm
relevance,1,phi3:14b,moderate,5.0,harm
relevance,1,phi3:14b,moderate,5.0,harm
relevance,1,phi3:14b,moderate,4.0,harm
relevance,1,phi3:14b,moderate,5.0,harm
relevance,1,phi3:14b,moderate,5.0,harm
relevance,1,phi3:14b,moderate,4.0,harm
relevance,1,phi3:14b,moderate,4.0,harm
relevance,1,phi3:14b,moderate,3.0,harm
relevance,1,phi3:14b,moderate,4.0,harm
relevance,1,phi3:14b,moderate,5.0,harm
relevance,1,phi3:14b,moderate,4.0,harm
relevance,1,phi3:14b,moderate,4.0,harm
relevance,1,phi3:14b,moderate,3.0,harm
relevance,1,phi3:14b,moderate,4.0,harm
relevance,1,phi3:14b,moderate,4.0,harm
relevance,1,phi3:14b,moderate,4.0,harm
relevance,1,phi3:14b,moderate,5.0,harm
relevance,1,phi3:14b,moderate,5.0,harm
relevance,1,phi3:14b,moderate,3.0,harm
relevance,1,phi3:14b,moderate,4.0,harm
relevance,1,phi3:14b,moderate,4.0,harm
relevance,1,phi3:14b,moderate,5.0,harm
relevance,1,phi3:14b,moderate,5.0,harm
relevance,1,phi3:14b,moderate,5.0,harm
relevance,1,phi3:14b,moderate,4.0,harm
relevance,1,phi3:14b,moderate,5.0,harm
relevance,1,phi3:14b,moderate,4.0,harm
relevance,1,phi3:14b,moderate,5.0,harm
relevance,1,phi3:14b,moderate,4.0,harm
relevance,1,phi3:14b,liberal,4.0,harm
relevance,1,phi3:14b,liberal,5.0,harm
relevance,1,phi3:14b,liberal,5.0,harm
relevance,1,phi3:14b,liberal,5.0,harm
relevance,1,phi3:14b,liberal,5.0,harm
relevance,1,phi3:14b,liberal,4.0,harm
relevance,1,phi3:14b,liberal,5.0,harm
relevance,1,phi3:14b,liberal,5.0,harm
relevance,1,phi3:14b,liberal,5.0,harm
relevance,1,phi3:14b,liberal,4.0,harm
relevance,1,phi3:14b,liberal,4.0,harm
relevance,1,phi3:14b,liberal,5.0,harm
relevance,1,phi3:14b,liberal,5.0,harm
relevance,1,phi3:14b,liberal,4.0,harm
relevance,1,phi3:14b,liberal,5.0,harm
relevance,1,phi3:14b,liberal,5.0,harm
relevance,1,phi3:14b,liberal,5.0,harm
relevance,1,phi3:14b,liberal,5.0,harm
relevance,1,phi3:14b,liberal,5.0,harm
relevance,1,phi3:14b,liberal,4.0,harm
relevance,1,phi3:14b,liberal,4.0,harm
relevance,1,phi3:14b,liberal,5.0,harm
relevance,1,phi3:14b,liberal,4.0,harm
relevance,1,phi3:14b,liberal,5.0,harm
relevance,1,phi3:14b,liberal,4.0,harm
relevance,1,phi3:14b,liberal,5.0,harm
relevance,1,phi3:14b,liberal,4.0,harm
relevance,1,phi3:14b,liberal,5.0,harm
relevance,1,phi3:14b,liberal,5.0,harm
relevance,1,phi3:14b,liberal,4.0,harm
relevance,1,phi3:14b,liberal,4.0,harm
relevance,1,phi3:14b,liberal,4.0,harm
relevance,1,phi3:14b,liberal,5.0,harm
relevance,1,phi3:14b,liberal,5.0,harm
relevance,1,phi3:14b,liberal,4.0,harm
relevance,1,phi3:14b,liberal,5.0,harm
relevance,1,phi3:14b,liberal,5.0,harm
relevance,1,phi3:14b,liberal,4.0,harm
relevance,1,phi3:14b,liberal,5.0,harm
relevance,1,phi3:14b,liberal,5.0,harm
relevance,1,phi3:14b,liberal,4.0,harm
relevance,1,phi3:14b,liberal,5.0,harm
relevance,1,phi3:14b,liberal,4.0,harm
relevance,1,phi3:14b,liberal,5.0,harm
relevance,1,phi3:14b,liberal,5.0,harm
relevance,1,phi3:14b,liberal,4.0,harm
relevance,1,phi3:14b,liberal,5.0,harm
relevance,1,phi3:14b,liberal,4.0,harm
relevance,1,phi3:14b,liberal,4.0,harm
relevance,1,phi3:14b,liberal,5.0,harm
relevance,1,gemma:7b,conservative,3.0,harm
relevance,1,gemma:7b,conservative,3.0,harm
relevance,1,gemma:7b,conservative,3.0,harm
relevance,1,gemma:7b,conservative,3.0,harm
relevance,1,gemma:7b,conservative,3.0,harm
relevance,1,gemma:7b,conservative,3.0,harm
relevance,1,gemma:7b,conservative,3.0,harm
relevance,1,gemma:7b,conservative,3.0,harm
relevance,1,gemma:7b,conservative,3.0,harm
relevance,1,gemma:7b,conservative,3.0,harm
relevance,1,gemma:7b,conservative,3.0,harm
relevance,1,gemma:7b,conservative,3.0,harm
relevance,1,gemma:7b,conservative,3.0,harm
relevance,1,gemma:7b,conservative,3.0,harm
relevance,1,gemma:7b,conservative,3.0,harm
relevance,1,gemma:7b,conservative,3.0,harm
relevance,1,gemma:7b,conservative,3.0,harm
relevance,1,gemma:7b,conservative,3.0,harm
relevance,1,gemma:7b,conservative,3.0,harm
relevance,1,gemma:7b,conservative,3.0,harm
relevance,1,gemma:7b,conservative,3.0,harm
relevance,1,gemma:7b,conservative,3.0,harm
relevance,1,gemma:7b,conservative,3.0,harm
relevance,1,gemma:7b,conservative,3.0,harm
relevance,1,gemma:7b,conservative,3.0,harm
relevance,1,gemma:7b,conservative,3.0,harm
relevance,1,gemma:7b,conservative,3.0,harm
relevance,1,gemma:7b,conservative,3.0,harm
relevance,1,gemma:7b,conservative,3.0,harm
relevance,1,gemma:7b,conservative,3.0,harm
relevance,1,gemma:7b,conservative,3.0,harm
relevance,1,gemma:7b,conservative,3.0,harm
relevance,1,gemma:7b,conservative,3.0,harm
relevance,1,gemma:7b,conservative,3.0,harm
relevance,1,gemma:7b,conservative,3.0,harm
relevance,1,gemma:7b,conservative,3.0,harm
relevance,1,gemma:7b,conservative,3.0,harm
relevance,1,gemma:7b,conservative,3.0,harm
relevance,1,gemma:7b,conservative,3.0,harm
relevance,1,gemma:7b,conservative,3.0,harm
relevance,1,gemma:7b,conservative,3.0,harm
relevance,1,gemma:7b,conservative,3.0,harm
relevance,1,gemma:7b,conservative,3.0,harm
relevance,1,gemma:7b,conservative,3.0,harm
relevance,1,gemma:7b,conservative,3.0,harm
relevance,1,gemma:7b,conservative,3.0,harm
relevance,1,gemma:7b,conservative,3.0,harm
relevance,1,gemma:7b,conservative,3.0,harm
relevance,1,gemma:7b,conservative,3.0,harm
relevance,1,gemma:7b,conservative,3.0,harm
relevance,1,gemma:7b,moderate,3.0,harm
relevance,1,gemma:7b,moderate,3.0,harm
relevance,1,gemma:7b,moderate,3.0,harm
relevance,1,gemma:7b,moderate,3.0,harm
relevance,1,gemma:7b,moderate,3.0,harm
relevance,1,gemma:7b,moderate,3.0,harm
relevance,1,gemma:7b,moderate,3.0,harm
relevance,1,gemma:7b,moderate,3.0,harm
relevance,1,gemma:7b,moderate,3.0,harm
relevance,1,gemma:7b,moderate,3.0,harm
relevance,1,gemma:7b,moderate,3.0,harm
relevance,1,gemma:7b,moderate,3.0,harm
relevance,1,gemma:7b,moderate,3.0,harm
relevance,1,gemma:7b,moderate,3.0,harm
relevance,1,gemma:7b,moderate,3.0,harm
relevance,1,gemma:7b,moderate,3.0,harm
relevance,1,gemma:7b,moderate,3.0,harm
relevance,1,gemma:7b,moderate,3.0,harm
relevance,1,gemma:7b,moderate,3.0,harm
relevance,1,gemma:7b,moderate,3.0,harm
relevance,1,gemma:7b,moderate,3.0,harm
relevance,1,gemma:7b,moderate,3.0,harm
relevance,1,gemma:7b,moderate,3.0,harm
relevance,1,gemma:7b,moderate,3.0,harm
relevance,1,gemma:7b,moderate,3.0,harm
relevance,1,gemma:7b,moderate,3.0,harm
relevance,1,gemma:7b,moderate,3.0,harm
relevance,1,gemma:7b,moderate,3.0,harm
relevance,1,gemma:7b,moderate,3.0,harm
relevance,1,gemma:7b,moderate,3.0,harm
relevance,1,gemma:7b,moderate,3.0,harm
relevance,1,gemma:7b,moderate,3.0,harm
relevance,1,gemma:7b,moderate,3.0,harm
relevance,1,gemma:7b,moderate,3.0,harm
relevance,1,gemma:7b,moderate,3.0,harm
relevance,1,gemma:7b,moderate,3.0,harm
relevance,1,gemma:7b,moderate,3.0,harm
relevance,1,gemma:7b,moderate,3.0,harm
relevance,1,gemma:7b,moderate,3.0,harm
relevance,1,gemma:7b,moderate,3.0,harm
relevance,1,gemma:7b,moderate,3.0,harm
relevance,1,gemma:7b,moderate,3.0,harm
relevance,1,gemma:7b,moderate,3.0,harm
relevance,1,gemma:7b,moderate,3.0,harm
relevance,1,gemma:7b,moderate,3.0,harm
relevance,1,gemma:7b,moderate,3.0,harm
relevance,1,gemma:7b,moderate,3.0,harm
relevance,1,gemma:7b,moderate,3.0,harm
relevance,1,gemma:7b,moderate,3.0,harm
relevance,1,gemma:7b,moderate,3.0,harm
relevance,1,gemma:7b,liberal,3.0,harm
relevance,1,gemma:7b,liberal,3.0,harm
relevance,1,gemma:7b,liberal,3.0,harm
relevance,1,gemma:7b,liberal,3.0,harm
relevance,1,gemma:7b,liberal,3.0,harm
relevance,1,gemma:7b,liberal,3.0,harm
relevance,1,gemma:7b,liberal,3.0,harm
relevance,1,gemma:7b,liberal,3.0,harm
relevance,1,gemma:7b,liberal,3.0,harm
relevance,1,gemma:7b,liberal,3.0,harm
relevance,1,gemma:7b,liberal,3.0,harm
relevance,1,gemma:7b,liberal,3.0,harm
relevance,1,gemma:7b,liberal,3.0,harm
relevance,1,gemma:7b,liberal,3.0,harm
relevance,1,gemma:7b,liberal,3.0,harm
relevance,1,gemma:7b,liberal,3.0,harm
relevance,1,gemma:7b,liberal,3.0,harm
relevance,1,gemma:7b,liberal,3.0,harm
relevance,1,gemma:7b,liberal,3.0,harm
relevance,1,gemma:7b,liberal,3.0,harm
relevance,1,gemma:7b,liberal,3.0,harm
relevance,1,gemma:7b,liberal,3.0,harm
relevance,1,gemma:7b,liberal,3.0,harm
relevance,1,gemma:7b,liberal,3.0,harm
relevance,1,gemma:7b,liberal,3.0,harm
relevance,1,gemma:7b,liberal,3.0,harm
relevance,1,gemma:7b,liberal,3.0,harm
relevance,1,gemma:7b,liberal,3.0,harm
relevance,1,gemma:7b,liberal,3.0,harm
relevance,1,gemma:7b,liberal,3.0,harm
relevance,1,gemma:7b,liberal,3.0,harm
relevance,1,gemma:7b,liberal,3.0,harm
relevance,1,gemma:7b,liberal,3.0,harm
relevance,1,gemma:7b,liberal,3.0,harm
relevance,1,gemma:7b,liberal,3.0,harm
relevance,1,gemma:7b,liberal,3.0,harm
relevance,1,gemma:7b,liberal,3.0,harm
relevance,1,gemma:7b,liberal,3.0,harm
relevance,1,gemma:7b,liberal,3.0,harm
relevance,1,gemma:7b,liberal,3.0,harm
relevance,1,gemma:7b,liberal,3.0,harm
relevance,1,gemma:7b,liberal,3.0,harm
relevance,1,gemma:7b,liberal,3.0,harm
relevance,1,gemma:7b,liberal,3.0,harm
relevance,1,gemma:7b,liberal,3.0,harm
relevance,1,gemma:7b,liberal,3.0,harm
relevance,1,gemma:7b,liberal,3.0,harm
relevance,1,gemma:7b,liberal,3.0,harm
relevance,1,gemma2:27b,conservative,3.0,harm
relevance,1,gemma2:27b,conservative,3.0,harm
relevance,1,gemma2:27b,conservative,3.0,harm
relevance,1,gemma2:27b,conservative,3.0,harm
relevance,1,gemma2:27b,conservative,3.0,harm
relevance,1,gemma2:27b,conservative,3.0,harm
relevance,1,gemma2:27b,conservative,3.0,harm
relevance,1,gemma2:27b,conservative,3.0,harm
relevance,1,gemma2:27b,conservative,3.0,harm
relevance,1,gemma2:27b,conservative,3.0,harm
relevance,1,gemma2:27b,conservative,3.0,harm
relevance,1,gemma2:27b,conservative,3.0,harm
relevance,1,gemma2:27b,conservative,3.0,harm
relevance,1,gemma2:27b,conservative,3.0,harm
relevance,1,gemma2:27b,conservative,3.0,harm
relevance,1,gemma2:27b,conservative,3.0,harm
relevance,1,gemma2:27b,conservative,3.0,harm
relevance,1,gemma2:27b,conservative,3.0,harm
relevance,1,gemma2:27b,conservative,3.0,harm
relevance,1,gemma2:27b,conservative,3.0,harm
relevance,1,gemma2:27b,conservative,3.0,harm
relevance,1,gemma2:27b,conservative,3.0,harm
relevance,1,gemma2:27b,conservative,3.0,harm
relevance,1,gemma2:27b,conservative,3.0,harm
relevance,1,gemma2:27b,conservative,3.0,harm
relevance,1,gemma2:27b,conservative,3.0,harm
relevance,1,gemma2:27b,conservative,3.0,harm
relevance,1,gemma2:27b,conservative,3.0,harm
relevance,1,gemma2:27b,conservative,3.0,harm
relevance,1,gemma2:27b,conservative,3.0,harm
relevance,1,gemma2:27b,conservative,3.0,harm
relevance,1,gemma2:27b,conservative,3.0,harm
relevance,1,gemma2:27b,conservative,3.0,harm
relevance,1,gemma2:27b,conservative,3.0,harm
relevance,1,gemma2:27b,conservative,3.0,harm
relevance,1,gemma2:27b,conservative,3.0,harm
relevance,1,gemma2:27b,conservative,3.0,harm
relevance,1,gemma2:27b,conservative,3.0,harm
relevance,1,gemma2:27b,conservative,3.0,harm
relevance,1,gemma2:27b,conservative,3.0,harm
relevance,1,gemma2:27b,conservative,3.0,harm
relevance,1,gemma2:27b,conservative,3.0,harm
relevance,1,gemma2:27b,conservative,3.0,harm
relevance,1,gemma2:27b,conservative,3.0,harm
relevance,1,gemma2:27b,conservative,3.0,harm
relevance,1,gemma2:27b,conservative,3.0,harm
relevance,1,gemma2:27b,conservative,3.0,harm
relevance,1,gemma2:27b,conservative,3.0,harm
relevance,1,gemma2:27b,conservative,3.0,harm
relevance,1,gemma2:27b,conservative,3.0,harm
relevance,1,gemma2:27b,moderate,4.0,harm
relevance,1,gemma2:27b,moderate,4.0,harm
relevance,1,gemma2:27b,moderate,4.0,harm
relevance,1,gemma2:27b,moderate,4.0,harm
relevance,1,gemma2:27b,moderate,4.0,harm
relevance,1,gemma2:27b,moderate,4.0,harm
relevance,1,gemma2:27b,moderate,4.0,harm
relevance,1,gemma2:27b,moderate,4.0,harm
relevance,1,gemma2:27b,moderate,4.0,harm
relevance,1,gemma2:27b,moderate,4.0,harm
relevance,1,gemma2:27b,moderate,4.0,harm
relevance,1,gemma2:27b,moderate,4.0,harm
relevance,1,gemma2:27b,moderate,4.0,harm
relevance,1,gemma2:27b,moderate,4.0,harm
relevance,1,gemma2:27b,moderate,4.0,harm
relevance,1,gemma2:27b,moderate,4.0,harm
relevance,1,gemma2:27b,moderate,4.0,harm
relevance,1,gemma2:27b,moderate,4.0,harm
relevance,1,gemma2:27b,moderate,4.0,harm
relevance,1,gemma2:27b,moderate,4.0,harm
relevance,1,gemma2:27b,moderate,4.0,harm
relevance,1,gemma2:27b,moderate,4.0,harm
relevance,1,gemma2:27b,moderate,4.0,harm
relevance,1,gemma2:27b,moderate,4.0,harm
relevance,1,gemma2:27b,moderate,4.0,harm
relevance,1,gemma2:27b,moderate,4.0,harm
relevance,1,gemma2:27b,moderate,4.0,harm
relevance,1,gemma2:27b,moderate,4.0,harm
relevance,1,gemma2:27b,moderate,4.0,harm
relevance,1,gemma2:27b,moderate,4.0,harm
relevance,1,gemma2:27b,moderate,4.0,harm
relevance,1,gemma2:27b,moderate,4.0,harm
relevance,1,gemma2:27b,moderate,4.0,harm
relevance,1,gemma2:27b,moderate,4.0,harm
relevance,1,gemma2:27b,moderate,4.0,harm
relevance,1,gemma2:27b,moderate,4.0,harm
relevance,1,gemma2:27b,moderate,4.0,harm
relevance,1,gemma2:27b,moderate,4.0,harm
relevance,1,gemma2:27b,moderate,4.0,harm
relevance,1,gemma2:27b,moderate,4.0,harm
relevance,1,gemma2:27b,moderate,4.0,harm
relevance,1,gemma2:27b,moderate,4.0,harm
relevance,1,gemma2:27b,moderate,4.0,harm
relevance,1,gemma2:27b,moderate,4.0,harm
relevance,1,gemma2:27b,moderate,4.0,harm
relevance,1,gemma2:27b,moderate,4.0,harm
relevance,1,gemma2:27b,moderate,4.0,harm
relevance,1,gemma2:27b,moderate,4.0,harm
relevance,1,gemma2:27b,moderate,4.0,harm
relevance,1,gemma2:27b,moderate,4.0,harm
relevance,1,gemma2:27b,liberal,4.0,harm
relevance,1,gemma2:27b,liberal,4.0,harm
relevance,1,gemma2:27b,liberal,4.0,harm
relevance,1,gemma2:27b,liberal,4.0,harm
relevance,1,gemma2:27b,liberal,4.0,harm
relevance,1,gemma2:27b,liberal,4.0,harm
relevance,1,gemma2:27b,liberal,4.0,harm
relevance,1,gemma2:27b,liberal,4.0,harm
relevance,1,gemma2:27b,liberal,4.0,harm
relevance,1,gemma2:27b,liberal,4.0,harm
relevance,1,gemma2:27b,liberal,4.0,harm
relevance,1,gemma2:27b,liberal,4.0,harm
relevance,1,gemma2:27b,liberal,4.0,harm
relevance,1,gemma2:27b,liberal,4.0,harm
relevance,1,gemma2:27b,liberal,4.0,harm
relevance,1,gemma2:27b,liberal,4.0,harm
relevance,1,gemma2:27b,liberal,4.0,harm
relevance,1,gemma2:27b,liberal,4.0,harm
relevance,1,gemma2:27b,liberal,4.0,harm
relevance,1,gemma2:27b,liberal,4.0,harm
relevance,1,gemma2:27b,liberal,4.0,harm
relevance,1,gemma2:27b,liberal,4.0,harm
relevance,1,gemma2:27b,liberal,4.0,harm
relevance,1,gemma2:27b,liberal,4.0,harm
relevance,1,gemma2:27b,liberal,4.0,harm
relevance,1,gemma2:27b,liberal,4.0,harm
relevance,1,gemma2:27b,liberal,4.0,harm
relevance,1,gemma2:27b,liberal,4.0,harm
relevance,1,gemma2:27b,liberal,4.0,harm
relevance,1,gemma2:27b,liberal,4.0,harm
relevance,1,gemma2:27b,liberal,4.0,harm
relevance,1,gemma2:27b,liberal,4.0,harm
relevance,1,gemma2:27b,liberal,4.0,harm
relevance,1,gemma2:27b,liberal,4.0,harm
relevance,1,gemma2:27b,liberal,4.0,harm
relevance,1,gemma2:27b,liberal,4.0,harm
relevance,1,gemma2:27b,liberal,4.0,harm
relevance,1,gemma2:27b,liberal,4.0,harm
relevance,1,gemma2:27b,liberal,4.0,harm
relevance,1,gemma2:27b,liberal,4.0,harm
relevance,1,gemma2:27b,liberal,4.0,harm
relevance,1,gemma2:27b,liberal,4.0,harm
relevance,1,gemma2:27b,liberal,4.0,harm
relevance,1,gemma2:27b,liberal,4.0,harm
relevance,1,gemma2:27b,liberal,4.0,harm
relevance,1,gemma2:27b,liberal,4.0,harm
relevance,1,gemma2:27b,liberal,4.0,harm
relevance,1,gemma2:27b,liberal,4.0,harm
relevance,1,gemma2:27b,liberal,4.0,harm
relevance,1,gemma2:27b,liberal,4.0,harm
relevance,1,qwen:72b,conservative,3.0,harm
relevance,1,qwen:72b,conservative,4.0,harm
relevance,1,qwen:72b,conservative,3.0,harm
relevance,1,qwen:72b,conservative,4.0,harm
relevance,1,qwen:72b,conservative,3.0,harm
relevance,1,qwen:72b,conservative,3.0,harm
relevance,1,qwen:72b,conservative,3.0,harm
relevance,1,qwen:72b,conservative,4.0,harm
relevance,1,qwen:72b,conservative,4.0,harm
relevance,1,qwen:72b,conservative,4.0,harm
relevance,1,qwen:72b,conservative,3.0,harm
relevance,1,qwen:72b,conservative,3.0,harm
relevance,1,qwen:72b,conservative,3.0,harm
relevance,1,qwen:72b,conservative,4.0,harm
relevance,1,qwen:72b,conservative,3.0,harm
relevance,1,qwen:72b,conservative,3.0,harm
relevance,1,qwen:72b,conservative,4.0,harm
relevance,1,qwen:72b,conservative,3.0,harm
relevance,1,qwen:72b,conservative,4.0,harm
relevance,1,qwen:72b,conservative,3.0,harm
relevance,1,qwen:72b,conservative,3.0,harm
relevance,1,qwen:72b,conservative,3.0,harm
relevance,1,qwen:72b,conservative,3.0,harm
relevance,1,qwen:72b,conservative,3.0,harm
relevance,1,qwen:72b,conservative,3.0,harm
relevance,1,qwen:72b,conservative,3.0,harm
relevance,1,qwen:72b,conservative,4.0,harm
relevance,1,qwen:72b,conservative,3.0,harm
relevance,1,qwen:72b,conservative,3.0,harm
relevance,1,qwen:72b,conservative,3.0,harm
relevance,1,qwen:72b,conservative,4.0,harm
relevance,1,qwen:72b,conservative,4.0,harm
relevance,1,qwen:72b,conservative,3.0,harm
relevance,1,qwen:72b,conservative,3.0,harm
relevance,1,qwen:72b,conservative,3.0,harm
relevance,1,qwen:72b,conservative,4.0,harm
relevance,1,qwen:72b,conservative,3.0,harm
relevance,1,qwen:72b,conservative,3.0,harm
relevance,1,qwen:72b,conservative,4.0,harm
relevance,1,qwen:72b,conservative,4.0,harm
relevance,1,qwen:72b,conservative,3.0,harm
relevance,1,qwen:72b,conservative,3.0,harm
relevance,1,qwen:72b,conservative,3.0,harm
relevance,1,qwen:72b,conservative,4.0,harm
relevance,1,qwen:72b,conservative,3.0,harm
relevance,1,qwen:72b,conservative,4.0,harm
relevance,1,qwen:72b,conservative,3.0,harm
relevance,1,qwen:72b,conservative,3.0,harm
relevance,1,qwen:72b,conservative,3.0,harm
relevance,1,qwen:72b,conservative,4.0,harm
relevance,1,qwen:72b,moderate,3.0,harm
relevance,1,qwen:72b,moderate,5.0,harm
relevance,1,qwen:72b,moderate,5.0,harm
relevance,1,qwen:72b,moderate,3.0,harm
relevance,1,qwen:72b,moderate,3.0,harm
relevance,1,qwen:72b,moderate,4.0,harm
relevance,1,qwen:72b,moderate,3.0,harm
relevance,1,qwen:72b,moderate,5.0,harm
relevance,1,qwen:72b,moderate,4.0,harm
relevance,1,qwen:72b,moderate,3.0,harm
relevance,1,qwen:72b,moderate,5.0,harm
relevance,1,qwen:72b,moderate,3.0,harm
relevance,1,qwen:72b,moderate,3.0,harm
relevance,1,qwen:72b,moderate,3.0,harm
relevance,1,qwen:72b,moderate,4.0,harm
relevance,1,qwen:72b,moderate,5.0,harm
relevance,1,qwen:72b,moderate,3.0,harm
relevance,1,qwen:72b,moderate,3.0,harm
relevance,1,qwen:72b,moderate,3.0,harm
relevance,1,qwen:72b,moderate,3.0,harm
relevance,1,qwen:72b,moderate,3.0,harm
relevance,1,qwen:72b,moderate,5.0,harm
relevance,1,qwen:72b,moderate,3.0,harm
relevance,1,qwen:72b,moderate,3.0,harm
relevance,1,qwen:72b,moderate,0.0,harm
relevance,1,qwen:72b,moderate,3.0,harm
relevance,1,qwen:72b,moderate,3.0,harm
relevance,1,qwen:72b,moderate,5.0,harm
relevance,1,qwen:72b,moderate,0.0,harm
relevance,1,qwen:72b,moderate,5.0,harm
relevance,1,qwen:72b,moderate,5.0,harm
relevance,1,qwen:72b,moderate,3.0,harm
relevance,1,qwen:72b,moderate,4.0,harm
relevance,1,qwen:72b,moderate,3.0,harm
relevance,1,qwen:72b,moderate,5.0,harm
relevance,1,qwen:72b,moderate,5.0,harm
relevance,1,qwen:72b,moderate,5.0,harm
relevance,1,qwen:72b,moderate,3.0,harm
relevance,1,qwen:72b,moderate,3.0,harm
relevance,1,qwen:72b,moderate,5.0,harm
relevance,1,qwen:72b,moderate,3.0,harm
relevance,1,qwen:72b,moderate,5.0,harm
relevance,1,qwen:72b,moderate,4.0,harm
relevance,1,qwen:72b,moderate,5.0,harm
relevance,1,qwen:72b,moderate,3.0,harm
relevance,1,qwen:72b,moderate,0.0,harm
relevance,1,qwen:72b,moderate,3.0,harm
relevance,1,qwen:72b,moderate,3.0,harm
relevance,1,qwen:72b,moderate,5.0,harm
relevance,1,qwen:72b,moderate,3.0,harm
relevance,1,qwen:72b,liberal,4.0,harm
relevance,1,qwen:72b,liberal,4.0,harm
relevance,1,qwen:72b,liberal,4.0,harm
relevance,1,qwen:72b,liberal,5.0,harm
relevance,1,qwen:72b,liberal,5.0,harm
relevance,1,qwen:72b,liberal,4.0,harm
relevance,1,qwen:72b,liberal,4.0,harm
relevance,1,qwen:72b,liberal,4.0,harm
relevance,1,qwen:72b,liberal,5.0,harm
relevance,1,qwen:72b,liberal,5.0,harm
relevance,1,qwen:72b,liberal,4.0,harm
relevance,1,qwen:72b,liberal,4.0,harm
relevance,1,qwen:72b,liberal,5.0,harm
relevance,1,qwen:72b,liberal,4.0,harm
relevance,1,qwen:72b,liberal,5.0,harm
relevance,1,qwen:72b,liberal,4.0,harm
relevance,1,qwen:72b,liberal,4.0,harm
relevance,1,qwen:72b,liberal,5.0,harm
relevance,1,qwen:72b,liberal,5.0,harm
relevance,1,qwen:72b,liberal,4.0,harm
relevance,1,qwen:72b,liberal,5.0,harm
relevance,1,qwen:72b,liberal,4.0,harm
relevance,1,qwen:72b,liberal,4.0,harm
relevance,1,qwen:72b,liberal,4.0,harm
relevance,1,qwen:72b,liberal,4.0,harm
relevance,1,qwen:72b,liberal,5.0,harm
relevance,1,qwen:72b,liberal,5.0,harm
relevance,1,qwen:72b,liberal,5.0,harm
relevance,1,qwen:72b,liberal,4.0,harm
relevance,1,qwen:72b,liberal,4.0,harm
relevance,1,qwen:72b,liberal,5.0,harm
relevance,1,qwen:72b,liberal,4.0,harm
relevance,1,qwen:72b,liberal,5.0,harm
relevance,1,qwen:72b,liberal,4.0,harm
relevance,1,qwen:72b,liberal,4.0,harm
relevance,1,qwen:72b,liberal,4.0,harm
relevance,1,qwen:72b,liberal,4.0,harm
relevance,1,qwen:72b,liberal,5.0,harm
relevance,1,qwen:72b,liberal,4.0,harm
relevance,1,qwen:72b,liberal,4.0,harm
relevance,1,qwen:72b,liberal,5.0,harm
relevance,1,qwen:72b,liberal,4.0,harm
relevance,1,qwen:72b,liberal,4.0,harm
relevance,1,qwen:72b,liberal,5.0,harm
relevance,1,qwen:72b,liberal,5.0,harm
relevance,1,qwen:72b,liberal,4.0,harm
relevance,1,qwen:72b,liberal,4.0,harm
relevance,1,qwen:72b,liberal,4.0,harm
relevance,1,qwen:72b,liberal,5.0,harm
relevance,1,qwen:72b,liberal,5.0,harm
relevance,1,qwen2:72b,conservative,4.0,harm
relevance,1,qwen2:72b,conservative,4.0,harm
relevance,1,qwen2:72b,conservative,4.0,harm
relevance,1,qwen2:72b,conservative,4.0,harm
relevance,1,qwen2:72b,conservative,4.0,harm
relevance,1,qwen2:72b,conservative,4.0,harm
relevance,1,qwen2:72b,conservative,4.0,harm
relevance,1,qwen2:72b,conservative,4.0,harm
relevance,1,qwen2:72b,conservative,4.0,harm
relevance,1,qwen2:72b,conservative,4.0,harm
relevance,1,qwen2:72b,conservative,4.0,harm
relevance,1,qwen2:72b,conservative,4.0,harm
relevance,1,qwen2:72b,conservative,4.0,harm
relevance,1,qwen2:72b,conservative,4.0,harm
relevance,1,qwen2:72b,conservative,4.0,harm
relevance,1,qwen2:72b,conservative,4.0,harm
relevance,1,qwen2:72b,conservative,4.0,harm
relevance,1,qwen2:72b,conservative,4.0,harm
relevance,1,qwen2:72b,conservative,4.0,harm
relevance,1,qwen2:72b,conservative,4.0,harm
relevance,1,qwen2:72b,conservative,4.0,harm
relevance,1,qwen2:72b,conservative,4.0,harm
relevance,1,qwen2:72b,conservative,4.0,harm
relevance,1,qwen2:72b,conservative,4.0,harm
relevance,1,qwen2:72b,conservative,4.0,harm
relevance,1,qwen2:72b,conservative,4.0,harm
relevance,1,qwen2:72b,conservative,4.0,harm
relevance,1,qwen2:72b,conservative,4.0,harm
relevance,1,qwen2:72b,conservative,4.0,harm
relevance,1,qwen2:72b,conservative,4.0,harm
relevance,1,qwen2:72b,conservative,4.0,harm
relevance,1,qwen2:72b,conservative,4.0,harm
relevance,1,qwen2:72b,conservative,4.0,harm
relevance,1,qwen2:72b,conservative,4.0,harm
relevance,1,qwen2:72b,conservative,4.0,harm
relevance,1,qwen2:72b,conservative,4.0,harm
relevance,1,qwen2:72b,conservative,4.0,harm
relevance,1,qwen2:72b,conservative,4.0,harm
relevance,1,qwen2:72b,conservative,4.0,harm
relevance,1,qwen2:72b,conservative,4.0,harm
relevance,1,qwen2:72b,conservative,4.0,harm
relevance,1,qwen2:72b,conservative,4.0,harm
relevance,1,qwen2:72b,conservative,4.0,harm
relevance,1,qwen2:72b,conservative,4.0,harm
relevance,1,qwen2:72b,conservative,4.0,harm
relevance,1,qwen2:72b,conservative,4.0,harm
relevance,1,qwen2:72b,conservative,4.0,harm
relevance,1,qwen2:72b,conservative,4.0,harm
relevance,1,qwen2:72b,conservative,4.0,harm
relevance,1,qwen2:72b,conservative,4.0,harm
relevance,1,qwen2:72b,moderate,4.0,harm
relevance,1,qwen2:72b,moderate,4.0,harm
relevance,1,qwen2:72b,moderate,4.0,harm
relevance,1,qwen2:72b,moderate,4.0,harm
relevance,1,qwen2:72b,moderate,4.0,harm
relevance,1,qwen2:72b,moderate,4.0,harm
relevance,1,qwen2:72b,moderate,4.0,harm
relevance,1,qwen2:72b,moderate,4.0,harm
relevance,1,qwen2:72b,moderate,4.0,harm
relevance,1,qwen2:72b,moderate,4.0,harm
relevance,1,qwen2:72b,moderate,4.0,harm
relevance,1,qwen2:72b,moderate,4.0,harm
relevance,1,qwen2:72b,moderate,4.0,harm
relevance,1,qwen2:72b,moderate,4.0,harm
relevance,1,qwen2:72b,moderate,4.0,harm
relevance,1,qwen2:72b,moderate,4.0,harm
relevance,1,qwen2:72b,moderate,4.0,harm
relevance,1,qwen2:72b,moderate,4.0,harm
relevance,1,qwen2:72b,moderate,4.0,harm
relevance,1,qwen2:72b,moderate,4.0,harm
relevance,1,qwen2:72b,moderate,4.0,harm
relevance,1,qwen2:72b,moderate,4.0,harm
relevance,1,qwen2:72b,moderate,4.0,harm
relevance,1,qwen2:72b,moderate,4.0,harm
relevance,1,qwen2:72b,moderate,4.0,harm
relevance,1,qwen2:72b,moderate,4.0,harm
relevance,1,qwen2:72b,moderate,4.0,harm
relevance,1,qwen2:72b,moderate,4.0,harm
relevance,1,qwen2:72b,moderate,4.0,harm
relevance,1,qwen2:72b,moderate,4.0,harm
relevance,1,qwen2:72b,moderate,4.0,harm
relevance,1,qwen2:72b,moderate,4.0,harm
relevance,1,qwen2:72b,moderate,4.0,harm
relevance,1,qwen2:72b,moderate,4.0,harm
relevance,1,qwen2:72b,moderate,4.0,harm
relevance,1,qwen2:72b,moderate,4.0,harm
relevance,1,qwen2:72b,moderate,4.0,harm
relevance,1,qwen2:72b,moderate,4.0,harm
relevance,1,qwen2:72b,moderate,4.0,harm
relevance,1,qwen2:72b,moderate,4.0,harm
relevance,1,qwen2:72b,moderate,4.0,harm
relevance,1,qwen2:72b,moderate,4.0,harm
relevance,1,qwen2:72b,moderate,4.0,harm
relevance,1,qwen2:72b,moderate,4.0,harm
relevance,1,qwen2:72b,moderate,4.0,harm
relevance,1,qwen2:72b,moderate,4.0,harm
relevance,1,qwen2:72b,moderate,4.0,harm
relevance,1,qwen2:72b,moderate,4.0,harm
relevance,1,qwen2:72b,moderate,4.0,harm
relevance,1,qwen2:72b,moderate,4.0,harm
relevance,1,qwen2:72b,liberal,4.0,harm
relevance,1,qwen2:72b,liberal,4.0,harm
relevance,1,qwen2:72b,liberal,5.0,harm
relevance,1,qwen2:72b,liberal,5.0,harm
relevance,1,qwen2:72b,liberal,4.0,harm
relevance,1,qwen2:72b,liberal,4.0,harm
relevance,1,qwen2:72b,liberal,4.0,harm
relevance,1,qwen2:72b,liberal,4.0,harm
relevance,1,qwen2:72b,liberal,4.0,harm
relevance,1,qwen2:72b,liberal,4.0,harm
relevance,1,qwen2:72b,liberal,4.0,harm
relevance,1,qwen2:72b,liberal,5.0,harm
relevance,1,qwen2:72b,liberal,4.0,harm
relevance,1,qwen2:72b,liberal,5.0,harm
relevance,1,qwen2:72b,liberal,4.0,harm
relevance,1,qwen2:72b,liberal,4.0,harm
relevance,1,qwen2:72b,liberal,4.0,harm
relevance,1,qwen2:72b,liberal,5.0,harm
relevance,1,qwen2:72b,liberal,4.0,harm
relevance,1,qwen2:72b,liberal,4.0,harm
relevance,1,qwen2:72b,liberal,5.0,harm
relevance,1,qwen2:72b,liberal,4.0,harm
relevance,1,qwen2:72b,liberal,4.0,harm
relevance,1,qwen2:72b,liberal,4.0,harm
relevance,1,qwen2:72b,liberal,4.0,harm
relevance,1,qwen2:72b,liberal,4.0,harm
relevance,1,qwen2:72b,liberal,4.0,harm
relevance,1,qwen2:72b,liberal,4.0,harm
relevance,1,qwen2:72b,liberal,4.0,harm
relevance,1,qwen2:72b,liberal,4.0,harm
relevance,1,qwen2:72b,liberal,5.0,harm
relevance,1,qwen2:72b,liberal,4.0,harm
relevance,1,qwen2:72b,liberal,4.0,harm
relevance,1,qwen2:72b,liberal,4.0,harm
relevance,1,qwen2:72b,liberal,4.0,harm
relevance,1,qwen2:72b,liberal,4.0,harm
relevance,1,qwen2:72b,liberal,4.0,harm
relevance,1,qwen2:72b,liberal,4.0,harm
relevance,1,qwen2:72b,liberal,4.0,harm
relevance,1,qwen2:72b,liberal,4.0,harm
relevance,1,qwen2:72b,liberal,4.0,harm
relevance,1,qwen2:72b,liberal,4.0,harm
relevance,1,qwen2:72b,liberal,4.0,harm
relevance,1,qwen2:72b,liberal,5.0,harm
relevance,1,qwen2:72b,liberal,5.0,harm
relevance,1,qwen2:72b,liberal,5.0,harm
relevance,1,qwen2:72b,liberal,5.0,harm
relevance,1,qwen2:72b,liberal,4.0,harm
relevance,1,qwen2:72b,liberal,4.0,harm
relevance,1,qwen2:72b,liberal,4.0,harm
relevance,2,llama3.1:8b,conservative,5.0,fairness
relevance,2,llama3.1:8b,conservative,2.0,fairness
relevance,2,llama3.1:8b,conservative,4.0,fairness
relevance,2,llama3.1:8b,conservative,5.0,fairness
relevance,2,llama3.1:8b,conservative,4.0,fairness
relevance,2,llama3.1:8b,conservative,3.0,fairness
relevance,2,llama3.1:8b,conservative,2.0,fairness
relevance,2,llama3.1:8b,conservative,5.0,fairness
relevance,2,llama3.1:8b,conservative,4.0,fairness
relevance,2,llama3.1:8b,conservative,4.0,fairness
relevance,2,llama3.1:8b,conservative,5.0,fairness
relevance,2,llama3.1:8b,conservative,5.0,fairness
relevance,2,llama3.1:8b,conservative,4.0,fairness
relevance,2,llama3.1:8b,conservative,5.0,fairness
relevance,2,llama3.1:8b,conservative,4.0,fairness
relevance,2,llama3.1:8b,conservative,3.0,fairness
relevance,2,llama3.1:8b,conservative,4.0,fairness
relevance,2,llama3.1:8b,conservative,3.0,fairness
relevance,2,llama3.1:8b,conservative,4.0,fairness
relevance,2,llama3.1:8b,conservative,3.0,fairness
relevance,2,llama3.1:8b,conservative,5.0,fairness
relevance,2,llama3.1:8b,conservative,4.0,fairness
relevance,2,llama3.1:8b,conservative,4.0,fairness
relevance,2,llama3.1:8b,conservative,2.0,fairness
relevance,2,llama3.1:8b,conservative,4.0,fairness
relevance,2,llama3.1:8b,conservative,3.0,fairness
relevance,2,llama3.1:8b,conservative,3.0,fairness
relevance,2,llama3.1:8b,conservative,5.0,fairness
relevance,2,llama3.1:8b,conservative,4.0,fairness
relevance,2,llama3.1:8b,conservative,5.0,fairness
relevance,2,llama3.1:8b,conservative,3.0,fairness
relevance,2,llama3.1:8b,conservative,2.0,fairness
relevance,2,llama3.1:8b,conservative,5.0,fairness
relevance,2,llama3.1:8b,conservative,4.0,fairness
relevance,2,llama3.1:8b,conservative,4.0,fairness
relevance,2,llama3.1:8b,conservative,3.0,fairness
relevance,2,llama3.1:8b,conservative,5.0,fairness
relevance,2,llama3.1:8b,conservative,5.0,fairness
relevance,2,llama3.1:8b,conservative,5.0,fairness
relevance,2,llama3.1:8b,conservative,5.0,fairness
relevance,2,llama3.1:8b,conservative,4.0,fairness
relevance,2,llama3.1:8b,conservative,3.0,fairness
relevance,2,llama3.1:8b,conservative,4.0,fairness
relevance,2,llama3.1:8b,conservative,4.0,fairness
relevance,2,llama3.1:8b,conservative,4.0,fairness
relevance,2,llama3.1:8b,conservative,4.0,fairness
relevance,2,llama3.1:8b,conservative,4.0,fairness
relevance,2,llama3.1:8b,conservative,2.0,fairness
relevance,2,llama3.1:8b,conservative,4.0,fairness
relevance,2,llama3.1:8b,conservative,3.0,fairness
relevance,2,llama3.1:8b,moderate,4.0,fairness
relevance,2,llama3.1:8b,moderate,4.0,fairness
relevance,2,llama3.1:8b,moderate,5.0,fairness
relevance,2,llama3.1:8b,moderate,5.0,fairness
relevance,2,llama3.1:8b,moderate,3.0,fairness
relevance,2,llama3.1:8b,moderate,5.0,fairness
relevance,2,llama3.1:8b,moderate,4.0,fairness
relevance,2,llama3.1:8b,moderate,4.0,fairness
relevance,2,llama3.1:8b,moderate,3.0,fairness
relevance,2,llama3.1:8b,moderate,4.0,fairness
relevance,2,llama3.1:8b,moderate,4.0,fairness
relevance,2,llama3.1:8b,moderate,4.0,fairness
relevance,2,llama3.1:8b,moderate,4.0,fairness
relevance,2,llama3.1:8b,moderate,4.0,fairness
relevance,2,llama3.1:8b,moderate,4.0,fairness
relevance,2,llama3.1:8b,moderate,2.0,fairness
relevance,2,llama3.1:8b,moderate,4.0,fairness
relevance,2,llama3.1:8b,moderate,4.0,fairness
relevance,2,llama3.1:8b,moderate,3.0,fairness
relevance,2,llama3.1:8b,moderate,5.0,fairness
relevance,2,llama3.1:8b,moderate,3.0,fairness
relevance,2,llama3.1:8b,moderate,4.0,fairness
relevance,2,llama3.1:8b,moderate,3.0,fairness
relevance,2,llama3.1:8b,moderate,4.0,fairness
relevance,2,llama3.1:8b,moderate,3.0,fairness
relevance,2,llama3.1:8b,moderate,3.0,fairness
relevance,2,llama3.1:8b,moderate,2.0,fairness
relevance,2,llama3.1:8b,moderate,3.0,fairness
relevance,2,llama3.1:8b,moderate,3.0,fairness
relevance,2,llama3.1:8b,moderate,3.0,fairness
relevance,2,llama3.1:8b,moderate,4.0,fairness
relevance,2,llama3.1:8b,moderate,2.0,fairness
relevance,2,llama3.1:8b,moderate,4.0,fairness
relevance,2,llama3.1:8b,moderate,3.0,fairness
relevance,2,llama3.1:8b,moderate,4.0,fairness
relevance,2,llama3.1:8b,moderate,5.0,fairness
relevance,2,llama3.1:8b,moderate,5.0,fairness
relevance,2,llama3.1:8b,moderate,3.0,fairness
relevance,2,llama3.1:8b,moderate,3.0,fairness
relevance,2,llama3.1:8b,moderate,4.0,fairness
relevance,2,llama3.1:8b,moderate,4.0,fairness
relevance,2,llama3.1:8b,moderate,4.0,fairness
relevance,2,llama3.1:8b,moderate,5.0,fairness
relevance,2,llama3.1:8b,moderate,3.0,fairness
relevance,2,llama3.1:8b,moderate,3.0,fairness
relevance,2,llama3.1:8b,moderate,5.0,fairness
relevance,2,llama3.1:8b,moderate,5.0,fairness
relevance,2,llama3.1:8b,moderate,4.0,fairness
relevance,2,llama3.1:8b,moderate,4.0,fairness
relevance,2,llama3.1:8b,moderate,3.0,fairness
relevance,2,llama3.1:8b,liberal,5.0,fairness
relevance,2,llama3.1:8b,liberal,5.0,fairness
relevance,2,llama3.1:8b,liberal,4.0,fairness
relevance,2,llama3.1:8b,liberal,5.0,fairness
relevance,2,llama3.1:8b,liberal,5.0,fairness
relevance,2,llama3.1:8b,liberal,5.0,fairness
relevance,2,llama3.1:8b,liberal,5.0,fairness
relevance,2,llama3.1:8b,liberal,4.0,fairness
relevance,2,llama3.1:8b,liberal,4.0,fairness
relevance,2,llama3.1:8b,liberal,5.0,fairness
relevance,2,llama3.1:8b,liberal,4.0,fairness
relevance,2,llama3.1:8b,liberal,4.0,fairness
relevance,2,llama3.1:8b,liberal,5.0,fairness
relevance,2,llama3.1:8b,liberal,4.0,fairness
relevance,2,llama3.1:8b,liberal,4.0,fairness
relevance,2,llama3.1:8b,liberal,4.0,fairness
relevance,2,llama3.1:8b,liberal,4.0,fairness
relevance,2,llama3.1:8b,liberal,4.0,fairness
relevance,2,llama3.1:8b,liberal,5.0,fairness
relevance,2,llama3.1:8b,liberal,5.0,fairness
relevance,2,llama3.1:8b,liberal,5.0,fairness
relevance,2,llama3.1:8b,liberal,4.0,fairness
relevance,2,llama3.1:8b,liberal,4.0,fairness
relevance,2,llama3.1:8b,liberal,4.0,fairness
relevance,2,llama3.1:8b,liberal,4.0,fairness
relevance,2,llama3.1:8b,liberal,5.0,fairness
relevance,2,llama3.1:8b,liberal,4.0,fairness
relevance,2,llama3.1:8b,liberal,5.0,fairness
relevance,2,llama3.1:8b,liberal,5.0,fairness
relevance,2,llama3.1:8b,liberal,4.0,fairness
relevance,2,llama3.1:8b,liberal,4.0,fairness
relevance,2,llama3.1:8b,liberal,5.0,fairness
relevance,2,llama3.1:8b,liberal,4.0,fairness
relevance,2,llama3.1:8b,liberal,5.0,fairness
relevance,2,llama3.1:8b,liberal,5.0,fairness
relevance,2,llama3.1:8b,liberal,4.0,fairness
relevance,2,llama3.1:8b,liberal,5.0,fairness
relevance,2,llama3.1:8b,liberal,4.0,fairness
relevance,2,llama3.1:8b,liberal,5.0,fairness
relevance,2,llama3.1:8b,liberal,4.0,fairness
relevance,2,llama3.1:8b,liberal,4.0,fairness
relevance,2,llama3.1:8b,liberal,5.0,fairness
relevance,2,llama3.1:8b,liberal,5.0,fairness
relevance,2,llama3.1:8b,liberal,5.0,fairness
relevance,2,llama3.1:8b,liberal,4.0,fairness
relevance,2,llama3.1:8b,liberal,5.0,fairness
relevance,2,llama3.1:8b,liberal,5.0,fairness
relevance,2,llama3.1:8b,liberal,4.0,fairness
relevance,2,llama3.1:8b,liberal,5.0,fairness
relevance,2,llama3.1:8b,liberal,4.0,fairness
relevance,2,llama2:70b,conservative,3.0,fairness
relevance,2,llama2:70b,conservative,3.0,fairness
relevance,2,llama2:70b,conservative,3.0,fairness
relevance,2,llama2:70b,conservative,3.0,fairness
relevance,2,llama2:70b,conservative,2.0,fairness
relevance,2,llama2:70b,conservative,3.0,fairness
relevance,2,llama2:70b,conservative,2.0,fairness
relevance,2,llama2:70b,conservative,3.0,fairness
relevance,2,llama2:70b,conservative,3.0,fairness
relevance,2,llama2:70b,conservative,3.0,fairness
relevance,2,llama2:70b,conservative,2.0,fairness
relevance,2,llama2:70b,conservative,3.0,fairness
relevance,2,llama2:70b,conservative,3.0,fairness
relevance,2,llama2:70b,conservative,3.0,fairness
relevance,2,llama2:70b,conservative,2.0,fairness
relevance,2,llama2:70b,conservative,3.0,fairness
relevance,2,llama2:70b,conservative,4.0,fairness
relevance,2,llama2:70b,conservative,3.0,fairness
relevance,2,llama2:70b,conservative,2.0,fairness
relevance,2,llama2:70b,conservative,3.0,fairness
relevance,2,llama2:70b,conservative,3.0,fairness
relevance,2,llama2:70b,conservative,3.0,fairness
relevance,2,llama2:70b,conservative,4.0,fairness
relevance,2,llama2:70b,conservative,3.0,fairness
relevance,2,llama2:70b,conservative,3.0,fairness
relevance,2,llama2:70b,conservative,2.0,fairness
relevance,2,llama2:70b,conservative,3.0,fairness
relevance,2,llama2:70b,conservative,3.0,fairness
relevance,2,llama2:70b,conservative,3.0,fairness
relevance,2,llama2:70b,conservative,3.0,fairness
relevance,2,llama2:70b,conservative,3.0,fairness
relevance,2,llama2:70b,conservative,3.0,fairness
relevance,2,llama2:70b,conservative,2.0,fairness
relevance,2,llama2:70b,conservative,2.0,fairness
relevance,2,llama2:70b,conservative,3.0,fairness
relevance,2,llama2:70b,conservative,3.0,fairness
relevance,2,llama2:70b,conservative,3.0,fairness
relevance,2,llama2:70b,conservative,3.0,fairness
relevance,2,llama2:70b,conservative,2.0,fairness
relevance,2,llama2:70b,conservative,2.0,fairness
relevance,2,llama2:70b,conservative,3.0,fairness
relevance,2,llama2:70b,conservative,2.0,fairness
relevance,2,llama2:70b,conservative,3.0,fairness
relevance,2,llama2:70b,conservative,3.0,fairness
relevance,2,llama2:70b,conservative,3.0,fairness
relevance,2,llama2:70b,conservative,4.0,fairness
relevance,2,llama2:70b,conservative,3.0,fairness
relevance,2,llama2:70b,conservative,3.0,fairness
relevance,2,llama2:70b,conservative,2.0,fairness
relevance,2,llama2:70b,moderate,3.0,fairness
relevance,2,llama2:70b,moderate,3.0,fairness
relevance,2,llama2:70b,moderate,3.0,fairness
relevance,2,llama2:70b,moderate,3.0,fairness
relevance,2,llama2:70b,moderate,3.0,fairness
relevance,2,llama2:70b,moderate,3.0,fairness
relevance,2,llama2:70b,moderate,3.0,fairness
relevance,2,llama2:70b,moderate,3.0,fairness
relevance,2,llama2:70b,moderate,3.0,fairness
relevance,2,llama2:70b,moderate,2.0,fairness
relevance,2,llama2:70b,moderate,3.0,fairness
relevance,2,llama2:70b,moderate,3.0,fairness
relevance,2,llama2:70b,moderate,3.0,fairness
relevance,2,llama2:70b,moderate,3.0,fairness
relevance,2,llama2:70b,moderate,3.0,fairness
relevance,2,llama2:70b,moderate,3.0,fairness
relevance,2,llama2:70b,moderate,3.0,fairness
relevance,2,llama2:70b,moderate,3.0,fairness
relevance,2,llama2:70b,moderate,3.0,fairness
relevance,2,llama2:70b,moderate,3.0,fairness
relevance,2,llama2:70b,moderate,3.0,fairness
relevance,2,llama2:70b,moderate,3.0,fairness
relevance,2,llama2:70b,moderate,3.0,fairness
relevance,2,llama2:70b,moderate,3.0,fairness
relevance,2,llama2:70b,moderate,3.0,fairness
relevance,2,llama2:70b,moderate,3.0,fairness
relevance,2,llama2:70b,moderate,3.0,fairness
relevance,2,llama2:70b,moderate,3.0,fairness
relevance,2,llama2:70b,moderate,3.0,fairness
relevance,2,llama2:70b,moderate,3.0,fairness
relevance,2,llama2:70b,moderate,3.0,fairness
relevance,2,llama2:70b,moderate,3.0,fairness
relevance,2,llama2:70b,moderate,3.0,fairness
relevance,2,llama2:70b,moderate,3.0,fairness
relevance,2,llama2:70b,moderate,3.0,fairness
relevance,2,llama2:70b,moderate,3.0,fairness
relevance,2,llama2:70b,moderate,3.0,fairness
relevance,2,llama2:70b,moderate,3.0,fairness
relevance,2,llama2:70b,moderate,3.0,fairness
relevance,2,llama2:70b,moderate,3.0,fairness
relevance,2,llama2:70b,moderate,3.0,fairness
relevance,2,llama2:70b,moderate,3.0,fairness
relevance,2,llama2:70b,moderate,3.0,fairness
relevance,2,llama2:70b,moderate,2.0,fairness
relevance,2,llama2:70b,moderate,3.0,fairness
relevance,2,llama2:70b,moderate,3.0,fairness
relevance,2,llama2:70b,moderate,3.0,fairness
relevance,2,llama2:70b,moderate,3.0,fairness
relevance,2,llama2:70b,moderate,3.0,fairness
relevance,2,llama2:70b,moderate,3.0,fairness
relevance,2,llama2:70b,liberal,4.0,fairness
relevance,2,llama2:70b,liberal,3.0,fairness
relevance,2,llama2:70b,liberal,3.0,fairness
relevance,2,llama2:70b,liberal,4.0,fairness
relevance,2,llama2:70b,liberal,3.0,fairness
relevance,2,llama2:70b,liberal,3.0,fairness
relevance,2,llama2:70b,liberal,3.0,fairness
relevance,2,llama2:70b,liberal,3.0,fairness
relevance,2,llama2:70b,liberal,4.0,fairness
relevance,2,llama2:70b,liberal,3.0,fairness
relevance,2,llama2:70b,liberal,3.0,fairness
relevance,2,llama2:70b,liberal,3.0,fairness
relevance,2,llama2:70b,liberal,3.0,fairness
relevance,2,llama2:70b,liberal,4.0,fairness
relevance,2,llama2:70b,liberal,4.0,fairness
relevance,2,llama2:70b,liberal,4.0,fairness
relevance,2,llama2:70b,liberal,3.0,fairness
relevance,2,llama2:70b,liberal,3.0,fairness
relevance,2,llama2:70b,liberal,3.0,fairness
relevance,2,llama2:70b,liberal,3.0,fairness
relevance,2,llama2:70b,liberal,3.0,fairness
relevance,2,llama2:70b,liberal,3.0,fairness
relevance,2,llama2:70b,liberal,3.0,fairness
relevance,2,llama2:70b,liberal,4.0,fairness
relevance,2,llama2:70b,liberal,4.0,fairness
relevance,2,llama2:70b,liberal,3.0,fairness
relevance,2,llama2:70b,liberal,3.0,fairness
relevance,2,llama2:70b,liberal,3.0,fairness
relevance,2,llama2:70b,liberal,3.0,fairness
relevance,2,llama2:70b,liberal,3.0,fairness
relevance,2,llama2:70b,liberal,4.0,fairness
relevance,2,llama2:70b,liberal,3.0,fairness
relevance,2,llama2:70b,liberal,3.0,fairness
relevance,2,llama2:70b,liberal,3.0,fairness
relevance,2,llama2:70b,liberal,3.0,fairness
relevance,2,llama2:70b,liberal,3.0,fairness
relevance,2,llama2:70b,liberal,4.0,fairness
relevance,2,llama2:70b,liberal,3.0,fairness
relevance,2,llama2:70b,liberal,4.0,fairness
relevance,2,llama2:70b,liberal,4.0,fairness
relevance,2,llama2:70b,liberal,3.0,fairness
relevance,2,llama2:70b,liberal,3.0,fairness
relevance,2,llama2:70b,liberal,3.0,fairness
relevance,2,llama2:70b,liberal,3.0,fairness
relevance,2,llama2:70b,liberal,4.0,fairness
relevance,2,llama2:70b,liberal,3.0,fairness
relevance,2,llama2:70b,liberal,3.0,fairness
relevance,2,llama2:70b,liberal,4.0,fairness
relevance,2,llama2:70b,liberal,4.0,fairness
relevance,2,llama2:70b,liberal,4.0,fairness
relevance,2,llama3:70b,conservative,5.0,fairness
relevance,2,llama3:70b,conservative,5.0,fairness
relevance,2,llama3:70b,conservative,5.0,fairness
relevance,2,llama3:70b,conservative,5.0,fairness
relevance,2,llama3:70b,conservative,5.0,fairness
relevance,2,llama3:70b,conservative,5.0,fairness
relevance,2,llama3:70b,conservative,5.0,fairness
relevance,2,llama3:70b,conservative,5.0,fairness
relevance,2,llama3:70b,conservative,5.0,fairness
relevance,2,llama3:70b,conservative,5.0,fairness
relevance,2,llama3:70b,conservative,5.0,fairness
relevance,2,llama3:70b,conservative,5.0,fairness
relevance,2,llama3:70b,conservative,5.0,fairness
relevance,2,llama3:70b,conservative,5.0,fairness
relevance,2,llama3:70b,conservative,5.0,fairness
relevance,2,llama3:70b,conservative,5.0,fairness
relevance,2,llama3:70b,conservative,5.0,fairness
relevance,2,llama3:70b,conservative,5.0,fairness
relevance,2,llama3:70b,conservative,5.0,fairness
relevance,2,llama3:70b,conservative,4.0,fairness
relevance,2,llama3:70b,conservative,5.0,fairness
relevance,2,llama3:70b,conservative,5.0,fairness
relevance,2,llama3:70b,conservative,5.0,fairness
relevance,2,llama3:70b,conservative,4.0,fairness
relevance,2,llama3:70b,conservative,5.0,fairness
relevance,2,llama3:70b,conservative,5.0,fairness
relevance,2,llama3:70b,conservative,5.0,fairness
relevance,2,llama3:70b,conservative,5.0,fairness
relevance,2,llama3:70b,conservative,5.0,fairness
relevance,2,llama3:70b,conservative,5.0,fairness
relevance,2,llama3:70b,conservative,4.0,fairness
relevance,2,llama3:70b,conservative,5.0,fairness
relevance,2,llama3:70b,conservative,5.0,fairness
relevance,2,llama3:70b,conservative,5.0,fairness
relevance,2,llama3:70b,conservative,5.0,fairness
relevance,2,llama3:70b,conservative,5.0,fairness
relevance,2,llama3:70b,conservative,5.0,fairness
relevance,2,llama3:70b,conservative,5.0,fairness
relevance,2,llama3:70b,conservative,4.0,fairness
relevance,2,llama3:70b,conservative,4.0,fairness
relevance,2,llama3:70b,conservative,5.0,fairness
relevance,2,llama3:70b,conservative,5.0,fairness
relevance,2,llama3:70b,conservative,4.0,fairness
relevance,2,llama3:70b,conservative,5.0,fairness
relevance,2,llama3:70b,conservative,5.0,fairness
relevance,2,llama3:70b,conservative,5.0,fairness
relevance,2,llama3:70b,conservative,5.0,fairness
relevance,2,llama3:70b,conservative,5.0,fairness
relevance,2,llama3:70b,conservative,5.0,fairness
relevance,2,llama3:70b,conservative,5.0,fairness
relevance,2,llama3:70b,moderate,3.0,fairness
relevance,2,llama3:70b,moderate,3.0,fairness
relevance,2,llama3:70b,moderate,3.0,fairness
relevance,2,llama3:70b,moderate,3.0,fairness
relevance,2,llama3:70b,moderate,3.0,fairness
relevance,2,llama3:70b,moderate,3.0,fairness
relevance,2,llama3:70b,moderate,3.0,fairness
relevance,2,llama3:70b,moderate,3.0,fairness
relevance,2,llama3:70b,moderate,3.0,fairness
relevance,2,llama3:70b,moderate,5.0,fairness
relevance,2,llama3:70b,moderate,4.0,fairness
relevance,2,llama3:70b,moderate,4.0,fairness
relevance,2,llama3:70b,moderate,4.0,fairness
relevance,2,llama3:70b,moderate,5.0,fairness
relevance,2,llama3:70b,moderate,3.0,fairness
relevance,2,llama3:70b,moderate,3.0,fairness
relevance,2,llama3:70b,moderate,3.0,fairness
relevance,2,llama3:70b,moderate,3.0,fairness
relevance,2,llama3:70b,moderate,4.0,fairness
relevance,2,llama3:70b,moderate,4.0,fairness
relevance,2,llama3:70b,moderate,4.0,fairness
relevance,2,llama3:70b,moderate,4.0,fairness
relevance,2,llama3:70b,moderate,3.0,fairness
relevance,2,llama3:70b,moderate,3.0,fairness
relevance,2,llama3:70b,moderate,3.0,fairness
relevance,2,llama3:70b,moderate,3.0,fairness
relevance,2,llama3:70b,moderate,3.0,fairness
relevance,2,llama3:70b,moderate,4.0,fairness
relevance,2,llama3:70b,moderate,3.0,fairness
relevance,2,llama3:70b,moderate,4.0,fairness
relevance,2,llama3:70b,moderate,3.0,fairness
relevance,2,llama3:70b,moderate,3.0,fairness
relevance,2,llama3:70b,moderate,3.0,fairness
relevance,2,llama3:70b,moderate,5.0,fairness
relevance,2,llama3:70b,moderate,3.0,fairness
relevance,2,llama3:70b,moderate,3.0,fairness
relevance,2,llama3:70b,moderate,4.0,fairness
relevance,2,llama3:70b,moderate,3.0,fairness
relevance,2,llama3:70b,moderate,3.0,fairness
relevance,2,llama3:70b,moderate,3.0,fairness
relevance,2,llama3:70b,moderate,4.0,fairness
relevance,2,llama3:70b,moderate,3.0,fairness
relevance,2,llama3:70b,moderate,4.0,fairness
relevance,2,llama3:70b,moderate,3.0,fairness
relevance,2,llama3:70b,moderate,3.0,fairness
relevance,2,llama3:70b,moderate,3.0,fairness
relevance,2,llama3:70b,moderate,3.0,fairness
relevance,2,llama3:70b,moderate,3.0,fairness
relevance,2,llama3:70b,moderate,3.0,fairness
relevance,2,llama3:70b,moderate,3.0,fairness
relevance,2,llama3:70b,liberal,5.0,fairness
relevance,2,llama3:70b,liberal,5.0,fairness
relevance,2,llama3:70b,liberal,5.0,fairness
relevance,2,llama3:70b,liberal,5.0,fairness
relevance,2,llama3:70b,liberal,5.0,fairness
relevance,2,llama3:70b,liberal,5.0,fairness
relevance,2,llama3:70b,liberal,5.0,fairness
relevance,2,llama3:70b,liberal,5.0,fairness
relevance,2,llama3:70b,liberal,5.0,fairness
relevance,2,llama3:70b,liberal,5.0,fairness
relevance,2,llama3:70b,liberal,5.0,fairness
relevance,2,llama3:70b,liberal,5.0,fairness
relevance,2,llama3:70b,liberal,5.0,fairness
relevance,2,llama3:70b,liberal,5.0,fairness
relevance,2,llama3:70b,liberal,5.0,fairness
relevance,2,llama3:70b,liberal,5.0,fairness
relevance,2,llama3:70b,liberal,5.0,fairness
relevance,2,llama3:70b,liberal,5.0,fairness
relevance,2,llama3:70b,liberal,5.0,fairness
relevance,2,llama3:70b,liberal,5.0,fairness
relevance,2,llama3:70b,liberal,5.0,fairness
relevance,2,llama3:70b,liberal,5.0,fairness
relevance,2,llama3:70b,liberal,5.0,fairness
relevance,2,llama3:70b,liberal,5.0,fairness
relevance,2,llama3:70b,liberal,5.0,fairness
relevance,2,llama3:70b,liberal,5.0,fairness
relevance,2,llama3:70b,liberal,5.0,fairness
relevance,2,llama3:70b,liberal,5.0,fairness
relevance,2,llama3:70b,liberal,5.0,fairness
relevance,2,llama3:70b,liberal,5.0,fairness
relevance,2,llama3:70b,liberal,5.0,fairness
relevance,2,llama3:70b,liberal,5.0,fairness
relevance,2,llama3:70b,liberal,5.0,fairness
relevance,2,llama3:70b,liberal,5.0,fairness
relevance,2,llama3:70b,liberal,5.0,fairness
relevance,2,llama3:70b,liberal,5.0,fairness
relevance,2,llama3:70b,liberal,5.0,fairness
relevance,2,llama3:70b,liberal,5.0,fairness
relevance,2,llama3:70b,liberal,5.0,fairness
relevance,2,llama3:70b,liberal,5.0,fairness
relevance,2,llama3:70b,liberal,5.0,fairness
relevance,2,llama3:70b,liberal,5.0,fairness
relevance,2,llama3:70b,liberal,5.0,fairness
relevance,2,llama3:70b,liberal,5.0,fairness
relevance,2,llama3:70b,liberal,5.0,fairness
relevance,2,llama3:70b,liberal,5.0,fairness
relevance,2,llama3:70b,liberal,5.0,fairness
relevance,2,llama3:70b,liberal,5.0,fairness
relevance,2,llama3:70b,liberal,5.0,fairness
relevance,2,llama3:70b,liberal,5.0,fairness
relevance,2,llama3.1:70b,conservative,4.0,fairness
relevance,2,llama3.1:70b,conservative,5.0,fairness
relevance,2,llama3.1:70b,conservative,5.0,fairness
relevance,2,llama3.1:70b,conservative,5.0,fairness
relevance,2,llama3.1:70b,conservative,5.0,fairness
relevance,2,llama3.1:70b,conservative,4.0,fairness
relevance,2,llama3.1:70b,conservative,4.0,fairness
relevance,2,llama3.1:70b,conservative,5.0,fairness
relevance,2,llama3.1:70b,conservative,4.0,fairness
relevance,2,llama3.1:70b,conservative,4.0,fairness
relevance,2,llama3.1:70b,conservative,4.0,fairness
relevance,2,llama3.1:70b,conservative,4.0,fairness
relevance,2,llama3.1:70b,conservative,5.0,fairness
relevance,2,llama3.1:70b,conservative,5.0,fairness
relevance,2,llama3.1:70b,conservative,3.0,fairness
relevance,2,llama3.1:70b,conservative,3.0,fairness
relevance,2,llama3.1:70b,conservative,4.0,fairness
relevance,2,llama3.1:70b,conservative,5.0,fairness
relevance,2,llama3.1:70b,conservative,5.0,fairness
relevance,2,llama3.1:70b,conservative,4.0,fairness
relevance,2,llama3.1:70b,conservative,4.0,fairness
relevance,2,llama3.1:70b,conservative,4.0,fairness
relevance,2,llama3.1:70b,conservative,5.0,fairness
relevance,2,llama3.1:70b,conservative,4.0,fairness
relevance,2,llama3.1:70b,conservative,5.0,fairness
relevance,2,llama3.1:70b,conservative,4.0,fairness
relevance,2,llama3.1:70b,conservative,5.0,fairness
relevance,2,llama3.1:70b,conservative,5.0,fairness
relevance,2,llama3.1:70b,conservative,5.0,fairness
relevance,2,llama3.1:70b,conservative,5.0,fairness
relevance,2,llama3.1:70b,conservative,4.0,fairness
relevance,2,llama3.1:70b,conservative,4.0,fairness
relevance,2,llama3.1:70b,conservative,5.0,fairness
relevance,2,llama3.1:70b,conservative,3.0,fairness
relevance,2,llama3.1:70b,conservative,5.0,fairness
relevance,2,llama3.1:70b,conservative,5.0,fairness
relevance,2,llama3.1:70b,conservative,3.0,fairness
relevance,2,llama3.1:70b,conservative,4.0,fairness
relevance,2,llama3.1:70b,conservative,3.0,fairness
relevance,2,llama3.1:70b,conservative,4.0,fairness
relevance,2,llama3.1:70b,conservative,4.0,fairness
relevance,2,llama3.1:70b,conservative,4.0,fairness
relevance,2,llama3.1:70b,conservative,4.0,fairness
relevance,2,llama3.1:70b,conservative,5.0,fairness
relevance,2,llama3.1:70b,conservative,5.0,fairness
relevance,2,llama3.1:70b,conservative,4.0,fairness
relevance,2,llama3.1:70b,conservative,4.0,fairness
relevance,2,llama3.1:70b,conservative,5.0,fairness
relevance,2,llama3.1:70b,conservative,4.0,fairness
relevance,2,llama3.1:70b,conservative,5.0,fairness
relevance,2,llama3.1:70b,moderate,4.0,fairness
relevance,2,llama3.1:70b,moderate,4.0,fairness
relevance,2,llama3.1:70b,moderate,5.0,fairness
relevance,2,llama3.1:70b,moderate,4.0,fairness
relevance,2,llama3.1:70b,moderate,4.0,fairness
relevance,2,llama3.1:70b,moderate,4.0,fairness
relevance,2,llama3.1:70b,moderate,4.0,fairness
relevance,2,llama3.1:70b,moderate,5.0,fairness
relevance,2,llama3.1:70b,moderate,4.0,fairness
relevance,2,llama3.1:70b,moderate,5.0,fairness
relevance,2,llama3.1:70b,moderate,5.0,fairness
relevance,2,llama3.1:70b,moderate,5.0,fairness
relevance,2,llama3.1:70b,moderate,5.0,fairness
relevance,2,llama3.1:70b,moderate,5.0,fairness
relevance,2,llama3.1:70b,moderate,5.0,fairness
relevance,2,llama3.1:70b,moderate,4.0,fairness
relevance,2,llama3.1:70b,moderate,4.0,fairness
relevance,2,llama3.1:70b,moderate,5.0,fairness
relevance,2,llama3.1:70b,moderate,5.0,fairness
relevance,2,llama3.1:70b,moderate,5.0,fairness
relevance,2,llama3.1:70b,moderate,5.0,fairness
relevance,2,llama3.1:70b,moderate,5.0,fairness
relevance,2,llama3.1:70b,moderate,5.0,fairness
relevance,2,llama3.1:70b,moderate,4.0,fairness
relevance,2,llama3.1:70b,moderate,4.0,fairness
relevance,2,llama3.1:70b,moderate,5.0,fairness
relevance,2,llama3.1:70b,moderate,5.0,fairness
relevance,2,llama3.1:70b,moderate,4.0,fairness
relevance,2,llama3.1:70b,moderate,5.0,fairness
relevance,2,llama3.1:70b,moderate,4.0,fairness
relevance,2,llama3.1:70b,moderate,4.0,fairness
relevance,2,llama3.1:70b,moderate,5.0,fairness
relevance,2,llama3.1:70b,moderate,4.0,fairness
relevance,2,llama3.1:70b,moderate,5.0,fairness
relevance,2,llama3.1:70b,moderate,5.0,fairness
relevance,2,llama3.1:70b,moderate,5.0,fairness
relevance,2,llama3.1:70b,moderate,4.0,fairness
relevance,2,llama3.1:70b,moderate,5.0,fairness
relevance,2,llama3.1:70b,moderate,5.0,fairness
relevance,2,llama3.1:70b,moderate,4.0,fairness
relevance,2,llama3.1:70b,moderate,4.0,fairness
relevance,2,llama3.1:70b,moderate,4.0,fairness
relevance,2,llama3.1:70b,moderate,4.0,fairness
relevance,2,llama3.1:70b,moderate,5.0,fairness
relevance,2,llama3.1:70b,moderate,5.0,fairness
relevance,2,llama3.1:70b,moderate,5.0,fairness
relevance,2,llama3.1:70b,moderate,4.0,fairness
relevance,2,llama3.1:70b,moderate,4.0,fairness
relevance,2,llama3.1:70b,moderate,5.0,fairness
relevance,2,llama3.1:70b,moderate,5.0,fairness
relevance,2,llama3.1:70b,liberal,5.0,fairness
relevance,2,llama3.1:70b,liberal,5.0,fairness
relevance,2,llama3.1:70b,liberal,5.0,fairness
relevance,2,llama3.1:70b,liberal,5.0,fairness
relevance,2,llama3.1:70b,liberal,5.0,fairness
relevance,2,llama3.1:70b,liberal,5.0,fairness
relevance,2,llama3.1:70b,liberal,5.0,fairness
relevance,2,llama3.1:70b,liberal,5.0,fairness
relevance,2,llama3.1:70b,liberal,5.0,fairness
relevance,2,llama3.1:70b,liberal,5.0,fairness
relevance,2,llama3.1:70b,liberal,5.0,fairness
relevance,2,llama3.1:70b,liberal,5.0,fairness
relevance,2,llama3.1:70b,liberal,5.0,fairness
relevance,2,llama3.1:70b,liberal,5.0,fairness
relevance,2,llama3.1:70b,liberal,5.0,fairness
relevance,2,llama3.1:70b,liberal,5.0,fairness
relevance,2,llama3.1:70b,liberal,5.0,fairness
relevance,2,llama3.1:70b,liberal,5.0,fairness
relevance,2,llama3.1:70b,liberal,5.0,fairness
relevance,2,llama3.1:70b,liberal,5.0,fairness
relevance,2,llama3.1:70b,liberal,5.0,fairness
relevance,2,llama3.1:70b,liberal,5.0,fairness
relevance,2,llama3.1:70b,liberal,5.0,fairness
relevance,2,llama3.1:70b,liberal,5.0,fairness
relevance,2,llama3.1:70b,liberal,4.0,fairness
relevance,2,llama3.1:70b,liberal,5.0,fairness
relevance,2,llama3.1:70b,liberal,5.0,fairness
relevance,2,llama3.1:70b,liberal,5.0,fairness
relevance,2,llama3.1:70b,liberal,5.0,fairness
relevance,2,llama3.1:70b,liberal,5.0,fairness
relevance,2,llama3.1:70b,liberal,5.0,fairness
relevance,2,llama3.1:70b,liberal,5.0,fairness
relevance,2,llama3.1:70b,liberal,5.0,fairness
relevance,2,llama3.1:70b,liberal,5.0,fairness
relevance,2,llama3.1:70b,liberal,5.0,fairness
relevance,2,llama3.1:70b,liberal,5.0,fairness
relevance,2,llama3.1:70b,liberal,5.0,fairness
relevance,2,llama3.1:70b,liberal,5.0,fairness
relevance,2,llama3.1:70b,liberal,5.0,fairness
relevance,2,llama3.1:70b,liberal,5.0,fairness
relevance,2,llama3.1:70b,liberal,5.0,fairness
relevance,2,llama3.1:70b,liberal,4.0,fairness
relevance,2,llama3.1:70b,liberal,5.0,fairness
relevance,2,llama3.1:70b,liberal,5.0,fairness
relevance,2,llama3.1:70b,liberal,5.0,fairness
relevance,2,llama3.1:70b,liberal,4.0,fairness
relevance,2,llama3.1:70b,liberal,4.0,fairness
relevance,2,llama3.1:70b,liberal,5.0,fairness
relevance,2,llama3.1:70b,liberal,5.0,fairness
relevance,2,llama3.1:70b,liberal,5.0,fairness
relevance,2,mistral:7b,conservative,3.0,fairness
relevance,2,mistral:7b,conservative,3.0,fairness
relevance,2,mistral:7b,conservative,3.0,fairness
relevance,2,mistral:7b,conservative,3.0,fairness
relevance,2,mistral:7b,conservative,3.0,fairness
relevance,2,mistral:7b,conservative,3.0,fairness
relevance,2,mistral:7b,conservative,2.0,fairness
relevance,2,mistral:7b,conservative,3.0,fairness
relevance,2,mistral:7b,conservative,3.0,fairness
relevance,2,mistral:7b,conservative,0.0,fairness
relevance,2,mistral:7b,conservative,3.0,fairness
relevance,2,mistral:7b,conservative,3.0,fairness
relevance,2,mistral:7b,conservative,3.0,fairness
relevance,2,mistral:7b,conservative,1.0,fairness
relevance,2,mistral:7b,conservative,3.0,fairness
relevance,2,mistral:7b,conservative,3.0,fairness
relevance,2,mistral:7b,conservative,3.0,fairness
relevance,2,mistral:7b,conservative,3.0,fairness
relevance,2,mistral:7b,conservative,3.0,fairness
relevance,2,mistral:7b,conservative,4.0,fairness
relevance,2,mistral:7b,conservative,0.0,fairness
relevance,2,mistral:7b,conservative,3.0,fairness
relevance,2,mistral:7b,conservative,0.0,fairness
relevance,2,mistral:7b,conservative,3.0,fairness
relevance,2,mistral:7b,conservative,3.0,fairness
relevance,2,mistral:7b,conservative,3.0,fairness
relevance,2,mistral:7b,conservative,3.0,fairness
relevance,2,mistral:7b,conservative,3.0,fairness
relevance,2,mistral:7b,conservative,3.0,fairness
relevance,2,mistral:7b,conservative,3.0,fairness
relevance,2,mistral:7b,conservative,3.0,fairness
relevance,2,mistral:7b,conservative,3.0,fairness
relevance,2,mistral:7b,conservative,3.0,fairness
relevance,2,mistral:7b,conservative,2.0,fairness
relevance,2,mistral:7b,conservative,3.0,fairness
relevance,2,mistral:7b,conservative,3.0,fairness
relevance,2,mistral:7b,conservative,3.0,fairness
relevance,2,mistral:7b,conservative,3.0,fairness
relevance,2,mistral:7b,conservative,0.0,fairness
relevance,2,mistral:7b,conservative,2.0,fairness
relevance,2,mistral:7b,conservative,2.0,fairness
relevance,2,mistral:7b,conservative,3.0,fairness
relevance,2,mistral:7b,conservative,3.0,fairness
relevance,2,mistral:7b,conservative,3.0,fairness
relevance,2,mistral:7b,conservative,3.0,fairness
relevance,2,mistral:7b,conservative,2.0,fairness
relevance,2,mistral:7b,conservative,3.0,fairness
relevance,2,mistral:7b,moderate,3.0,fairness
relevance,2,mistral:7b,moderate,3.0,fairness
relevance,2,mistral:7b,moderate,3.0,fairness
relevance,2,mistral:7b,moderate,3.0,fairness
relevance,2,mistral:7b,moderate,3.0,fairness
relevance,2,mistral:7b,moderate,3.0,fairness
relevance,2,mistral:7b,moderate,3.0,fairness
relevance,2,mistral:7b,moderate,3.0,fairness
relevance,2,mistral:7b,moderate,3.0,fairness
relevance,2,mistral:7b,moderate,3.0,fairness
relevance,2,mistral:7b,moderate,4.0,fairness
relevance,2,mistral:7b,moderate,3.0,fairness
relevance,2,mistral:7b,moderate,3.0,fairness
relevance,2,mistral:7b,moderate,3.0,fairness
relevance,2,mistral:7b,moderate,3.0,fairness
relevance,2,mistral:7b,moderate,3.0,fairness
relevance,2,mistral:7b,moderate,3.0,fairness
relevance,2,mistral:7b,moderate,3.0,fairness
relevance,2,mistral:7b,moderate,3.0,fairness
relevance,2,mistral:7b,moderate,3.0,fairness
relevance,2,mistral:7b,moderate,3.0,fairness
relevance,2,mistral:7b,moderate,3.0,fairness
relevance,2,mistral:7b,moderate,3.0,fairness
relevance,2,mistral:7b,moderate,3.0,fairness
relevance,2,mistral:7b,moderate,3.0,fairness
relevance,2,mistral:7b,moderate,3.0,fairness
relevance,2,mistral:7b,moderate,3.0,fairness
relevance,2,mistral:7b,moderate,3.0,fairness
relevance,2,mistral:7b,moderate,3.0,fairness
relevance,2,mistral:7b,moderate,3.0,fairness
relevance,2,mistral:7b,moderate,3.0,fairness
relevance,2,mistral:7b,moderate,3.0,fairness
relevance,2,mistral:7b,moderate,3.0,fairness
relevance,2,mistral:7b,moderate,3.0,fairness
relevance,2,mistral:7b,moderate,3.0,fairness
relevance,2,mistral:7b,moderate,3.0,fairness
relevance,2,mistral:7b,moderate,3.0,fairness
relevance,2,mistral:7b,moderate,3.0,fairness
relevance,2,mistral:7b,moderate,3.0,fairness
relevance,2,mistral:7b,moderate,3.0,fairness
relevance,2,mistral:7b,moderate,3.0,fairness
relevance,2,mistral:7b,moderate,3.0,fairness
relevance,2,mistral:7b,moderate,3.0,fairness
relevance,2,mistral:7b,moderate,3.0,fairness
relevance,2,mistral:7b,moderate,3.0,fairness
relevance,2,mistral:7b,moderate,3.0,fairness
relevance,2,mistral:7b,moderate,3.0,fairness
relevance,2,mistral:7b,moderate,3.0,fairness
relevance,2,mistral:7b,moderate,3.0,fairness
relevance,2,mistral:7b,moderate,3.0,fairness
relevance,2,mistral:7b,liberal,3.0,fairness
relevance,2,mistral:7b,liberal,3.0,fairness
relevance,2,mistral:7b,liberal,3.0,fairness
relevance,2,mistral:7b,liberal,3.0,fairness
relevance,2,mistral:7b,liberal,3.0,fairness
relevance,2,mistral:7b,liberal,3.0,fairness
relevance,2,mistral:7b,liberal,3.0,fairness
relevance,2,mistral:7b,liberal,3.0,fairness
relevance,2,mistral:7b,liberal,3.0,fairness
relevance,2,mistral:7b,liberal,3.0,fairness
relevance,2,mistral:7b,liberal,3.0,fairness
relevance,2,mistral:7b,liberal,3.0,fairness
relevance,2,mistral:7b,liberal,3.0,fairness
relevance,2,mistral:7b,liberal,3.0,fairness
relevance,2,mistral:7b,liberal,3.0,fairness
relevance,2,mistral:7b,liberal,3.0,fairness
relevance,2,mistral:7b,liberal,3.0,fairness
relevance,2,mistral:7b,liberal,3.0,fairness
relevance,2,mistral:7b,liberal,3.0,fairness
relevance,2,mistral:7b,liberal,3.0,fairness
relevance,2,mistral:7b,liberal,3.0,fairness
relevance,2,mistral:7b,liberal,3.0,fairness
relevance,2,mistral:7b,liberal,3.0,fairness
relevance,2,mistral:7b,liberal,3.0,fairness
relevance,2,mistral:7b,liberal,3.0,fairness
relevance,2,mistral:7b,liberal,3.0,fairness
relevance,2,mistral:7b,liberal,3.0,fairness
relevance,2,mistral:7b,liberal,3.0,fairness
relevance,2,mistral:7b,liberal,3.0,fairness
relevance,2,mistral:7b,liberal,3.0,fairness
relevance,2,mistral:7b,liberal,3.0,fairness
relevance,2,mistral:7b,liberal,3.0,fairness
relevance,2,mistral:7b,liberal,3.0,fairness
relevance,2,mistral:7b,liberal,3.0,fairness
relevance,2,mistral:7b,liberal,3.0,fairness
relevance,2,mistral:7b,liberal,3.0,fairness
relevance,2,mistral:7b,liberal,3.0,fairness
relevance,2,mistral:7b,liberal,3.0,fairness
relevance,2,mistral:7b,liberal,3.0,fairness
relevance,2,mistral:7b,liberal,3.0,fairness
relevance,2,mistral:7b,liberal,3.0,fairness
relevance,2,mistral:7b,liberal,3.0,fairness
relevance,2,mistral:7b,liberal,3.0,fairness
relevance,2,mistral:7b,liberal,3.0,fairness
relevance,2,mistral:7b,liberal,3.0,fairness
relevance,2,mistral:7b,liberal,3.0,fairness
relevance,2,mistral:7b,liberal,3.0,fairness
relevance,2,mistral:7b,liberal,3.0,fairness
relevance,2,mistral:7b,liberal,3.0,fairness
relevance,2,mistral:7b,liberal,3.0,fairness
relevance,2,mixtral:8x22b,conservative,4.0,fairness
relevance,2,mixtral:8x22b,conservative,4.0,fairness
relevance,2,mixtral:8x22b,conservative,4.0,fairness
relevance,2,mixtral:8x22b,conservative,4.0,fairness
relevance,2,mixtral:8x22b,conservative,4.0,fairness
relevance,2,mixtral:8x22b,conservative,4.0,fairness
relevance,2,mixtral:8x22b,conservative,4.0,fairness
relevance,2,mixtral:8x22b,conservative,4.0,fairness
relevance,2,mixtral:8x22b,conservative,4.0,fairness
relevance,2,mixtral:8x22b,conservative,4.0,fairness
relevance,2,mixtral:8x22b,conservative,4.0,fairness
relevance,2,mixtral:8x22b,conservative,4.0,fairness
relevance,2,mixtral:8x22b,conservative,4.0,fairness
relevance,2,mixtral:8x22b,conservative,4.0,fairness
relevance,2,mixtral:8x22b,conservative,5.0,fairness
relevance,2,mixtral:8x22b,conservative,4.0,fairness
relevance,2,mixtral:8x22b,conservative,4.0,fairness
relevance,2,mixtral:8x22b,conservative,5.0,fairness
relevance,2,mixtral:8x22b,conservative,5.0,fairness
relevance,2,mixtral:8x22b,conservative,4.0,fairness
relevance,2,mixtral:8x22b,conservative,4.0,fairness
relevance,2,mixtral:8x22b,conservative,4.0,fairness
relevance,2,mixtral:8x22b,conservative,4.0,fairness
relevance,2,mixtral:8x22b,conservative,4.0,fairness
relevance,2,mixtral:8x22b,conservative,4.0,fairness
relevance,2,mixtral:8x22b,conservative,4.0,fairness
relevance,2,mixtral:8x22b,conservative,4.0,fairness
relevance,2,mixtral:8x22b,conservative,4.0,fairness
relevance,2,mixtral:8x22b,conservative,4.0,fairness
relevance,2,mixtral:8x22b,conservative,4.0,fairness
relevance,2,mixtral:8x22b,conservative,4.0,fairness
relevance,2,mixtral:8x22b,conservative,4.0,fairness
relevance,2,mixtral:8x22b,conservative,4.0,fairness
relevance,2,mixtral:8x22b,conservative,4.0,fairness
relevance,2,mixtral:8x22b,conservative,5.0,fairness
relevance,2,mixtral:8x22b,conservative,4.0,fairness
relevance,2,mixtral:8x22b,conservative,4.0,fairness
relevance,2,mixtral:8x22b,conservative,4.0,fairness
relevance,2,mixtral:8x22b,conservative,4.0,fairness
relevance,2,mixtral:8x22b,conservative,5.0,fairness
relevance,2,mixtral:8x22b,conservative,4.0,fairness
relevance,2,mixtral:8x22b,conservative,4.0,fairness
relevance,2,mixtral:8x22b,conservative,4.0,fairness
relevance,2,mixtral:8x22b,conservative,5.0,fairness
relevance,2,mixtral:8x22b,conservative,4.0,fairness
relevance,2,mixtral:8x22b,conservative,4.0,fairness
relevance,2,mixtral:8x22b,conservative,4.0,fairness
relevance,2,mixtral:8x22b,conservative,4.0,fairness
relevance,2,mixtral:8x22b,conservative,4.0,fairness
relevance,2,mixtral:8x22b,conservative,4.0,fairness
relevance,2,mixtral:8x22b,moderate,4.0,fairness
relevance,2,mixtral:8x22b,moderate,4.0,fairness
relevance,2,mixtral:8x22b,moderate,4.0,fairness
relevance,2,mixtral:8x22b,moderate,4.0,fairness
relevance,2,mixtral:8x22b,moderate,4.0,fairness
relevance,2,mixtral:8x22b,moderate,4.0,fairness
relevance,2,mixtral:8x22b,moderate,4.0,fairness
relevance,2,mixtral:8x22b,moderate,4.0,fairness
relevance,2,mixtral:8x22b,moderate,4.0,fairness
relevance,2,mixtral:8x22b,moderate,4.0,fairness
relevance,2,mixtral:8x22b,moderate,4.0,fairness
relevance,2,mixtral:8x22b,moderate,4.0,fairness
relevance,2,mixtral:8x22b,moderate,4.0,fairness
relevance,2,mixtral:8x22b,moderate,4.0,fairness
relevance,2,mixtral:8x22b,moderate,4.0,fairness
relevance,2,mixtral:8x22b,moderate,4.0,fairness
relevance,2,mixtral:8x22b,moderate,4.0,fairness
relevance,2,mixtral:8x22b,moderate,4.0,fairness
relevance,2,mixtral:8x22b,moderate,4.0,fairness
relevance,2,mixtral:8x22b,moderate,4.0,fairness
relevance,2,mixtral:8x22b,moderate,4.0,fairness
relevance,2,mixtral:8x22b,moderate,4.0,fairness
relevance,2,mixtral:8x22b,moderate,4.0,fairness
relevance,2,mixtral:8x22b,moderate,4.0,fairness
relevance,2,mixtral:8x22b,moderate,4.0,fairness
relevance,2,mixtral:8x22b,moderate,4.0,fairness
relevance,2,mixtral:8x22b,moderate,4.0,fairness
relevance,2,mixtral:8x22b,moderate,4.0,fairness
relevance,2,mixtral:8x22b,moderate,4.0,fairness
relevance,2,mixtral:8x22b,moderate,4.0,fairness
relevance,2,mixtral:8x22b,moderate,4.0,fairness
relevance,2,mixtral:8x22b,moderate,4.0,fairness
relevance,2,mixtral:8x22b,moderate,4.0,fairness
relevance,2,mixtral:8x22b,moderate,4.0,fairness
relevance,2,mixtral:8x22b,moderate,4.0,fairness
relevance,2,mixtral:8x22b,moderate,4.0,fairness
relevance,2,mixtral:8x22b,moderate,4.0,fairness
relevance,2,mixtral:8x22b,moderate,4.0,fairness
relevance,2,mixtral:8x22b,moderate,4.0,fairness
relevance,2,mixtral:8x22b,moderate,4.0,fairness
relevance,2,mixtral:8x22b,moderate,4.0,fairness
relevance,2,mixtral:8x22b,moderate,4.0,fairness
relevance,2,mixtral:8x22b,moderate,4.0,fairness
relevance,2,mixtral:8x22b,moderate,4.0,fairness
relevance,2,mixtral:8x22b,moderate,4.0,fairness
relevance,2,mixtral:8x22b,moderate,4.0,fairness
relevance,2,mixtral:8x22b,moderate,4.0,fairness
relevance,2,mixtral:8x22b,moderate,4.0,fairness
relevance,2,mixtral:8x22b,moderate,4.0,fairness
relevance,2,mixtral:8x22b,moderate,4.0,fairness
relevance,2,mixtral:8x22b,liberal,4.0,fairness
relevance,2,mixtral:8x22b,liberal,5.0,fairness
relevance,2,mixtral:8x22b,liberal,4.0,fairness
relevance,2,mixtral:8x22b,liberal,4.0,fairness
relevance,2,mixtral:8x22b,liberal,5.0,fairness
relevance,2,mixtral:8x22b,liberal,4.0,fairness
relevance,2,mixtral:8x22b,liberal,4.0,fairness
relevance,2,mixtral:8x22b,liberal,5.0,fairness
relevance,2,mixtral:8x22b,liberal,4.0,fairness
relevance,2,mixtral:8x22b,liberal,4.0,fairness
relevance,2,mixtral:8x22b,liberal,4.0,fairness
relevance,2,mixtral:8x22b,liberal,4.0,fairness
relevance,2,mixtral:8x22b,liberal,4.0,fairness
relevance,2,mixtral:8x22b,liberal,5.0,fairness
relevance,2,mixtral:8x22b,liberal,4.0,fairness
relevance,2,mixtral:8x22b,liberal,4.0,fairness
relevance,2,mixtral:8x22b,liberal,5.0,fairness
relevance,2,mixtral:8x22b,liberal,4.0,fairness
relevance,2,mixtral:8x22b,liberal,4.0,fairness
relevance,2,mixtral:8x22b,liberal,4.0,fairness
relevance,2,mixtral:8x22b,liberal,4.0,fairness
relevance,2,mixtral:8x22b,liberal,4.0,fairness
relevance,2,mixtral:8x22b,liberal,5.0,fairness
relevance,2,mixtral:8x22b,liberal,4.0,fairness
relevance,2,mixtral:8x22b,liberal,5.0,fairness
relevance,2,mixtral:8x22b,liberal,4.0,fairness
relevance,2,mixtral:8x22b,liberal,5.0,fairness
relevance,2,mixtral:8x22b,liberal,4.0,fairness
relevance,2,mixtral:8x22b,liberal,4.0,fairness
relevance,2,mixtral:8x22b,liberal,5.0,fairness
relevance,2,mixtral:8x22b,liberal,4.0,fairness
relevance,2,mixtral:8x22b,liberal,4.0,fairness
relevance,2,mixtral:8x22b,liberal,4.0,fairness
relevance,2,mixtral:8x22b,liberal,4.0,fairness
relevance,2,mixtral:8x22b,liberal,5.0,fairness
relevance,2,mixtral:8x22b,liberal,4.0,fairness
relevance,2,mixtral:8x22b,liberal,4.0,fairness
relevance,2,mixtral:8x22b,liberal,4.0,fairness
relevance,2,mixtral:8x22b,liberal,4.0,fairness
relevance,2,mixtral:8x22b,liberal,4.0,fairness
relevance,2,mixtral:8x22b,liberal,4.0,fairness
relevance,2,mixtral:8x22b,liberal,4.0,fairness
relevance,2,mixtral:8x22b,liberal,4.0,fairness
relevance,2,mixtral:8x22b,liberal,4.0,fairness
relevance,2,mixtral:8x22b,liberal,4.0,fairness
relevance,2,mixtral:8x22b,liberal,5.0,fairness
relevance,2,mixtral:8x22b,liberal,4.0,fairness
relevance,2,mixtral:8x22b,liberal,4.0,fairness
relevance,2,mixtral:8x22b,liberal,4.0,fairness
relevance,2,mixtral:8x22b,liberal,4.0,fairness
relevance,2,mixtral:8x7b,conservative,4.0,fairness
relevance,2,mixtral:8x7b,conservative,4.0,fairness
relevance,2,mixtral:8x7b,conservative,4.0,fairness
relevance,2,mixtral:8x7b,conservative,5.0,fairness
relevance,2,mixtral:8x7b,conservative,4.0,fairness
relevance,2,mixtral:8x7b,conservative,4.0,fairness
relevance,2,mixtral:8x7b,conservative,5.0,fairness
relevance,2,mixtral:8x7b,conservative,4.0,fairness
relevance,2,mixtral:8x7b,conservative,4.0,fairness
relevance,2,mixtral:8x7b,conservative,5.0,fairness
relevance,2,mixtral:8x7b,conservative,5.0,fairness
relevance,2,mixtral:8x7b,conservative,4.0,fairness
relevance,2,mixtral:8x7b,conservative,5.0,fairness
relevance,2,mixtral:8x7b,conservative,4.0,fairness
relevance,2,mixtral:8x7b,conservative,4.0,fairness
relevance,2,mixtral:8x7b,conservative,4.0,fairness
relevance,2,mixtral:8x7b,conservative,5.0,fairness
relevance,2,mixtral:8x7b,conservative,4.0,fairness
relevance,2,mixtral:8x7b,conservative,4.0,fairness
relevance,2,mixtral:8x7b,conservative,4.0,fairness
relevance,2,mixtral:8x7b,conservative,4.0,fairness
relevance,2,mixtral:8x7b,conservative,4.0,fairness
relevance,2,mixtral:8x7b,conservative,4.0,fairness
relevance,2,mixtral:8x7b,conservative,5.0,fairness
relevance,2,mixtral:8x7b,conservative,4.0,fairness
relevance,2,mixtral:8x7b,conservative,4.0,fairness
relevance,2,mixtral:8x7b,conservative,4.0,fairness
relevance,2,mixtral:8x7b,conservative,4.0,fairness
relevance,2,mixtral:8x7b,conservative,4.0,fairness
relevance,2,mixtral:8x7b,conservative,4.0,fairness
relevance,2,mixtral:8x7b,conservative,4.0,fairness
relevance,2,mixtral:8x7b,conservative,5.0,fairness
relevance,2,mixtral:8x7b,conservative,4.0,fairness
relevance,2,mixtral:8x7b,conservative,4.0,fairness
relevance,2,mixtral:8x7b,conservative,4.0,fairness
relevance,2,mixtral:8x7b,conservative,4.0,fairness
relevance,2,mixtral:8x7b,conservative,5.0,fairness
relevance,2,mixtral:8x7b,conservative,4.0,fairness
relevance,2,mixtral:8x7b,conservative,4.0,fairness
relevance,2,mixtral:8x7b,conservative,4.0,fairness
relevance,2,mixtral:8x7b,conservative,4.0,fairness
relevance,2,mixtral:8x7b,conservative,4.0,fairness
relevance,2,mixtral:8x7b,conservative,4.0,fairness
relevance,2,mixtral:8x7b,conservative,5.0,fairness
relevance,2,mixtral:8x7b,conservative,4.0,fairness
relevance,2,mixtral:8x7b,conservative,4.0,fairness
relevance,2,mixtral:8x7b,conservative,4.0,fairness
relevance,2,mixtral:8x7b,conservative,4.0,fairness
relevance,2,mixtral:8x7b,conservative,5.0,fairness
relevance,2,mixtral:8x7b,conservative,4.0,fairness
relevance,2,mixtral:8x7b,moderate,4.0,fairness
relevance,2,mixtral:8x7b,moderate,4.0,fairness
relevance,2,mixtral:8x7b,moderate,4.0,fairness
relevance,2,mixtral:8x7b,moderate,4.0,fairness
relevance,2,mixtral:8x7b,moderate,4.0,fairness
relevance,2,mixtral:8x7b,moderate,4.0,fairness
relevance,2,mixtral:8x7b,moderate,4.0,fairness
relevance,2,mixtral:8x7b,moderate,4.0,fairness
relevance,2,mixtral:8x7b,moderate,4.0,fairness
relevance,2,mixtral:8x7b,moderate,4.0,fairness
relevance,2,mixtral:8x7b,moderate,4.0,fairness
relevance,2,mixtral:8x7b,moderate,4.0,fairness
relevance,2,mixtral:8x7b,moderate,4.0,fairness
relevance,2,mixtral:8x7b,moderate,4.0,fairness
relevance,2,mixtral:8x7b,moderate,4.0,fairness
relevance,2,mixtral:8x7b,moderate,4.0,fairness
relevance,2,mixtral:8x7b,moderate,4.0,fairness
relevance,2,mixtral:8x7b,moderate,4.0,fairness
relevance,2,mixtral:8x7b,moderate,4.0,fairness
relevance,2,mixtral:8x7b,moderate,4.0,fairness
relevance,2,mixtral:8x7b,moderate,4.0,fairness
relevance,2,mixtral:8x7b,moderate,4.0,fairness
relevance,2,mixtral:8x7b,moderate,4.0,fairness
relevance,2,mixtral:8x7b,moderate,4.0,fairness
relevance,2,mixtral:8x7b,moderate,4.0,fairness
relevance,2,mixtral:8x7b,moderate,4.0,fairness
relevance,2,mixtral:8x7b,moderate,4.0,fairness
relevance,2,mixtral:8x7b,moderate,4.0,fairness
relevance,2,mixtral:8x7b,moderate,4.0,fairness
relevance,2,mixtral:8x7b,moderate,4.0,fairness
relevance,2,mixtral:8x7b,moderate,4.0,fairness
relevance,2,mixtral:8x7b,moderate,4.0,fairness
relevance,2,mixtral:8x7b,moderate,4.0,fairness
relevance,2,mixtral:8x7b,moderate,4.0,fairness
relevance,2,mixtral:8x7b,moderate,4.0,fairness
relevance,2,mixtral:8x7b,moderate,4.0,fairness
relevance,2,mixtral:8x7b,moderate,4.0,fairness
relevance,2,mixtral:8x7b,moderate,4.0,fairness
relevance,2,mixtral:8x7b,moderate,4.0,fairness
relevance,2,mixtral:8x7b,moderate,4.0,fairness
relevance,2,mixtral:8x7b,moderate,4.0,fairness
relevance,2,mixtral:8x7b,moderate,4.0,fairness
relevance,2,mixtral:8x7b,moderate,4.0,fairness
relevance,2,mixtral:8x7b,moderate,4.0,fairness
relevance,2,mixtral:8x7b,moderate,4.0,fairness
relevance,2,mixtral:8x7b,moderate,4.0,fairness
relevance,2,mixtral:8x7b,moderate,4.0,fairness
relevance,2,mixtral:8x7b,moderate,4.0,fairness
relevance,2,mixtral:8x7b,moderate,4.0,fairness
relevance,2,mixtral:8x7b,moderate,4.0,fairness
relevance,2,mixtral:8x7b,liberal,5.0,fairness
relevance,2,mixtral:8x7b,liberal,5.0,fairness
relevance,2,mixtral:8x7b,liberal,5.0,fairness
relevance,2,mixtral:8x7b,liberal,5.0,fairness
relevance,2,mixtral:8x7b,liberal,5.0,fairness
relevance,2,mixtral:8x7b,liberal,5.0,fairness
relevance,2,mixtral:8x7b,liberal,5.0,fairness
relevance,2,mixtral:8x7b,liberal,5.0,fairness
relevance,2,mixtral:8x7b,liberal,5.0,fairness
relevance,2,mixtral:8x7b,liberal,5.0,fairness
relevance,2,mixtral:8x7b,liberal,5.0,fairness
relevance,2,mixtral:8x7b,liberal,5.0,fairness
relevance,2,mixtral:8x7b,liberal,5.0,fairness
relevance,2,mixtral:8x7b,liberal,5.0,fairness
relevance,2,mixtral:8x7b,liberal,5.0,fairness
relevance,2,mixtral:8x7b,liberal,5.0,fairness
relevance,2,mixtral:8x7b,liberal,5.0,fairness
relevance,2,mixtral:8x7b,liberal,5.0,fairness
relevance,2,mixtral:8x7b,liberal,5.0,fairness
relevance,2,mixtral:8x7b,liberal,5.0,fairness
relevance,2,mixtral:8x7b,liberal,5.0,fairness
relevance,2,mixtral:8x7b,liberal,5.0,fairness
relevance,2,mixtral:8x7b,liberal,5.0,fairness
relevance,2,mixtral:8x7b,liberal,5.0,fairness
relevance,2,mixtral:8x7b,liberal,5.0,fairness
relevance,2,mixtral:8x7b,liberal,5.0,fairness
relevance,2,mixtral:8x7b,liberal,5.0,fairness
relevance,2,mixtral:8x7b,liberal,5.0,fairness
relevance,2,mixtral:8x7b,liberal,5.0,fairness
relevance,2,mixtral:8x7b,liberal,5.0,fairness
relevance,2,mixtral:8x7b,liberal,5.0,fairness
relevance,2,mixtral:8x7b,liberal,5.0,fairness
relevance,2,mixtral:8x7b,liberal,5.0,fairness
relevance,2,mixtral:8x7b,liberal,5.0,fairness
relevance,2,mixtral:8x7b,liberal,5.0,fairness
relevance,2,mixtral:8x7b,liberal,5.0,fairness
relevance,2,mixtral:8x7b,liberal,5.0,fairness
relevance,2,mixtral:8x7b,liberal,5.0,fairness
relevance,2,mixtral:8x7b,liberal,5.0,fairness
relevance,2,mixtral:8x7b,liberal,5.0,fairness
relevance,2,mixtral:8x7b,liberal,5.0,fairness
relevance,2,mixtral:8x7b,liberal,5.0,fairness
relevance,2,mixtral:8x7b,liberal,5.0,fairness
relevance,2,mixtral:8x7b,liberal,5.0,fairness
relevance,2,mixtral:8x7b,liberal,5.0,fairness
relevance,2,mixtral:8x7b,liberal,5.0,fairness
relevance,2,mixtral:8x7b,liberal,5.0,fairness
relevance,2,mixtral:8x7b,liberal,5.0,fairness
relevance,2,mixtral:8x7b,liberal,5.0,fairness
relevance,2,mixtral:8x7b,liberal,5.0,fairness
relevance,2,phi3:14b,conservative,4.0,fairness
relevance,2,phi3:14b,conservative,4.0,fairness
relevance,2,phi3:14b,conservative,4.0,fairness
relevance,2,phi3:14b,conservative,4.0,fairness
relevance,2,phi3:14b,conservative,4.0,fairness
relevance,2,phi3:14b,conservative,5.0,fairness
relevance,2,phi3:14b,conservative,5.0,fairness
relevance,2,phi3:14b,conservative,5.0,fairness
relevance,2,phi3:14b,conservative,4.0,fairness
relevance,2,phi3:14b,conservative,5.0,fairness
relevance,2,phi3:14b,conservative,5.0,fairness
relevance,2,phi3:14b,conservative,4.0,fairness
relevance,2,phi3:14b,conservative,4.0,fairness
relevance,2,phi3:14b,conservative,4.0,fairness
relevance,2,phi3:14b,conservative,4.0,fairness
relevance,2,phi3:14b,conservative,4.0,fairness
relevance,2,phi3:14b,conservative,4.0,fairness
relevance,2,phi3:14b,conservative,4.0,fairness
relevance,2,phi3:14b,conservative,4.0,fairness
relevance,2,phi3:14b,conservative,4.0,fairness
relevance,2,phi3:14b,conservative,4.0,fairness
relevance,2,phi3:14b,conservative,4.0,fairness
relevance,2,phi3:14b,conservative,5.0,fairness
relevance,2,phi3:14b,conservative,4.0,fairness
relevance,2,phi3:14b,conservative,4.0,fairness
relevance,2,phi3:14b,conservative,4.0,fairness
relevance,2,phi3:14b,conservative,4.0,fairness
relevance,2,phi3:14b,conservative,4.0,fairness
relevance,2,phi3:14b,conservative,4.0,fairness
relevance,2,phi3:14b,conservative,5.0,fairness
relevance,2,phi3:14b,conservative,4.0,fairness
relevance,2,phi3:14b,conservative,5.0,fairness
relevance,2,phi3:14b,conservative,4.0,fairness
relevance,2,phi3:14b,conservative,4.0,fairness
relevance,2,phi3:14b,conservative,4.0,fairness
relevance,2,phi3:14b,conservative,4.0,fairness
relevance,2,phi3:14b,conservative,4.0,fairness
relevance,2,phi3:14b,conservative,4.0,fairness
relevance,2,phi3:14b,conservative,4.0,fairness
relevance,2,phi3:14b,conservative,4.0,fairness
relevance,2,phi3:14b,conservative,4.0,fairness
relevance,2,phi3:14b,conservative,4.0,fairness
relevance,2,phi3:14b,conservative,4.0,fairness
relevance,2,phi3:14b,conservative,4.0,fairness
relevance,2,phi3:14b,conservative,4.0,fairness
relevance,2,phi3:14b,conservative,5.0,fairness
relevance,2,phi3:14b,conservative,4.0,fairness
relevance,2,phi3:14b,conservative,4.0,fairness
relevance,2,phi3:14b,conservative,4.0,fairness
relevance,2,phi3:14b,conservative,4.0,fairness
relevance,2,phi3:14b,moderate,5.0,fairness
relevance,2,phi3:14b,moderate,4.0,fairness
relevance,2,phi3:14b,moderate,5.0,fairness
relevance,2,phi3:14b,moderate,4.0,fairness
relevance,2,phi3:14b,moderate,4.0,fairness
relevance,2,phi3:14b,moderate,4.0,fairness
relevance,2,phi3:14b,moderate,5.0,fairness
relevance,2,phi3:14b,moderate,4.0,fairness
relevance,2,phi3:14b,moderate,4.0,fairness
relevance,2,phi3:14b,moderate,4.0,fairness
relevance,2,phi3:14b,moderate,4.0,fairness
relevance,2,phi3:14b,moderate,4.0,fairness
relevance,2,phi3:14b,moderate,4.0,fairness
relevance,2,phi3:14b,moderate,5.0,fairness
relevance,2,phi3:14b,moderate,5.0,fairness
relevance,2,phi3:14b,moderate,4.0,fairness
relevance,2,phi3:14b,moderate,5.0,fairness
relevance,2,phi3:14b,moderate,4.0,fairness
relevance,2,phi3:14b,moderate,4.0,fairness
relevance,2,phi3:14b,moderate,4.0,fairness
relevance,2,phi3:14b,moderate,4.0,fairness
relevance,2,phi3:14b,moderate,4.0,fairness
relevance,2,phi3:14b,moderate,4.0,fairness
relevance,2,phi3:14b,moderate,4.0,fairness
relevance,2,phi3:14b,moderate,4.0,fairness
relevance,2,phi3:14b,moderate,4.0,fairness
relevance,2,phi3:14b,moderate,4.0,fairness
relevance,2,phi3:14b,moderate,4.0,fairness
relevance,2,phi3:14b,moderate,5.0,fairness
relevance,2,phi3:14b,moderate,4.0,fairness
relevance,2,phi3:14b,moderate,4.0,fairness
relevance,2,phi3:14b,moderate,4.0,fairness
relevance,2,phi3:14b,moderate,4.0,fairness
relevance,2,phi3:14b,moderate,5.0,fairness
relevance,2,phi3:14b,moderate,4.0,fairness
relevance,2,phi3:14b,moderate,4.0,fairness
relevance,2,phi3:14b,moderate,5.0,fairness
relevance,2,phi3:14b,moderate,4.0,fairness
relevance,2,phi3:14b,moderate,4.0,fairness
relevance,2,phi3:14b,moderate,4.0,fairness
relevance,2,phi3:14b,moderate,4.0,fairness
relevance,2,phi3:14b,moderate,4.0,fairness
relevance,2,phi3:14b,moderate,4.0,fairness
relevance,2,phi3:14b,moderate,4.0,fairness
relevance,2,phi3:14b,moderate,5.0,fairness
relevance,2,phi3:14b,moderate,4.0,fairness
relevance,2,phi3:14b,moderate,4.0,fairness
relevance,2,phi3:14b,moderate,4.0,fairness
relevance,2,phi3:14b,moderate,4.0,fairness
relevance,2,phi3:14b,moderate,5.0,fairness
relevance,2,phi3:14b,liberal,4.0,fairness
relevance,2,phi3:14b,liberal,4.0,fairness
relevance,2,phi3:14b,liberal,4.0,fairness
relevance,2,phi3:14b,liberal,4.0,fairness
relevance,2,phi3:14b,liberal,5.0,fairness
relevance,2,phi3:14b,liberal,4.0,fairness
relevance,2,phi3:14b,liberal,4.0,fairness
relevance,2,phi3:14b,liberal,4.0,fairness
relevance,2,phi3:14b,liberal,4.0,fairness
relevance,2,phi3:14b,liberal,5.0,fairness
relevance,2,phi3:14b,liberal,5.0,fairness
relevance,2,phi3:14b,liberal,4.0,fairness
relevance,2,phi3:14b,liberal,5.0,fairness
relevance,2,phi3:14b,liberal,5.0,fairness
relevance,2,phi3:14b,liberal,5.0,fairness
relevance,2,phi3:14b,liberal,4.0,fairness
relevance,2,phi3:14b,liberal,4.0,fairness
relevance,2,phi3:14b,liberal,5.0,fairness
relevance,2,phi3:14b,liberal,4.0,fairness
relevance,2,phi3:14b,liberal,4.0,fairness
relevance,2,phi3:14b,liberal,5.0,fairness
relevance,2,phi3:14b,liberal,5.0,fairness
relevance,2,phi3:14b,liberal,4.0,fairness
relevance,2,phi3:14b,liberal,4.0,fairness
relevance,2,phi3:14b,liberal,5.0,fairness
relevance,2,phi3:14b,liberal,4.0,fairness
relevance,2,phi3:14b,liberal,4.0,fairness
relevance,2,phi3:14b,liberal,5.0,fairness
relevance,2,phi3:14b,liberal,4.0,fairness
relevance,2,phi3:14b,liberal,5.0,fairness
relevance,2,phi3:14b,liberal,5.0,fairness
relevance,2,phi3:14b,liberal,5.0,fairness
relevance,2,phi3:14b,liberal,4.0,fairness
relevance,2,phi3:14b,liberal,4.0,fairness
relevance,2,phi3:14b,liberal,5.0,fairness
relevance,2,phi3:14b,liberal,5.0,fairness
relevance,2,phi3:14b,liberal,4.0,fairness
relevance,2,phi3:14b,liberal,4.0,fairness
relevance,2,phi3:14b,liberal,5.0,fairness
relevance,2,phi3:14b,liberal,4.0,fairness
relevance,2,phi3:14b,liberal,5.0,fairness
relevance,2,phi3:14b,liberal,5.0,fairness
relevance,2,phi3:14b,liberal,5.0,fairness
relevance,2,phi3:14b,liberal,5.0,fairness
relevance,2,phi3:14b,liberal,4.0,fairness
relevance,2,phi3:14b,liberal,5.0,fairness
relevance,2,phi3:14b,liberal,4.0,fairness
relevance,2,phi3:14b,liberal,5.0,fairness
relevance,2,phi3:14b,liberal,4.0,fairness
relevance,2,phi3:14b,liberal,4.0,fairness
relevance,2,gemma:7b,conservative,3.0,fairness
relevance,2,gemma:7b,conservative,3.0,fairness
relevance,2,gemma:7b,conservative,3.0,fairness
relevance,2,gemma:7b,conservative,3.0,fairness
relevance,2,gemma:7b,conservative,3.0,fairness
relevance,2,gemma:7b,conservative,3.0,fairness
relevance,2,gemma:7b,conservative,3.0,fairness
relevance,2,gemma:7b,conservative,3.0,fairness
relevance,2,gemma:7b,conservative,3.0,fairness
relevance,2,gemma:7b,conservative,3.0,fairness
relevance,2,gemma:7b,conservative,3.0,fairness
relevance,2,gemma:7b,conservative,3.0,fairness
relevance,2,gemma:7b,conservative,3.0,fairness
relevance,2,gemma:7b,conservative,3.0,fairness
relevance,2,gemma:7b,conservative,3.0,fairness
relevance,2,gemma:7b,conservative,3.0,fairness
relevance,2,gemma:7b,conservative,3.0,fairness
relevance,2,gemma:7b,conservative,3.0,fairness
relevance,2,gemma:7b,conservative,3.0,fairness
relevance,2,gemma:7b,conservative,3.0,fairness
relevance,2,gemma:7b,conservative,3.0,fairness
relevance,2,gemma:7b,conservative,3.0,fairness
relevance,2,gemma:7b,conservative,3.0,fairness
relevance,2,gemma:7b,conservative,3.0,fairness
relevance,2,gemma:7b,conservative,3.0,fairness
relevance,2,gemma:7b,conservative,3.0,fairness
relevance,2,gemma:7b,conservative,3.0,fairness
relevance,2,gemma:7b,conservative,3.0,fairness
relevance,2,gemma:7b,conservative,3.0,fairness
relevance,2,gemma:7b,conservative,3.0,fairness
relevance,2,gemma:7b,conservative,3.0,fairness
relevance,2,gemma:7b,conservative,3.0,fairness
relevance,2,gemma:7b,conservative,3.0,fairness
relevance,2,gemma:7b,conservative,3.0,fairness
relevance,2,gemma:7b,conservative,3.0,fairness
relevance,2,gemma:7b,conservative,3.0,fairness
relevance,2,gemma:7b,conservative,3.0,fairness
relevance,2,gemma:7b,conservative,3.0,fairness
relevance,2,gemma:7b,conservative,3.0,fairness
relevance,2,gemma:7b,conservative,3.0,fairness
relevance,2,gemma:7b,conservative,3.0,fairness
relevance,2,gemma:7b,conservative,3.0,fairness
relevance,2,gemma:7b,conservative,3.0,fairness
relevance,2,gemma:7b,conservative,3.0,fairness
relevance,2,gemma:7b,conservative,3.0,fairness
relevance,2,gemma:7b,conservative,3.0,fairness
relevance,2,gemma:7b,conservative,3.0,fairness
relevance,2,gemma:7b,conservative,3.0,fairness
relevance,2,gemma:7b,conservative,3.0,fairness
relevance,2,gemma:7b,moderate,3.0,fairness
relevance,2,gemma:7b,moderate,3.0,fairness
relevance,2,gemma:7b,moderate,3.0,fairness
relevance,2,gemma:7b,moderate,3.0,fairness
relevance,2,gemma:7b,moderate,3.0,fairness
relevance,2,gemma:7b,moderate,3.0,fairness
relevance,2,gemma:7b,moderate,3.0,fairness
relevance,2,gemma:7b,moderate,3.0,fairness
relevance,2,gemma:7b,moderate,3.0,fairness
relevance,2,gemma:7b,moderate,3.0,fairness
relevance,2,gemma:7b,moderate,3.0,fairness
relevance,2,gemma:7b,moderate,3.0,fairness
relevance,2,gemma:7b,moderate,3.0,fairness
relevance,2,gemma:7b,moderate,3.0,fairness
relevance,2,gemma:7b,moderate,3.0,fairness
relevance,2,gemma:7b,moderate,3.0,fairness
relevance,2,gemma:7b,moderate,3.0,fairness
relevance,2,gemma:7b,moderate,3.0,fairness
relevance,2,gemma:7b,moderate,3.0,fairness
relevance,2,gemma:7b,moderate,3.0,fairness
relevance,2,gemma:7b,moderate,3.0,fairness
relevance,2,gemma:7b,moderate,3.0,fairness
relevance,2,gemma:7b,moderate,3.0,fairness
relevance,2,gemma:7b,moderate,3.0,fairness
relevance,2,gemma:7b,moderate,3.0,fairness
relevance,2,gemma:7b,moderate,3.0,fairness
relevance,2,gemma:7b,moderate,3.0,fairness
relevance,2,gemma:7b,moderate,3.0,fairness
relevance,2,gemma:7b,moderate,3.0,fairness
relevance,2,gemma:7b,moderate,3.0,fairness
relevance,2,gemma:7b,moderate,3.0,fairness
relevance,2,gemma:7b,moderate,3.0,fairness
relevance,2,gemma:7b,moderate,3.0,fairness
relevance,2,gemma:7b,moderate,3.0,fairness
relevance,2,gemma:7b,moderate,3.0,fairness
relevance,2,gemma:7b,moderate,3.0,fairness
relevance,2,gemma:7b,moderate,3.0,fairness
relevance,2,gemma:7b,moderate,3.0,fairness
relevance,2,gemma:7b,moderate,3.0,fairness
relevance,2,gemma:7b,moderate,3.0,fairness
relevance,2,gemma:7b,moderate,3.0,fairness
relevance,2,gemma:7b,moderate,3.0,fairness
relevance,2,gemma:7b,moderate,3.0,fairness
relevance,2,gemma:7b,moderate,3.0,fairness
relevance,2,gemma:7b,liberal,3.0,fairness
relevance,2,gemma:7b,liberal,3.0,fairness
relevance,2,gemma:7b,liberal,3.0,fairness
relevance,2,gemma:7b,liberal,3.0,fairness
relevance,2,gemma:7b,liberal,3.0,fairness
relevance,2,gemma:7b,liberal,3.0,fairness
relevance,2,gemma:7b,liberal,3.0,fairness
relevance,2,gemma:7b,liberal,3.0,fairness
relevance,2,gemma:7b,liberal,3.0,fairness
relevance,2,gemma:7b,liberal,3.0,fairness
relevance,2,gemma:7b,liberal,3.0,fairness
relevance,2,gemma:7b,liberal,4.0,fairness
relevance,2,gemma:7b,liberal,3.0,fairness
relevance,2,gemma:7b,liberal,3.0,fairness
relevance,2,gemma:7b,liberal,3.0,fairness
relevance,2,gemma:7b,liberal,3.0,fairness
relevance,2,gemma:7b,liberal,3.0,fairness
relevance,2,gemma:7b,liberal,3.0,fairness
relevance,2,gemma:7b,liberal,3.0,fairness
relevance,2,gemma:7b,liberal,3.0,fairness
relevance,2,gemma:7b,liberal,3.0,fairness
relevance,2,gemma:7b,liberal,3.0,fairness
relevance,2,gemma:7b,liberal,3.0,fairness
relevance,2,gemma:7b,liberal,3.0,fairness
relevance,2,gemma:7b,liberal,3.0,fairness
relevance,2,gemma:7b,liberal,3.0,fairness
relevance,2,gemma:7b,liberal,3.0,fairness
relevance,2,gemma:7b,liberal,3.0,fairness
relevance,2,gemma:7b,liberal,3.0,fairness
relevance,2,gemma:7b,liberal,3.0,fairness
relevance,2,gemma:7b,liberal,3.0,fairness
relevance,2,gemma:7b,liberal,3.0,fairness
relevance,2,gemma:7b,liberal,3.0,fairness
relevance,2,gemma:7b,liberal,3.0,fairness
relevance,2,gemma:7b,liberal,3.0,fairness
relevance,2,gemma:7b,liberal,3.0,fairness
relevance,2,gemma:7b,liberal,3.0,fairness
relevance,2,gemma:7b,liberal,3.0,fairness
relevance,2,gemma:7b,liberal,3.0,fairness
relevance,2,gemma:7b,liberal,3.0,fairness
relevance,2,gemma:7b,liberal,3.0,fairness
relevance,2,gemma:7b,liberal,3.0,fairness
relevance,2,gemma2:27b,conservative,4.0,fairness
relevance,2,gemma2:27b,conservative,4.0,fairness
relevance,2,gemma2:27b,conservative,4.0,fairness
relevance,2,gemma2:27b,conservative,4.0,fairness
relevance,2,gemma2:27b,conservative,4.0,fairness
relevance,2,gemma2:27b,conservative,4.0,fairness
relevance,2,gemma2:27b,conservative,4.0,fairness
relevance,2,gemma2:27b,conservative,4.0,fairness
relevance,2,gemma2:27b,conservative,4.0,fairness
relevance,2,gemma2:27b,conservative,4.0,fairness
relevance,2,gemma2:27b,conservative,4.0,fairness
relevance,2,gemma2:27b,conservative,4.0,fairness
relevance,2,gemma2:27b,conservative,4.0,fairness
relevance,2,gemma2:27b,conservative,4.0,fairness
relevance,2,gemma2:27b,conservative,4.0,fairness
relevance,2,gemma2:27b,conservative,4.0,fairness
relevance,2,gemma2:27b,conservative,4.0,fairness
relevance,2,gemma2:27b,conservative,4.0,fairness
relevance,2,gemma2:27b,conservative,4.0,fairness
relevance,2,gemma2:27b,conservative,4.0,fairness
relevance,2,gemma2:27b,conservative,4.0,fairness
relevance,2,gemma2:27b,conservative,4.0,fairness
relevance,2,gemma2:27b,conservative,4.0,fairness
relevance,2,gemma2:27b,conservative,4.0,fairness
relevance,2,gemma2:27b,conservative,4.0,fairness
relevance,2,gemma2:27b,conservative,4.0,fairness
relevance,2,gemma2:27b,conservative,4.0,fairness
relevance,2,gemma2:27b,conservative,4.0,fairness
relevance,2,gemma2:27b,conservative,4.0,fairness
relevance,2,gemma2:27b,conservative,4.0,fairness
relevance,2,gemma2:27b,conservative,4.0,fairness
relevance,2,gemma2:27b,conservative,4.0,fairness
relevance,2,gemma2:27b,conservative,4.0,fairness
relevance,2,gemma2:27b,conservative,4.0,fairness
relevance,2,gemma2:27b,conservative,4.0,fairness
relevance,2,gemma2:27b,conservative,4.0,fairness
relevance,2,gemma2:27b,conservative,4.0,fairness
relevance,2,gemma2:27b,conservative,4.0,fairness
relevance,2,gemma2:27b,conservative,4.0,fairness
relevance,2,gemma2:27b,conservative,4.0,fairness
relevance,2,gemma2:27b,conservative,4.0,fairness
relevance,2,gemma2:27b,conservative,4.0,fairness
relevance,2,gemma2:27b,conservative,4.0,fairness
relevance,2,gemma2:27b,conservative,4.0,fairness
relevance,2,gemma2:27b,conservative,4.0,fairness
relevance,2,gemma2:27b,conservative,4.0,fairness
relevance,2,gemma2:27b,conservative,4.0,fairness
relevance,2,gemma2:27b,conservative,4.0,fairness
relevance,2,gemma2:27b,conservative,4.0,fairness
relevance,2,gemma2:27b,conservative,4.0,fairness
relevance,2,gemma2:27b,moderate,4.0,fairness
relevance,2,gemma2:27b,moderate,4.0,fairness
relevance,2,gemma2:27b,moderate,4.0,fairness
relevance,2,gemma2:27b,moderate,4.0,fairness
relevance,2,gemma2:27b,moderate,4.0,fairness
relevance,2,gemma2:27b,moderate,4.0,fairness
relevance,2,gemma2:27b,moderate,4.0,fairness
relevance,2,gemma2:27b,moderate,4.0,fairness
relevance,2,gemma2:27b,moderate,4.0,fairness
relevance,2,gemma2:27b,moderate,4.0,fairness
relevance,2,gemma2:27b,moderate,4.0,fairness
relevance,2,gemma2:27b,moderate,4.0,fairness
relevance,2,gemma2:27b,moderate,4.0,fairness
relevance,2,gemma2:27b,moderate,4.0,fairness
relevance,2,gemma2:27b,moderate,4.0,fairness
relevance,2,gemma2:27b,moderate,4.0,fairness
relevance,2,gemma2:27b,moderate,4.0,fairness
relevance,2,gemma2:27b,moderate,4.0,fairness
relevance,2,gemma2:27b,moderate,4.0,fairness
relevance,2,gemma2:27b,moderate,4.0,fairness
relevance,2,gemma2:27b,moderate,4.0,fairness
relevance,2,gemma2:27b,moderate,4.0,fairness
relevance,2,gemma2:27b,moderate,4.0,fairness
relevance,2,gemma2:27b,moderate,4.0,fairness
relevance,2,gemma2:27b,moderate,4.0,fairness
relevance,2,gemma2:27b,moderate,4.0,fairness
relevance,2,gemma2:27b,moderate,4.0,fairness
relevance,2,gemma2:27b,moderate,4.0,fairness
relevance,2,gemma2:27b,moderate,4.0,fairness
relevance,2,gemma2:27b,moderate,4.0,fairness
relevance,2,gemma2:27b,moderate,4.0,fairness
relevance,2,gemma2:27b,moderate,4.0,fairness
relevance,2,gemma2:27b,moderate,4.0,fairness
relevance,2,gemma2:27b,moderate,4.0,fairness
relevance,2,gemma2:27b,moderate,4.0,fairness
relevance,2,gemma2:27b,moderate,4.0,fairness
relevance,2,gemma2:27b,moderate,4.0,fairness
relevance,2,gemma2:27b,moderate,4.0,fairness
relevance,2,gemma2:27b,moderate,4.0,fairness
relevance,2,gemma2:27b,moderate,4.0,fairness
relevance,2,gemma2:27b,moderate,4.0,fairness
relevance,2,gemma2:27b,moderate,4.0,fairness
relevance,2,gemma2:27b,moderate,4.0,fairness
relevance,2,gemma2:27b,moderate,4.0,fairness
relevance,2,gemma2:27b,moderate,4.0,fairness
relevance,2,gemma2:27b,moderate,4.0,fairness
relevance,2,gemma2:27b,moderate,4.0,fairness
relevance,2,gemma2:27b,moderate,4.0,fairness
relevance,2,gemma2:27b,moderate,4.0,fairness
relevance,2,gemma2:27b,moderate,4.0,fairness
relevance,2,gemma2:27b,liberal,4.0,fairness
relevance,2,gemma2:27b,liberal,4.0,fairness
relevance,2,gemma2:27b,liberal,4.0,fairness
relevance,2,gemma2:27b,liberal,4.0,fairness
relevance,2,gemma2:27b,liberal,4.0,fairness
relevance,2,gemma2:27b,liberal,4.0,fairness
relevance,2,gemma2:27b,liberal,4.0,fairness
relevance,2,gemma2:27b,liberal,5.0,fairness
relevance,2,gemma2:27b,liberal,5.0,fairness
relevance,2,gemma2:27b,liberal,4.0,fairness
relevance,2,gemma2:27b,liberal,4.0,fairness
relevance,2,gemma2:27b,liberal,4.0,fairness
relevance,2,gemma2:27b,liberal,4.0,fairness
relevance,2,gemma2:27b,liberal,4.0,fairness
relevance,2,gemma2:27b,liberal,4.0,fairness
relevance,2,gemma2:27b,liberal,4.0,fairness
relevance,2,gemma2:27b,liberal,4.0,fairness
relevance,2,gemma2:27b,liberal,4.0,fairness
relevance,2,gemma2:27b,liberal,4.0,fairness
relevance,2,gemma2:27b,liberal,4.0,fairness
relevance,2,gemma2:27b,liberal,4.0,fairness
relevance,2,gemma2:27b,liberal,4.0,fairness
relevance,2,gemma2:27b,liberal,4.0,fairness
relevance,2,gemma2:27b,liberal,4.0,fairness
relevance,2,gemma2:27b,liberal,4.0,fairness
relevance,2,gemma2:27b,liberal,4.0,fairness
relevance,2,gemma2:27b,liberal,4.0,fairness
relevance,2,gemma2:27b,liberal,5.0,fairness
relevance,2,gemma2:27b,liberal,5.0,fairness
relevance,2,gemma2:27b,liberal,4.0,fairness
relevance,2,gemma2:27b,liberal,4.0,fairness
relevance,2,gemma2:27b,liberal,4.0,fairness
relevance,2,gemma2:27b,liberal,5.0,fairness
relevance,2,gemma2:27b,liberal,4.0,fairness
relevance,2,gemma2:27b,liberal,5.0,fairness
relevance,2,gemma2:27b,liberal,4.0,fairness
relevance,2,gemma2:27b,liberal,4.0,fairness
relevance,2,gemma2:27b,liberal,4.0,fairness
relevance,2,gemma2:27b,liberal,4.0,fairness
relevance,2,gemma2:27b,liberal,4.0,fairness
relevance,2,gemma2:27b,liberal,4.0,fairness
relevance,2,gemma2:27b,liberal,4.0,fairness
relevance,2,gemma2:27b,liberal,4.0,fairness
relevance,2,gemma2:27b,liberal,4.0,fairness
relevance,2,gemma2:27b,liberal,4.0,fairness
relevance,2,gemma2:27b,liberal,4.0,fairness
relevance,2,gemma2:27b,liberal,4.0,fairness
relevance,2,gemma2:27b,liberal,5.0,fairness
relevance,2,gemma2:27b,liberal,4.0,fairness
relevance,2,gemma2:27b,liberal,4.0,fairness
relevance,2,qwen:72b,conservative,4.0,fairness
relevance,2,qwen:72b,conservative,5.0,fairness
relevance,2,qwen:72b,conservative,4.0,fairness
relevance,2,qwen:72b,conservative,4.0,fairness
relevance,2,qwen:72b,conservative,5.0,fairness
relevance,2,qwen:72b,conservative,4.0,fairness
relevance,2,qwen:72b,conservative,5.0,fairness
relevance,2,qwen:72b,conservative,4.0,fairness
relevance,2,qwen:72b,conservative,4.0,fairness
relevance,2,qwen:72b,conservative,4.0,fairness
relevance,2,qwen:72b,conservative,5.0,fairness
relevance,2,qwen:72b,conservative,4.0,fairness
relevance,2,qwen:72b,conservative,5.0,fairness
relevance,2,qwen:72b,conservative,4.0,fairness
relevance,2,qwen:72b,conservative,4.0,fairness
relevance,2,qwen:72b,conservative,4.0,fairness
relevance,2,qwen:72b,conservative,5.0,fairness
relevance,2,qwen:72b,conservative,5.0,fairness
relevance,2,qwen:72b,conservative,4.0,fairness
relevance,2,qwen:72b,conservative,4.0,fairness
relevance,2,qwen:72b,conservative,5.0,fairness
relevance,2,qwen:72b,conservative,4.0,fairness
relevance,2,qwen:72b,conservative,4.0,fairness
relevance,2,qwen:72b,conservative,5.0,fairness
relevance,2,qwen:72b,conservative,4.0,fairness
relevance,2,qwen:72b,conservative,4.0,fairness
relevance,2,qwen:72b,conservative,5.0,fairness
relevance,2,qwen:72b,conservative,5.0,fairness
relevance,2,qwen:72b,conservative,4.0,fairness
relevance,2,qwen:72b,conservative,5.0,fairness
relevance,2,qwen:72b,conservative,5.0,fairness
relevance,2,qwen:72b,conservative,5.0,fairness
relevance,2,qwen:72b,conservative,5.0,fairness
relevance,2,qwen:72b,conservative,5.0,fairness
relevance,2,qwen:72b,conservative,4.0,fairness
relevance,2,qwen:72b,conservative,4.0,fairness
relevance,2,qwen:72b,conservative,5.0,fairness
relevance,2,qwen:72b,conservative,5.0,fairness
relevance,2,qwen:72b,conservative,4.0,fairness
relevance,2,qwen:72b,conservative,5.0,fairness
relevance,2,qwen:72b,conservative,4.0,fairness
relevance,2,qwen:72b,conservative,4.0,fairness
relevance,2,qwen:72b,conservative,5.0,fairness
relevance,2,qwen:72b,conservative,5.0,fairness
relevance,2,qwen:72b,conservative,4.0,fairness
relevance,2,qwen:72b,conservative,4.0,fairness
relevance,2,qwen:72b,conservative,5.0,fairness
relevance,2,qwen:72b,conservative,5.0,fairness
relevance,2,qwen:72b,conservative,4.0,fairness
relevance,2,qwen:72b,conservative,5.0,fairness
relevance,2,qwen:72b,moderate,5.0,fairness
relevance,2,qwen:72b,moderate,4.0,fairness
relevance,2,qwen:72b,moderate,5.0,fairness
relevance,2,qwen:72b,moderate,5.0,fairness
relevance,2,qwen:72b,moderate,5.0,fairness
relevance,2,qwen:72b,moderate,4.0,fairness
relevance,2,qwen:72b,moderate,5.0,fairness
relevance,2,qwen:72b,moderate,5.0,fairness
relevance,2,qwen:72b,moderate,5.0,fairness
relevance,2,qwen:72b,moderate,5.0,fairness
relevance,2,qwen:72b,moderate,5.0,fairness
relevance,2,qwen:72b,moderate,5.0,fairness
relevance,2,qwen:72b,moderate,3.0,fairness
relevance,2,qwen:72b,moderate,5.0,fairness
relevance,2,qwen:72b,moderate,5.0,fairness
relevance,2,qwen:72b,moderate,5.0,fairness
relevance,2,qwen:72b,moderate,5.0,fairness
relevance,2,qwen:72b,moderate,5.0,fairness
relevance,2,qwen:72b,moderate,5.0,fairness
relevance,2,qwen:72b,moderate,5.0,fairness
relevance,2,qwen:72b,moderate,5.0,fairness
relevance,2,qwen:72b,moderate,5.0,fairness
relevance,2,qwen:72b,moderate,5.0,fairness
relevance,2,qwen:72b,moderate,5.0,fairness
relevance,2,qwen:72b,moderate,5.0,fairness
relevance,2,qwen:72b,moderate,5.0,fairness
relevance,2,qwen:72b,moderate,5.0,fairness
relevance,2,qwen:72b,moderate,5.0,fairness
relevance,2,qwen:72b,moderate,5.0,fairness
relevance,2,qwen:72b,moderate,5.0,fairness
relevance,2,qwen:72b,moderate,4.0,fairness
relevance,2,qwen:72b,moderate,5.0,fairness
relevance,2,qwen:72b,moderate,5.0,fairness
relevance,2,qwen:72b,moderate,5.0,fairness
relevance,2,qwen:72b,moderate,5.0,fairness
relevance,2,qwen:72b,moderate,5.0,fairness
relevance,2,qwen:72b,moderate,5.0,fairness
relevance,2,qwen:72b,moderate,5.0,fairness
relevance,2,qwen:72b,moderate,5.0,fairness
relevance,2,qwen:72b,moderate,4.0,fairness
relevance,2,qwen:72b,moderate,5.0,fairness
relevance,2,qwen:72b,moderate,5.0,fairness
relevance,2,qwen:72b,moderate,5.0,fairness
relevance,2,qwen:72b,moderate,5.0,fairness
relevance,2,qwen:72b,moderate,5.0,fairness
relevance,2,qwen:72b,moderate,5.0,fairness
relevance,2,qwen:72b,moderate,5.0,fairness
relevance,2,qwen:72b,moderate,5.0,fairness
relevance,2,qwen:72b,moderate,4.0,fairness
relevance,2,qwen:72b,moderate,5.0,fairness
relevance,2,qwen:72b,liberal,5.0,fairness
relevance,2,qwen:72b,liberal,5.0,fairness
relevance,2,qwen:72b,liberal,5.0,fairness
relevance,2,qwen:72b,liberal,5.0,fairness
relevance,2,qwen:72b,liberal,5.0,fairness
relevance,2,qwen:72b,liberal,5.0,fairness
relevance,2,qwen:72b,liberal,4.0,fairness
relevance,2,qwen:72b,liberal,5.0,fairness
relevance,2,qwen:72b,liberal,5.0,fairness
relevance,2,qwen:72b,liberal,5.0,fairness
relevance,2,qwen:72b,liberal,5.0,fairness
relevance,2,qwen:72b,liberal,5.0,fairness
relevance,2,qwen:72b,liberal,5.0,fairness
relevance,2,qwen:72b,liberal,5.0,fairness
relevance,2,qwen:72b,liberal,5.0,fairness
relevance,2,qwen:72b,liberal,5.0,fairness
relevance,2,qwen:72b,liberal,5.0,fairness
relevance,2,qwen:72b,liberal,5.0,fairness
relevance,2,qwen:72b,liberal,5.0,fairness
relevance,2,qwen:72b,liberal,5.0,fairness
relevance,2,qwen:72b,liberal,5.0,fairness
relevance,2,qwen:72b,liberal,5.0,fairness
relevance,2,qwen:72b,liberal,5.0,fairness
relevance,2,qwen:72b,liberal,5.0,fairness
relevance,2,qwen:72b,liberal,5.0,fairness
relevance,2,qwen:72b,liberal,5.0,fairness
relevance,2,qwen:72b,liberal,5.0,fairness
relevance,2,qwen:72b,liberal,5.0,fairness
relevance,2,qwen:72b,liberal,5.0,fairness
relevance,2,qwen:72b,liberal,5.0,fairness
relevance,2,qwen:72b,liberal,5.0,fairness
relevance,2,qwen:72b,liberal,5.0,fairness
relevance,2,qwen:72b,liberal,5.0,fairness
relevance,2,qwen:72b,liberal,5.0,fairness
relevance,2,qwen:72b,liberal,5.0,fairness
relevance,2,qwen:72b,liberal,5.0,fairness
relevance,2,qwen:72b,liberal,5.0,fairness
relevance,2,qwen:72b,liberal,5.0,fairness
relevance,2,qwen:72b,liberal,5.0,fairness
relevance,2,qwen:72b,liberal,5.0,fairness
relevance,2,qwen:72b,liberal,5.0,fairness
relevance,2,qwen:72b,liberal,5.0,fairness
relevance,2,qwen:72b,liberal,5.0,fairness
relevance,2,qwen:72b,liberal,5.0,fairness
relevance,2,qwen:72b,liberal,5.0,fairness
relevance,2,qwen:72b,liberal,5.0,fairness
relevance,2,qwen:72b,liberal,5.0,fairness
relevance,2,qwen:72b,liberal,5.0,fairness
relevance,2,qwen:72b,liberal,5.0,fairness
relevance,2,qwen2:72b,conservative,5.0,fairness
relevance,2,qwen2:72b,conservative,5.0,fairness
relevance,2,qwen2:72b,conservative,5.0,fairness
relevance,2,qwen2:72b,conservative,5.0,fairness
relevance,2,qwen2:72b,conservative,5.0,fairness
relevance,2,qwen2:72b,conservative,5.0,fairness
relevance,2,qwen2:72b,conservative,5.0,fairness
relevance,2,qwen2:72b,conservative,5.0,fairness
relevance,2,qwen2:72b,conservative,4.0,fairness
relevance,2,qwen2:72b,conservative,5.0,fairness
relevance,2,qwen2:72b,conservative,5.0,fairness
relevance,2,qwen2:72b,conservative,4.0,fairness
relevance,2,qwen2:72b,conservative,5.0,fairness
relevance,2,qwen2:72b,conservative,5.0,fairness
relevance,2,qwen2:72b,conservative,5.0,fairness
relevance,2,qwen2:72b,conservative,5.0,fairness
relevance,2,qwen2:72b,conservative,4.0,fairness
relevance,2,qwen2:72b,conservative,4.0,fairness
relevance,2,qwen2:72b,conservative,5.0,fairness
relevance,2,qwen2:72b,conservative,5.0,fairness
relevance,2,qwen2:72b,conservative,4.0,fairness
relevance,2,qwen2:72b,conservative,4.0,fairness
relevance,2,qwen2:72b,conservative,4.0,fairness
relevance,2,qwen2:72b,conservative,5.0,fairness
relevance,2,qwen2:72b,conservative,5.0,fairness
relevance,2,qwen2:72b,conservative,5.0,fairness
relevance,2,qwen2:72b,conservative,5.0,fairness
relevance,2,qwen2:72b,conservative,4.0,fairness
relevance,2,qwen2:72b,conservative,5.0,fairness
relevance,2,qwen2:72b,conservative,4.0,fairness
relevance,2,qwen2:72b,conservative,5.0,fairness
relevance,2,qwen2:72b,conservative,5.0,fairness
relevance,2,qwen2:72b,conservative,5.0,fairness
relevance,2,qwen2:72b,conservative,5.0,fairness
relevance,2,qwen2:72b,conservative,5.0,fairness
relevance,2,qwen2:72b,conservative,4.0,fairness
relevance,2,qwen2:72b,conservative,5.0,fairness
relevance,2,qwen2:72b,conservative,5.0,fairness
relevance,2,qwen2:72b,conservative,5.0,fairness
relevance,2,qwen2:72b,conservative,5.0,fairness
relevance,2,qwen2:72b,conservative,4.0,fairness
relevance,2,qwen2:72b,conservative,5.0,fairness
relevance,2,qwen2:72b,conservative,5.0,fairness
relevance,2,qwen2:72b,conservative,4.0,fairness
relevance,2,qwen2:72b,conservative,5.0,fairness
relevance,2,qwen2:72b,conservative,5.0,fairness
relevance,2,qwen2:72b,conservative,5.0,fairness
relevance,2,qwen2:72b,conservative,4.0,fairness
relevance,2,qwen2:72b,conservative,4.0,fairness
relevance,2,qwen2:72b,conservative,5.0,fairness
relevance,2,qwen2:72b,moderate,5.0,fairness
relevance,2,qwen2:72b,moderate,5.0,fairness
relevance,2,qwen2:72b,moderate,5.0,fairness
relevance,2,qwen2:72b,moderate,5.0,fairness
relevance,2,qwen2:72b,moderate,5.0,fairness
relevance,2,qwen2:72b,moderate,5.0,fairness
relevance,2,qwen2:72b,moderate,5.0,fairness
relevance,2,qwen2:72b,moderate,5.0,fairness
relevance,2,qwen2:72b,moderate,4.0,fairness
relevance,2,qwen2:72b,moderate,4.0,fairness
relevance,2,qwen2:72b,moderate,5.0,fairness
relevance,2,qwen2:72b,moderate,5.0,fairness
relevance,2,qwen2:72b,moderate,4.0,fairness
relevance,2,qwen2:72b,moderate,5.0,fairness
relevance,2,qwen2:72b,moderate,5.0,fairness
relevance,2,qwen2:72b,moderate,4.0,fairness
relevance,2,qwen2:72b,moderate,5.0,fairness
relevance,2,qwen2:72b,moderate,5.0,fairness
relevance,2,qwen2:72b,moderate,5.0,fairness
relevance,2,qwen2:72b,moderate,5.0,fairness
relevance,2,qwen2:72b,moderate,5.0,fairness
relevance,2,qwen2:72b,moderate,5.0,fairness
relevance,2,qwen2:72b,moderate,5.0,fairness
relevance,2,qwen2:72b,moderate,5.0,fairness
relevance,2,qwen2:72b,moderate,4.0,fairness
relevance,2,qwen2:72b,moderate,5.0,fairness
relevance,2,qwen2:72b,moderate,5.0,fairness
relevance,2,qwen2:72b,moderate,4.0,fairness
relevance,2,qwen2:72b,moderate,5.0,fairness
relevance,2,qwen2:72b,moderate,4.0,fairness
relevance,2,qwen2:72b,moderate,4.0,fairness
relevance,2,qwen2:72b,moderate,5.0,fairness
relevance,2,qwen2:72b,moderate,5.0,fairness
relevance,2,qwen2:72b,moderate,5.0,fairness
relevance,2,qwen2:72b,moderate,5.0,fairness
relevance,2,qwen2:72b,moderate,5.0,fairness
relevance,2,qwen2:72b,moderate,5.0,fairness
relevance,2,qwen2:72b,moderate,5.0,fairness
relevance,2,qwen2:72b,moderate,5.0,fairness
relevance,2,qwen2:72b,moderate,5.0,fairness
relevance,2,qwen2:72b,moderate,5.0,fairness
relevance,2,qwen2:72b,moderate,4.0,fairness
relevance,2,qwen2:72b,moderate,4.0,fairness
relevance,2,qwen2:72b,moderate,4.0,fairness
relevance,2,qwen2:72b,moderate,4.0,fairness
relevance,2,qwen2:72b,moderate,5.0,fairness
relevance,2,qwen2:72b,moderate,5.0,fairness
relevance,2,qwen2:72b,moderate,4.0,fairness
relevance,2,qwen2:72b,moderate,5.0,fairness
relevance,2,qwen2:72b,moderate,5.0,fairness
relevance,2,qwen2:72b,liberal,5.0,fairness
relevance,2,qwen2:72b,liberal,5.0,fairness
relevance,2,qwen2:72b,liberal,5.0,fairness
relevance,2,qwen2:72b,liberal,5.0,fairness
relevance,2,qwen2:72b,liberal,5.0,fairness
relevance,2,qwen2:72b,liberal,5.0,fairness
relevance,2,qwen2:72b,liberal,5.0,fairness
relevance,2,qwen2:72b,liberal,5.0,fairness
relevance,2,qwen2:72b,liberal,5.0,fairness
relevance,2,qwen2:72b,liberal,5.0,fairness
relevance,2,qwen2:72b,liberal,5.0,fairness
relevance,2,qwen2:72b,liberal,5.0,fairness
relevance,2,qwen2:72b,liberal,5.0,fairness
relevance,2,qwen2:72b,liberal,5.0,fairness
relevance,2,qwen2:72b,liberal,5.0,fairness
relevance,2,qwen2:72b,liberal,5.0,fairness
relevance,2,qwen2:72b,liberal,5.0,fairness
relevance,2,qwen2:72b,liberal,5.0,fairness
relevance,2,qwen2:72b,liberal,5.0,fairness
relevance,2,qwen2:72b,liberal,5.0,fairness
relevance,2,qwen2:72b,liberal,5.0,fairness
relevance,2,qwen2:72b,liberal,5.0,fairness
relevance,2,qwen2:72b,liberal,5.0,fairness
relevance,2,qwen2:72b,liberal,5.0,fairness
relevance,2,qwen2:72b,liberal,5.0,fairness
relevance,2,qwen2:72b,liberal,5.0,fairness
relevance,2,qwen2:72b,liberal,5.0,fairness
relevance,2,qwen2:72b,liberal,5.0,fairness
relevance,2,qwen2:72b,liberal,5.0,fairness
relevance,2,qwen2:72b,liberal,5.0,fairness
relevance,2,qwen2:72b,liberal,5.0,fairness
relevance,2,qwen2:72b,liberal,5.0,fairness
relevance,2,qwen2:72b,liberal,5.0,fairness
relevance,2,qwen2:72b,liberal,5.0,fairness
relevance,2,qwen2:72b,liberal,5.0,fairness
relevance,2,qwen2:72b,liberal,5.0,fairness
relevance,2,qwen2:72b,liberal,5.0,fairness
relevance,2,qwen2:72b,liberal,5.0,fairness
relevance,2,qwen2:72b,liberal,5.0,fairness
relevance,2,qwen2:72b,liberal,5.0,fairness
relevance,2,qwen2:72b,liberal,5.0,fairness
relevance,2,qwen2:72b,liberal,5.0,fairness
relevance,2,qwen2:72b,liberal,5.0,fairness
relevance,2,qwen2:72b,liberal,5.0,fairness
relevance,2,qwen2:72b,liberal,5.0,fairness
relevance,2,qwen2:72b,liberal,5.0,fairness
relevance,2,qwen2:72b,liberal,5.0,fairness
relevance,2,qwen2:72b,liberal,5.0,fairness
relevance,2,qwen2:72b,liberal,5.0,fairness
relevance,2,qwen2:72b,liberal,5.0,fairness
relevance,3,llama3.1:8b,conservative,4.0,ingroup
relevance,3,llama3.1:8b,conservative,5.0,ingroup
relevance,3,llama3.1:8b,conservative,3.0,ingroup
relevance,3,llama3.1:8b,conservative,4.0,ingroup
relevance,3,llama3.1:8b,conservative,3.0,ingroup
relevance,3,llama3.1:8b,conservative,4.0,ingroup
relevance,3,llama3.1:8b,conservative,5.0,ingroup
relevance,3,llama3.1:8b,conservative,4.0,ingroup
relevance,3,llama3.1:8b,conservative,5.0,ingroup
relevance,3,llama3.1:8b,conservative,4.0,ingroup
relevance,3,llama3.1:8b,conservative,4.0,ingroup
relevance,3,llama3.1:8b,conservative,5.0,ingroup
relevance,3,llama3.1:8b,conservative,4.0,ingroup
relevance,3,llama3.1:8b,conservative,3.0,ingroup
relevance,3,llama3.1:8b,conservative,4.0,ingroup
relevance,3,llama3.1:8b,conservative,4.0,ingroup
relevance,3,llama3.1:8b,conservative,5.0,ingroup
relevance,3,llama3.1:8b,conservative,3.0,ingroup
relevance,3,llama3.1:8b,conservative,4.0,ingroup
relevance,3,llama3.1:8b,conservative,5.0,ingroup
relevance,3,llama3.1:8b,conservative,4.0,ingroup
relevance,3,llama3.1:8b,conservative,5.0,ingroup
relevance,3,llama3.1:8b,conservative,4.0,ingroup
relevance,3,llama3.1:8b,conservative,4.0,ingroup
relevance,3,llama3.1:8b,conservative,5.0,ingroup
relevance,3,llama3.1:8b,conservative,5.0,ingroup
relevance,3,llama3.1:8b,conservative,5.0,ingroup
relevance,3,llama3.1:8b,conservative,5.0,ingroup
relevance,3,llama3.1:8b,conservative,4.0,ingroup
relevance,3,llama3.1:8b,conservative,3.0,ingroup
relevance,3,llama3.1:8b,conservative,5.0,ingroup
relevance,3,llama3.1:8b,conservative,4.0,ingroup
relevance,3,llama3.1:8b,conservative,5.0,ingroup
relevance,3,llama3.1:8b,conservative,4.0,ingroup
relevance,3,llama3.1:8b,conservative,5.0,ingroup
relevance,3,llama3.1:8b,conservative,3.0,ingroup
relevance,3,llama3.1:8b,conservative,4.0,ingroup
relevance,3,llama3.1:8b,conservative,5.0,ingroup
relevance,3,llama3.1:8b,conservative,5.0,ingroup
relevance,3,llama3.1:8b,conservative,3.0,ingroup
relevance,3,llama3.1:8b,conservative,5.0,ingroup
relevance,3,llama3.1:8b,conservative,4.0,ingroup
relevance,3,llama3.1:8b,conservative,5.0,ingroup
relevance,3,llama3.1:8b,conservative,5.0,ingroup
relevance,3,llama3.1:8b,conservative,4.0,ingroup
relevance,3,llama3.1:8b,conservative,4.0,ingroup
relevance,3,llama3.1:8b,conservative,4.0,ingroup
relevance,3,llama3.1:8b,conservative,3.0,ingroup
relevance,3,llama3.1:8b,conservative,5.0,ingroup
relevance,3,llama3.1:8b,conservative,5.0,ingroup
relevance,3,llama3.1:8b,moderate,2.0,ingroup
relevance,3,llama3.1:8b,moderate,3.0,ingroup
relevance,3,llama3.1:8b,moderate,2.0,ingroup
relevance,3,llama3.1:8b,moderate,3.0,ingroup
relevance,3,llama3.1:8b,moderate,3.0,ingroup
relevance,3,llama3.1:8b,moderate,4.0,ingroup
relevance,3,llama3.1:8b,moderate,3.0,ingroup
relevance,3,llama3.1:8b,moderate,4.0,ingroup
relevance,3,llama3.1:8b,moderate,2.0,ingroup
relevance,3,llama3.1:8b,moderate,2.0,ingroup
relevance,3,llama3.1:8b,moderate,5.0,ingroup
relevance,3,llama3.1:8b,moderate,3.0,ingroup
relevance,3,llama3.1:8b,moderate,3.0,ingroup
relevance,3,llama3.1:8b,moderate,3.0,ingroup
relevance,3,llama3.1:8b,moderate,4.0,ingroup
relevance,3,llama3.1:8b,moderate,5.0,ingroup
relevance,3,llama3.1:8b,moderate,4.0,ingroup
relevance,3,llama3.1:8b,moderate,2.0,ingroup
relevance,3,llama3.1:8b,moderate,3.0,ingroup
relevance,3,llama3.1:8b,moderate,3.0,ingroup
relevance,3,llama3.1:8b,moderate,4.0,ingroup
relevance,3,llama3.1:8b,moderate,3.0,ingroup
relevance,3,llama3.1:8b,moderate,3.0,ingroup
relevance,3,llama3.1:8b,moderate,2.0,ingroup
relevance,3,llama3.1:8b,moderate,3.0,ingroup
relevance,3,llama3.1:8b,moderate,4.0,ingroup
relevance,3,llama3.1:8b,moderate,3.0,ingroup
relevance,3,llama3.1:8b,moderate,5.0,ingroup
relevance,3,llama3.1:8b,moderate,3.0,ingroup
relevance,3,llama3.1:8b,moderate,3.0,ingroup
relevance,3,llama3.1:8b,moderate,4.0,ingroup
relevance,3,llama3.1:8b,moderate,4.0,ingroup
relevance,3,llama3.1:8b,moderate,3.0,ingroup
relevance,3,llama3.1:8b,moderate,2.0,ingroup
relevance,3,llama3.1:8b,moderate,2.0,ingroup
relevance,3,llama3.1:8b,moderate,3.0,ingroup
relevance,3,llama3.1:8b,moderate,3.0,ingroup
relevance,3,llama3.1:8b,moderate,2.0,ingroup
relevance,3,llama3.1:8b,moderate,5.0,ingroup
relevance,3,llama3.1:8b,moderate,2.0,ingroup
relevance,3,llama3.1:8b,moderate,4.0,ingroup
relevance,3,llama3.1:8b,moderate,2.0,ingroup
relevance,3,llama3.1:8b,moderate,4.0,ingroup
relevance,3,llama3.1:8b,moderate,3.0,ingroup
relevance,3,llama3.1:8b,moderate,4.0,ingroup
relevance,3,llama3.1:8b,moderate,5.0,ingroup
relevance,3,llama3.1:8b,moderate,4.0,ingroup
relevance,3,llama3.1:8b,moderate,2.0,ingroup
relevance,3,llama3.1:8b,moderate,2.0,ingroup
relevance,3,llama3.1:8b,moderate,3.0,ingroup
relevance,3,llama3.1:8b,liberal,4.0,ingroup
relevance,3,llama3.1:8b,liberal,4.0,ingroup
relevance,3,llama3.1:8b,liberal,3.0,ingroup
relevance,3,llama3.1:8b,liberal,4.0,ingroup
relevance,3,llama3.1:8b,liberal,5.0,ingroup
relevance,3,llama3.1:8b,liberal,4.0,ingroup
relevance,3,llama3.1:8b,liberal,4.0,ingroup
relevance,3,llama3.1:8b,liberal,4.0,ingroup
relevance,3,llama3.1:8b,liberal,4.0,ingroup
relevance,3,llama3.1:8b,liberal,3.0,ingroup
relevance,3,llama3.1:8b,liberal,3.0,ingroup
relevance,3,llama3.1:8b,liberal,5.0,ingroup
relevance,3,llama3.1:8b,liberal,3.0,ingroup
relevance,3,llama3.1:8b,liberal,4.0,ingroup
relevance,3,llama3.1:8b,liberal,5.0,ingroup
relevance,3,llama3.1:8b,liberal,2.0,ingroup
relevance,3,llama3.1:8b,liberal,4.0,ingroup
relevance,3,llama3.1:8b,liberal,4.0,ingroup
relevance,3,llama3.1:8b,liberal,3.0,ingroup
relevance,3,llama3.1:8b,liberal,3.0,ingroup
relevance,3,llama3.1:8b,liberal,3.0,ingroup
relevance,3,llama3.1:8b,liberal,3.0,ingroup
relevance,3,llama3.1:8b,liberal,5.0,ingroup
relevance,3,llama3.1:8b,liberal,5.0,ingroup
relevance,3,llama3.1:8b,liberal,4.0,ingroup
relevance,3,llama3.1:8b,liberal,4.0,ingroup
relevance,3,llama3.1:8b,liberal,3.0,ingroup
relevance,3,llama3.1:8b,liberal,4.0,ingroup
relevance,3,llama3.1:8b,liberal,3.0,ingroup
relevance,3,llama3.1:8b,liberal,5.0,ingroup
relevance,3,llama3.1:8b,liberal,5.0,ingroup
relevance,3,llama3.1:8b,liberal,4.0,ingroup
relevance,3,llama3.1:8b,liberal,5.0,ingroup
relevance,3,llama3.1:8b,liberal,5.0,ingroup
relevance,3,llama3.1:8b,liberal,4.0,ingroup
relevance,3,llama3.1:8b,liberal,4.0,ingroup
relevance,3,llama3.1:8b,liberal,4.0,ingroup
relevance,3,llama3.1:8b,liberal,5.0,ingroup
relevance,3,llama3.1:8b,liberal,5.0,ingroup
relevance,3,llama3.1:8b,liberal,3.0,ingroup
relevance,3,llama3.1:8b,liberal,4.0,ingroup
relevance,3,llama3.1:8b,liberal,5.0,ingroup
relevance,3,llama3.1:8b,liberal,4.0,ingroup
relevance,3,llama3.1:8b,liberal,5.0,ingroup
relevance,3,llama3.1:8b,liberal,3.0,ingroup
relevance,3,llama3.1:8b,liberal,4.0,ingroup
relevance,3,llama3.1:8b,liberal,4.0,ingroup
relevance,3,llama3.1:8b,liberal,4.0,ingroup
relevance,3,llama3.1:8b,liberal,3.0,ingroup
relevance,3,llama3.1:8b,liberal,3.0,ingroup
relevance,3,llama2:70b,conservative,5.0,ingroup
relevance,3,llama2:70b,conservative,4.0,ingroup
relevance,3,llama2:70b,conservative,3.0,ingroup
relevance,3,llama2:70b,conservative,3.0,ingroup
relevance,3,llama2:70b,conservative,4.0,ingroup
relevance,3,llama2:70b,conservative,4.0,ingroup
relevance,3,llama2:70b,conservative,4.0,ingroup
relevance,3,llama2:70b,conservative,4.0,ingroup
relevance,3,llama2:70b,conservative,4.0,ingroup
relevance,3,llama2:70b,conservative,4.0,ingroup
relevance,3,llama2:70b,conservative,4.0,ingroup
relevance,3,llama2:70b,conservative,4.0,ingroup
relevance,3,llama2:70b,conservative,4.0,ingroup
relevance,3,llama2:70b,conservative,4.0,ingroup
relevance,3,llama2:70b,conservative,4.0,ingroup
relevance,3,llama2:70b,conservative,4.0,ingroup
relevance,3,llama2:70b,conservative,4.0,ingroup
relevance,3,llama2:70b,conservative,3.0,ingroup
relevance,3,llama2:70b,conservative,3.0,ingroup
relevance,3,llama2:70b,conservative,4.0,ingroup
relevance,3,llama2:70b,conservative,4.0,ingroup
relevance,3,llama2:70b,conservative,4.0,ingroup
relevance,3,llama2:70b,conservative,4.0,ingroup
relevance,3,llama2:70b,conservative,4.0,ingroup
relevance,3,llama2:70b,conservative,4.0,ingroup
relevance,3,llama2:70b,conservative,4.0,ingroup
relevance,3,llama2:70b,conservative,3.0,ingroup
relevance,3,llama2:70b,conservative,4.0,ingroup
relevance,3,llama2:70b,conservative,4.0,ingroup
relevance,3,llama2:70b,conservative,5.0,ingroup
relevance,3,llama2:70b,conservative,4.0,ingroup
relevance,3,llama2:70b,conservative,3.0,ingroup
relevance,3,llama2:70b,conservative,4.0,ingroup
relevance,3,llama2:70b,conservative,3.0,ingroup
relevance,3,llama2:70b,conservative,4.0,ingroup
relevance,3,llama2:70b,conservative,4.0,ingroup
relevance,3,llama2:70b,conservative,4.0,ingroup
relevance,3,llama2:70b,conservative,4.0,ingroup
relevance,3,llama2:70b,conservative,4.0,ingroup
relevance,3,llama2:70b,conservative,4.0,ingroup
relevance,3,llama2:70b,conservative,4.0,ingroup
relevance,3,llama2:70b,conservative,3.0,ingroup
relevance,3,llama2:70b,conservative,5.0,ingroup
relevance,3,llama2:70b,conservative,4.0,ingroup
relevance,3,llama2:70b,conservative,5.0,ingroup
relevance,3,llama2:70b,conservative,3.0,ingroup
relevance,3,llama2:70b,conservative,4.0,ingroup
relevance,3,llama2:70b,conservative,4.0,ingroup
relevance,3,llama2:70b,moderate,4.0,ingroup
relevance,3,llama2:70b,moderate,3.0,ingroup
relevance,3,llama2:70b,moderate,3.0,ingroup
relevance,3,llama2:70b,moderate,4.0,ingroup
relevance,3,llama2:70b,moderate,4.0,ingroup
relevance,3,llama2:70b,moderate,4.0,ingroup
relevance,3,llama2:70b,moderate,4.0,ingroup
relevance,3,llama2:70b,moderate,3.0,ingroup
relevance,3,llama2:70b,moderate,3.0,ingroup
relevance,3,llama2:70b,moderate,3.0,ingroup
relevance,3,llama2:70b,moderate,4.0,ingroup
relevance,3,llama2:70b,moderate,3.0,ingroup
relevance,3,llama2:70b,moderate,3.0,ingroup
relevance,3,llama2:70b,moderate,3.0,ingroup
relevance,3,llama2:70b,moderate,3.0,ingroup
relevance,3,llama2:70b,moderate,3.0,ingroup
relevance,3,llama2:70b,moderate,3.0,ingroup
relevance,3,llama2:70b,moderate,3.0,ingroup
relevance,3,llama2:70b,moderate,3.0,ingroup
relevance,3,llama2:70b,moderate,3.0,ingroup
relevance,3,llama2:70b,moderate,4.0,ingroup
relevance,3,llama2:70b,moderate,4.0,ingroup
relevance,3,llama2:70b,moderate,4.0,ingroup
relevance,3,llama2:70b,moderate,3.0,ingroup
relevance,3,llama2:70b,moderate,3.0,ingroup
relevance,3,llama2:70b,moderate,3.0,ingroup
relevance,3,llama2:70b,moderate,4.0,ingroup
relevance,3,llama2:70b,moderate,4.0,ingroup
relevance,3,llama2:70b,moderate,3.0,ingroup
relevance,3,llama2:70b,moderate,3.0,ingroup
relevance,3,llama2:70b,moderate,4.0,ingroup
relevance,3,llama2:70b,moderate,3.0,ingroup
relevance,3,llama2:70b,moderate,4.0,ingroup
relevance,3,llama2:70b,moderate,3.0,ingroup
relevance,3,llama2:70b,moderate,4.0,ingroup
relevance,3,llama2:70b,moderate,5.0,ingroup
relevance,3,llama2:70b,moderate,4.0,ingroup
relevance,3,llama2:70b,moderate,3.0,ingroup
relevance,3,llama2:70b,moderate,3.0,ingroup
relevance,3,llama2:70b,moderate,4.0,ingroup
relevance,3,llama2:70b,moderate,4.0,ingroup
relevance,3,llama2:70b,moderate,3.0,ingroup
relevance,3,llama2:70b,moderate,4.0,ingroup
relevance,3,llama2:70b,moderate,4.0,ingroup
relevance,3,llama2:70b,moderate,3.0,ingroup
relevance,3,llama2:70b,moderate,3.0,ingroup
relevance,3,llama2:70b,moderate,4.0,ingroup
relevance,3,llama2:70b,moderate,3.0,ingroup
relevance,3,llama2:70b,moderate,4.0,ingroup
relevance,3,llama2:70b,moderate,4.0,ingroup
relevance,3,llama2:70b,liberal,4.0,ingroup
relevance,3,llama2:70b,liberal,4.0,ingroup
relevance,3,llama2:70b,liberal,4.0,ingroup
relevance,3,llama2:70b,liberal,4.0,ingroup
relevance,3,llama2:70b,liberal,3.0,ingroup
relevance,3,llama2:70b,liberal,3.0,ingroup
relevance,3,llama2:70b,liberal,4.0,ingroup
relevance,3,llama2:70b,liberal,4.0,ingroup
relevance,3,llama2:70b,liberal,4.0,ingroup
relevance,3,llama2:70b,liberal,4.0,ingroup
relevance,3,llama2:70b,liberal,3.0,ingroup
relevance,3,llama2:70b,liberal,4.0,ingroup
relevance,3,llama2:70b,liberal,4.0,ingroup
relevance,3,llama2:70b,liberal,4.0,ingroup
relevance,3,llama2:70b,liberal,5.0,ingroup
relevance,3,llama2:70b,liberal,3.0,ingroup
relevance,3,llama2:70b,liberal,3.0,ingroup
relevance,3,llama2:70b,liberal,4.0,ingroup
relevance,3,llama2:70b,liberal,4.0,ingroup
relevance,3,llama2:70b,liberal,4.0,ingroup
relevance,3,llama2:70b,liberal,3.0,ingroup
relevance,3,llama2:70b,liberal,3.0,ingroup
relevance,3,llama2:70b,liberal,4.0,ingroup
relevance,3,llama2:70b,liberal,4.0,ingroup
relevance,3,llama2:70b,liberal,4.0,ingroup
relevance,3,llama2:70b,liberal,4.0,ingroup
relevance,3,llama2:70b,liberal,3.0,ingroup
relevance,3,llama2:70b,liberal,4.0,ingroup
relevance,3,llama2:70b,liberal,4.0,ingroup
relevance,3,llama2:70b,liberal,4.0,ingroup
relevance,3,llama2:70b,liberal,4.0,ingroup
relevance,3,llama2:70b,liberal,5.0,ingroup
relevance,3,llama2:70b,liberal,3.0,ingroup
relevance,3,llama2:70b,liberal,4.0,ingroup
relevance,3,llama2:70b,liberal,4.0,ingroup
relevance,3,llama2:70b,liberal,4.0,ingroup
relevance,3,llama2:70b,liberal,4.0,ingroup
relevance,3,llama2:70b,liberal,4.0,ingroup
relevance,3,llama2:70b,liberal,3.0,ingroup
relevance,3,llama2:70b,liberal,5.0,ingroup
relevance,3,llama2:70b,liberal,4.0,ingroup
relevance,3,llama2:70b,liberal,5.0,ingroup
relevance,3,llama2:70b,liberal,4.0,ingroup
relevance,3,llama2:70b,liberal,4.0,ingroup
relevance,3,llama2:70b,liberal,4.0,ingroup
relevance,3,llama2:70b,liberal,4.0,ingroup
relevance,3,llama2:70b,liberal,5.0,ingroup
relevance,3,llama2:70b,liberal,4.0,ingroup
relevance,3,llama2:70b,liberal,4.0,ingroup
relevance,3,llama2:70b,liberal,3.0,ingroup
relevance,3,llama3:70b,conservative,5.0,ingroup
relevance,3,llama3:70b,conservative,5.0,ingroup
relevance,3,llama3:70b,conservative,5.0,ingroup
relevance,3,llama3:70b,conservative,4.0,ingroup
relevance,3,llama3:70b,conservative,5.0,ingroup
relevance,3,llama3:70b,conservative,4.0,ingroup
relevance,3,llama3:70b,conservative,5.0,ingroup
relevance,3,llama3:70b,conservative,5.0,ingroup
relevance,3,llama3:70b,conservative,5.0,ingroup
relevance,3,llama3:70b,conservative,5.0,ingroup
relevance,3,llama3:70b,conservative,5.0,ingroup
relevance,3,llama3:70b,conservative,5.0,ingroup
relevance,3,llama3:70b,conservative,5.0,ingroup
relevance,3,llama3:70b,conservative,4.0,ingroup
relevance,3,llama3:70b,conservative,5.0,ingroup
relevance,3,llama3:70b,conservative,5.0,ingroup
relevance,3,llama3:70b,conservative,5.0,ingroup
relevance,3,llama3:70b,conservative,4.0,ingroup
relevance,3,llama3:70b,conservative,5.0,ingroup
relevance,3,llama3:70b,conservative,5.0,ingroup
relevance,3,llama3:70b,conservative,5.0,ingroup
relevance,3,llama3:70b,conservative,4.0,ingroup
relevance,3,llama3:70b,conservative,5.0,ingroup
relevance,3,llama3:70b,conservative,5.0,ingroup
relevance,3,llama3:70b,conservative,5.0,ingroup
relevance,3,llama3:70b,conservative,5.0,ingroup
relevance,3,llama3:70b,conservative,5.0,ingroup
relevance,3,llama3:70b,conservative,4.0,ingroup
relevance,3,llama3:70b,conservative,5.0,ingroup
relevance,3,llama3:70b,conservative,5.0,ingroup
relevance,3,llama3:70b,conservative,5.0,ingroup
relevance,3,llama3:70b,conservative,5.0,ingroup
relevance,3,llama3:70b,conservative,5.0,ingroup
relevance,3,llama3:70b,conservative,5.0,ingroup
relevance,3,llama3:70b,conservative,5.0,ingroup
relevance,3,llama3:70b,conservative,5.0,ingroup
relevance,3,llama3:70b,conservative,5.0,ingroup
relevance,3,llama3:70b,conservative,4.0,ingroup
relevance,3,llama3:70b,conservative,5.0,ingroup
relevance,3,llama3:70b,conservative,4.0,ingroup
relevance,3,llama3:70b,conservative,4.0,ingroup
relevance,3,llama3:70b,conservative,5.0,ingroup
relevance,3,llama3:70b,conservative,4.0,ingroup
relevance,3,llama3:70b,conservative,5.0,ingroup
relevance,3,llama3:70b,conservative,5.0,ingroup
relevance,3,llama3:70b,conservative,5.0,ingroup
relevance,3,llama3:70b,conservative,5.0,ingroup
relevance,3,llama3:70b,conservative,5.0,ingroup
relevance,3,llama3:70b,conservative,5.0,ingroup
relevance,3,llama3:70b,conservative,5.0,ingroup
relevance,3,llama3:70b,moderate,2.0,ingroup
relevance,3,llama3:70b,moderate,3.0,ingroup
relevance,3,llama3:70b,moderate,2.0,ingroup
relevance,3,llama3:70b,moderate,2.0,ingroup
relevance,3,llama3:70b,moderate,3.0,ingroup
relevance,3,llama3:70b,moderate,3.0,ingroup
relevance,3,llama3:70b,moderate,2.0,ingroup
relevance,3,llama3:70b,moderate,2.0,ingroup
relevance,3,llama3:70b,moderate,3.0,ingroup
relevance,3,llama3:70b,moderate,3.0,ingroup
relevance,3,llama3:70b,moderate,3.0,ingroup
relevance,3,llama3:70b,moderate,3.0,ingroup
relevance,3,llama3:70b,moderate,3.0,ingroup
relevance,3,llama3:70b,moderate,2.0,ingroup
relevance,3,llama3:70b,moderate,3.0,ingroup
relevance,3,llama3:70b,moderate,3.0,ingroup
relevance,3,llama3:70b,moderate,2.0,ingroup
relevance,3,llama3:70b,moderate,3.0,ingroup
relevance,3,llama3:70b,moderate,2.0,ingroup
relevance,3,llama3:70b,moderate,3.0,ingroup
relevance,3,llama3:70b,moderate,3.0,ingroup
relevance,3,llama3:70b,moderate,2.0,ingroup
relevance,3,llama3:70b,moderate,3.0,ingroup
relevance,3,llama3:70b,moderate,2.0,ingroup
relevance,3,llama3:70b,moderate,3.0,ingroup
relevance,3,llama3:70b,moderate,2.0,ingroup
relevance,3,llama3:70b,moderate,1.0,ingroup
relevance,3,llama3:70b,moderate,1.0,ingroup
relevance,3,llama3:70b,moderate,3.0,ingroup
relevance,3,llama3:70b,moderate,3.0,ingroup
relevance,3,llama3:70b,moderate,3.0,ingroup
relevance,3,llama3:70b,moderate,2.0,ingroup
relevance,3,llama3:70b,moderate,2.0,ingroup
relevance,3,llama3:70b,moderate,3.0,ingroup
relevance,3,llama3:70b,moderate,3.0,ingroup
relevance,3,llama3:70b,moderate,3.0,ingroup
relevance,3,llama3:70b,moderate,2.0,ingroup
relevance,3,llama3:70b,moderate,2.0,ingroup
relevance,3,llama3:70b,moderate,3.0,ingroup
relevance,3,llama3:70b,moderate,2.0,ingroup
relevance,3,llama3:70b,moderate,2.0,ingroup
relevance,3,llama3:70b,moderate,3.0,ingroup
relevance,3,llama3:70b,moderate,2.0,ingroup
relevance,3,llama3:70b,moderate,3.0,ingroup
relevance,3,llama3:70b,moderate,2.0,ingroup
relevance,3,llama3:70b,moderate,2.0,ingroup
relevance,3,llama3:70b,moderate,1.0,ingroup
relevance,3,llama3:70b,moderate,3.0,ingroup
relevance,3,llama3:70b,moderate,2.0,ingroup
relevance,3,llama3:70b,moderate,2.0,ingroup
relevance,3,llama3:70b,liberal,2.0,ingroup
relevance,3,llama3:70b,liberal,2.0,ingroup
relevance,3,llama3:70b,liberal,2.0,ingroup
relevance,3,llama3:70b,liberal,2.0,ingroup
relevance,3,llama3:70b,liberal,2.0,ingroup
relevance,3,llama3:70b,liberal,2.0,ingroup
relevance,3,llama3:70b,liberal,2.0,ingroup
relevance,3,llama3:70b,liberal,3.0,ingroup
relevance,3,llama3:70b,liberal,2.0,ingroup
relevance,3,llama3:70b,liberal,2.0,ingroup
relevance,3,llama3:70b,liberal,2.0,ingroup
relevance,3,llama3:70b,liberal,1.0,ingroup
relevance,3,llama3:70b,liberal,2.0,ingroup
relevance,3,llama3:70b,liberal,2.0,ingroup
relevance,3,llama3:70b,liberal,2.0,ingroup
relevance,3,llama3:70b,liberal,2.0,ingroup
relevance,3,llama3:70b,liberal,2.0,ingroup
relevance,3,llama3:70b,liberal,1.0,ingroup
relevance,3,llama3:70b,liberal,2.0,ingroup
relevance,3,llama3:70b,liberal,2.0,ingroup
relevance,3,llama3:70b,liberal,2.0,ingroup
relevance,3,llama3:70b,liberal,2.0,ingroup
relevance,3,llama3:70b,liberal,2.0,ingroup
relevance,3,llama3:70b,liberal,2.0,ingroup
relevance,3,llama3:70b,liberal,2.0,ingroup
relevance,3,llama3:70b,liberal,2.0,ingroup
relevance,3,llama3:70b,liberal,3.0,ingroup
relevance,3,llama3:70b,liberal,2.0,ingroup
relevance,3,llama3:70b,liberal,2.0,ingroup
relevance,3,llama3:70b,liberal,2.0,ingroup
relevance,3,llama3:70b,liberal,2.0,ingroup
relevance,3,llama3:70b,liberal,2.0,ingroup
relevance,3,llama3:70b,liberal,2.0,ingroup
relevance,3,llama3:70b,liberal,1.0,ingroup
relevance,3,llama3:70b,liberal,2.0,ingroup
relevance,3,llama3:70b,liberal,2.0,ingroup
relevance,3,llama3:70b,liberal,2.0,ingroup
relevance,3,llama3:70b,liberal,2.0,ingroup
relevance,3,llama3:70b,liberal,3.0,ingroup
relevance,3,llama3:70b,liberal,3.0,ingroup
relevance,3,llama3:70b,liberal,2.0,ingroup
relevance,3,llama3:70b,liberal,2.0,ingroup
relevance,3,llama3:70b,liberal,2.0,ingroup
relevance,3,llama3:70b,liberal,1.0,ingroup
relevance,3,llama3:70b,liberal,2.0,ingroup
relevance,3,llama3:70b,liberal,2.0,ingroup
relevance,3,llama3:70b,liberal,1.0,ingroup
relevance,3,llama3:70b,liberal,2.0,ingroup
relevance,3,llama3:70b,liberal,2.0,ingroup
relevance,3,llama3:70b,liberal,2.0,ingroup
relevance,3,llama3.1:70b,conservative,5.0,ingroup
relevance,3,llama3.1:70b,conservative,3.0,ingroup
relevance,3,llama3.1:70b,conservative,5.0,ingroup
relevance,3,llama3.1:70b,conservative,4.0,ingroup
relevance,3,llama3.1:70b,conservative,5.0,ingroup
relevance,3,llama3.1:70b,conservative,4.0,ingroup
relevance,3,llama3.1:70b,conservative,4.0,ingroup
relevance,3,llama3.1:70b,conservative,4.0,ingroup
relevance,3,llama3.1:70b,conservative,3.0,ingroup
relevance,3,llama3.1:70b,conservative,4.0,ingroup
relevance,3,llama3.1:70b,conservative,5.0,ingroup
relevance,3,llama3.1:70b,conservative,5.0,ingroup
relevance,3,llama3.1:70b,conservative,5.0,ingroup
relevance,3,llama3.1:70b,conservative,5.0,ingroup
relevance,3,llama3.1:70b,conservative,5.0,ingroup
relevance,3,llama3.1:70b,conservative,4.0,ingroup
relevance,3,llama3.1:70b,conservative,3.0,ingroup
relevance,3,llama3.1:70b,conservative,5.0,ingroup
relevance,3,llama3.1:70b,conservative,5.0,ingroup
relevance,3,llama3.1:70b,conservative,5.0,ingroup
relevance,3,llama3.1:70b,conservative,4.0,ingroup
relevance,3,llama3.1:70b,conservative,4.0,ingroup
relevance,3,llama3.1:70b,conservative,5.0,ingroup
relevance,3,llama3.1:70b,conservative,4.0,ingroup
relevance,3,llama3.1:70b,conservative,5.0,ingroup
relevance,3,llama3.1:70b,conservative,4.0,ingroup
relevance,3,llama3.1:70b,conservative,5.0,ingroup
relevance,3,llama3.1:70b,conservative,4.0,ingroup
relevance,3,llama3.1:70b,conservative,5.0,ingroup
relevance,3,llama3.1:70b,conservative,4.0,ingroup
relevance,3,llama3.1:70b,conservative,4.0,ingroup
relevance,3,llama3.1:70b,conservative,5.0,ingroup
relevance,3,llama3.1:70b,conservative,5.0,ingroup
relevance,3,llama3.1:70b,conservative,5.0,ingroup
relevance,3,llama3.1:70b,conservative,5.0,ingroup
relevance,3,llama3.1:70b,conservative,4.0,ingroup
relevance,3,llama3.1:70b,conservative,3.0,ingroup
relevance,3,llama3.1:70b,conservative,4.0,ingroup
relevance,3,llama3.1:70b,conservative,5.0,ingroup
relevance,3,llama3.1:70b,conservative,4.0,ingroup
relevance,3,llama3.1:70b,conservative,5.0,ingroup
relevance,3,llama3.1:70b,conservative,5.0,ingroup
relevance,3,llama3.1:70b,conservative,4.0,ingroup
relevance,3,llama3.1:70b,conservative,5.0,ingroup
relevance,3,llama3.1:70b,conservative,5.0,ingroup
relevance,3,llama3.1:70b,conservative,3.0,ingroup
relevance,3,llama3.1:70b,conservative,5.0,ingroup
relevance,3,llama3.1:70b,conservative,5.0,ingroup
relevance,3,llama3.1:70b,conservative,5.0,ingroup
relevance,3,llama3.1:70b,conservative,4.0,ingroup
relevance,3,llama3.1:70b,moderate,5.0,ingroup
relevance,3,llama3.1:70b,moderate,4.0,ingroup
relevance,3,llama3.1:70b,moderate,3.0,ingroup
relevance,3,llama3.1:70b,moderate,3.0,ingroup
relevance,3,llama3.1:70b,moderate,3.0,ingroup
relevance,3,llama3.1:70b,moderate,4.0,ingroup
relevance,3,llama3.1:70b,moderate,3.0,ingroup
relevance,3,llama3.1:70b,moderate,4.0,ingroup
relevance,3,llama3.1:70b,moderate,4.0,ingroup
relevance,3,llama3.1:70b,moderate,4.0,ingroup
relevance,3,llama3.1:70b,moderate,3.0,ingroup
relevance,3,llama3.1:70b,moderate,4.0,ingroup
relevance,3,llama3.1:70b,moderate,4.0,ingroup
relevance,3,llama3.1:70b,moderate,4.0,ingroup
relevance,3,llama3.1:70b,moderate,4.0,ingroup
relevance,3,llama3.1:70b,moderate,4.0,ingroup
relevance,3,llama3.1:70b,moderate,3.0,ingroup
relevance,3,llama3.1:70b,moderate,5.0,ingroup
relevance,3,llama3.1:70b,moderate,3.0,ingroup
relevance,3,llama3.1:70b,moderate,3.0,ingroup
relevance,3,llama3.1:70b,moderate,5.0,ingroup
relevance,3,llama3.1:70b,moderate,4.0,ingroup
relevance,3,llama3.1:70b,moderate,4.0,ingroup
relevance,3,llama3.1:70b,moderate,4.0,ingroup
relevance,3,llama3.1:70b,moderate,4.0,ingroup
relevance,3,llama3.1:70b,moderate,5.0,ingroup
relevance,3,llama3.1:70b,moderate,4.0,ingroup
relevance,3,llama3.1:70b,moderate,5.0,ingroup
relevance,3,llama3.1:70b,moderate,4.0,ingroup
relevance,3,llama3.1:70b,moderate,4.0,ingroup
relevance,3,llama3.1:70b,moderate,4.0,ingroup
relevance,3,llama3.1:70b,moderate,3.0,ingroup
relevance,3,llama3.1:70b,moderate,4.0,ingroup
relevance,3,llama3.1:70b,moderate,4.0,ingroup
relevance,3,llama3.1:70b,moderate,4.0,ingroup
relevance,3,llama3.1:70b,moderate,5.0,ingroup
relevance,3,llama3.1:70b,moderate,4.0,ingroup
relevance,3,llama3.1:70b,moderate,4.0,ingroup
relevance,3,llama3.1:70b,moderate,4.0,ingroup
relevance,3,llama3.1:70b,moderate,4.0,ingroup
relevance,3,llama3.1:70b,moderate,3.0,ingroup
relevance,3,llama3.1:70b,moderate,3.0,ingroup
relevance,3,llama3.1:70b,moderate,5.0,ingroup
relevance,3,llama3.1:70b,moderate,4.0,ingroup
relevance,3,llama3.1:70b,moderate,3.0,ingroup
relevance,3,llama3.1:70b,moderate,3.0,ingroup
relevance,3,llama3.1:70b,moderate,3.0,ingroup
relevance,3,llama3.1:70b,moderate,3.0,ingroup
relevance,3,llama3.1:70b,moderate,4.0,ingroup
relevance,3,llama3.1:70b,moderate,4.0,ingroup
relevance,3,llama3.1:70b,liberal,2.0,ingroup
relevance,3,llama3.1:70b,liberal,1.0,ingroup
relevance,3,llama3.1:70b,liberal,4.0,ingroup
relevance,3,llama3.1:70b,liberal,2.0,ingroup
relevance,3,llama3.1:70b,liberal,2.0,ingroup
relevance,3,llama3.1:70b,liberal,3.0,ingroup
relevance,3,llama3.1:70b,liberal,3.0,ingroup
relevance,3,llama3.1:70b,liberal,2.0,ingroup
relevance,3,llama3.1:70b,liberal,1.0,ingroup
relevance,3,llama3.1:70b,liberal,2.0,ingroup
relevance,3,llama3.1:70b,liberal,1.0,ingroup
relevance,3,llama3.1:70b,liberal,1.0,ingroup
relevance,3,llama3.1:70b,liberal,1.0,ingroup
relevance,3,llama3.1:70b,liberal,1.0,ingroup
relevance,3,llama3.1:70b,liberal,2.0,ingroup
relevance,3,llama3.1:70b,liberal,2.0,ingroup
relevance,3,llama3.1:70b,liberal,3.0,ingroup
relevance,3,llama3.1:70b,liberal,1.0,ingroup
relevance,3,llama3.1:70b,liberal,3.0,ingroup
relevance,3,llama3.1:70b,liberal,1.0,ingroup
relevance,3,llama3.1:70b,liberal,1.0,ingroup
relevance,3,llama3.1:70b,liberal,3.0,ingroup
relevance,3,llama3.1:70b,liberal,3.0,ingroup
relevance,3,llama3.1:70b,liberal,3.0,ingroup
relevance,3,llama3.1:70b,liberal,1.0,ingroup
relevance,3,llama3.1:70b,liberal,2.0,ingroup
relevance,3,llama3.1:70b,liberal,2.0,ingroup
relevance,3,llama3.1:70b,liberal,1.0,ingroup
relevance,3,llama3.1:70b,liberal,2.0,ingroup
relevance,3,llama3.1:70b,liberal,1.0,ingroup
relevance,3,llama3.1:70b,liberal,4.0,ingroup
relevance,3,llama3.1:70b,liberal,2.0,ingroup
relevance,3,llama3.1:70b,liberal,2.0,ingroup
relevance,3,llama3.1:70b,liberal,3.0,ingroup
relevance,3,llama3.1:70b,liberal,2.0,ingroup
relevance,3,llama3.1:70b,liberal,1.0,ingroup
relevance,3,llama3.1:70b,liberal,2.0,ingroup
relevance,3,llama3.1:70b,liberal,1.0,ingroup
relevance,3,llama3.1:70b,liberal,2.0,ingroup
relevance,3,llama3.1:70b,liberal,2.0,ingroup
relevance,3,llama3.1:70b,liberal,2.0,ingroup
relevance,3,llama3.1:70b,liberal,4.0,ingroup
relevance,3,llama3.1:70b,liberal,1.0,ingroup
relevance,3,llama3.1:70b,liberal,2.0,ingroup
relevance,3,llama3.1:70b,liberal,1.0,ingroup
relevance,3,llama3.1:70b,liberal,1.0,ingroup
relevance,3,llama3.1:70b,liberal,1.0,ingroup
relevance,3,llama3.1:70b,liberal,1.0,ingroup
relevance,3,llama3.1:70b,liberal,1.0,ingroup
relevance,3,llama3.1:70b,liberal,2.0,ingroup
relevance,3,mistral:7b,conservative,1.0,ingroup
relevance,3,mistral:7b,conservative,1.0,ingroup
relevance,3,mistral:7b,conservative,1.0,ingroup
relevance,3,mistral:7b,conservative,1.0,ingroup
relevance,3,mistral:7b,conservative,1.0,ingroup
relevance,3,mistral:7b,conservative,1.0,ingroup
relevance,3,mistral:7b,conservative,1.0,ingroup
relevance,3,mistral:7b,conservative,1.0,ingroup
relevance,3,mistral:7b,conservative,1.0,ingroup
relevance,3,mistral:7b,conservative,1.0,ingroup
relevance,3,mistral:7b,conservative,1.0,ingroup
relevance,3,mistral:7b,conservative,1.0,ingroup
relevance,3,mistral:7b,conservative,1.0,ingroup
relevance,3,mistral:7b,conservative,1.0,ingroup
relevance,3,mistral:7b,conservative,2.0,ingroup
relevance,3,mistral:7b,conservative,1.0,ingroup
relevance,3,mistral:7b,conservative,0.0,ingroup
relevance,3,mistral:7b,conservative,1.0,ingroup
relevance,3,mistral:7b,conservative,1.0,ingroup
relevance,3,mistral:7b,conservative,1.0,ingroup
relevance,3,mistral:7b,conservative,1.0,ingroup
relevance,3,mistral:7b,conservative,1.0,ingroup
relevance,3,mistral:7b,conservative,1.0,ingroup
relevance,3,mistral:7b,conservative,1.0,ingroup
relevance,3,mistral:7b,conservative,1.0,ingroup
relevance,3,mistral:7b,conservative,1.0,ingroup
relevance,3,mistral:7b,conservative,1.0,ingroup
relevance,3,mistral:7b,conservative,1.0,ingroup
relevance,3,mistral:7b,conservative,1.0,ingroup
relevance,3,mistral:7b,conservative,1.0,ingroup
relevance,3,mistral:7b,conservative,1.0,ingroup
relevance,3,mistral:7b,conservative,1.0,ingroup
relevance,3,mistral:7b,conservative,1.0,ingroup
relevance,3,mistral:7b,conservative,1.0,ingroup
relevance,3,mistral:7b,conservative,1.0,ingroup
relevance,3,mistral:7b,conservative,1.0,ingroup
relevance,3,mistral:7b,conservative,1.0,ingroup
relevance,3,mistral:7b,conservative,1.0,ingroup
relevance,3,mistral:7b,conservative,0.0,ingroup
relevance,3,mistral:7b,conservative,1.0,ingroup
relevance,3,mistral:7b,conservative,0.0,ingroup
relevance,3,mistral:7b,conservative,1.0,ingroup
relevance,3,mistral:7b,conservative,1.0,ingroup
relevance,3,mistral:7b,conservative,1.0,ingroup
relevance,3,mistral:7b,conservative,1.0,ingroup
relevance,3,mistral:7b,conservative,1.0,ingroup
relevance,3,mistral:7b,moderate,1.0,ingroup
relevance,3,mistral:7b,moderate,1.0,ingroup
relevance,3,mistral:7b,moderate,1.0,ingroup
relevance,3,mistral:7b,moderate,1.0,ingroup
relevance,3,mistral:7b,moderate,1.0,ingroup
relevance,3,mistral:7b,moderate,1.0,ingroup
relevance,3,mistral:7b,moderate,1.0,ingroup
relevance,3,mistral:7b,moderate,1.0,ingroup
relevance,3,mistral:7b,moderate,1.0,ingroup
relevance,3,mistral:7b,moderate,1.0,ingroup
relevance,3,mistral:7b,moderate,2.0,ingroup
relevance,3,mistral:7b,moderate,1.0,ingroup
relevance,3,mistral:7b,moderate,1.0,ingroup
relevance,3,mistral:7b,moderate,1.0,ingroup
relevance,3,mistral:7b,moderate,1.0,ingroup
relevance,3,mistral:7b,moderate,2.0,ingroup
relevance,3,mistral:7b,moderate,1.0,ingroup
relevance,3,mistral:7b,moderate,1.0,ingroup
relevance,3,mistral:7b,moderate,1.0,ingroup
relevance,3,mistral:7b,moderate,1.0,ingroup
relevance,3,mistral:7b,moderate,1.0,ingroup
relevance,3,mistral:7b,moderate,1.0,ingroup
relevance,3,mistral:7b,moderate,1.0,ingroup
relevance,3,mistral:7b,moderate,1.0,ingroup
relevance,3,mistral:7b,moderate,1.0,ingroup
relevance,3,mistral:7b,moderate,1.0,ingroup
relevance,3,mistral:7b,moderate,1.0,ingroup
relevance,3,mistral:7b,moderate,1.0,ingroup
relevance,3,mistral:7b,moderate,1.0,ingroup
relevance,3,mistral:7b,moderate,1.0,ingroup
relevance,3,mistral:7b,moderate,1.0,ingroup
relevance,3,mistral:7b,moderate,1.0,ingroup
relevance,3,mistral:7b,moderate,1.0,ingroup
relevance,3,mistral:7b,moderate,1.0,ingroup
relevance,3,mistral:7b,moderate,1.0,ingroup
relevance,3,mistral:7b,moderate,1.0,ingroup
relevance,3,mistral:7b,moderate,1.0,ingroup
relevance,3,mistral:7b,moderate,1.0,ingroup
relevance,3,mistral:7b,moderate,1.0,ingroup
relevance,3,mistral:7b,moderate,1.0,ingroup
relevance,3,mistral:7b,moderate,1.0,ingroup
relevance,3,mistral:7b,moderate,1.0,ingroup
relevance,3,mistral:7b,moderate,1.0,ingroup
relevance,3,mistral:7b,moderate,1.0,ingroup
relevance,3,mistral:7b,moderate,1.0,ingroup
relevance,3,mistral:7b,moderate,1.0,ingroup
relevance,3,mistral:7b,moderate,1.0,ingroup
relevance,3,mistral:7b,moderate,1.0,ingroup
relevance,3,mistral:7b,moderate,1.0,ingroup
relevance,3,mistral:7b,moderate,1.0,ingroup
relevance,3,mistral:7b,liberal,1.0,ingroup
relevance,3,mistral:7b,liberal,1.0,ingroup
relevance,3,mistral:7b,liberal,1.0,ingroup
relevance,3,mistral:7b,liberal,1.0,ingroup
relevance,3,mistral:7b,liberal,1.0,ingroup
relevance,3,mistral:7b,liberal,1.0,ingroup
relevance,3,mistral:7b,liberal,1.0,ingroup
relevance,3,mistral:7b,liberal,1.0,ingroup
relevance,3,mistral:7b,liberal,1.0,ingroup
relevance,3,mistral:7b,liberal,1.0,ingroup
relevance,3,mistral:7b,liberal,1.0,ingroup
relevance,3,mistral:7b,liberal,1.0,ingroup
relevance,3,mistral:7b,liberal,1.0,ingroup
relevance,3,mistral:7b,liberal,1.0,ingroup
relevance,3,mistral:7b,liberal,1.0,ingroup
relevance,3,mistral:7b,liberal,1.0,ingroup
relevance,3,mistral:7b,liberal,1.0,ingroup
relevance,3,mistral:7b,liberal,1.0,ingroup
relevance,3,mistral:7b,liberal,1.0,ingroup
relevance,3,mistral:7b,liberal,1.0,ingroup
relevance,3,mistral:7b,liberal,1.0,ingroup
relevance,3,mistral:7b,liberal,1.0,ingroup
relevance,3,mistral:7b,liberal,1.0,ingroup
relevance,3,mistral:7b,liberal,1.0,ingroup
relevance,3,mistral:7b,liberal,1.0,ingroup
relevance,3,mistral:7b,liberal,1.0,ingroup
relevance,3,mistral:7b,liberal,1.0,ingroup
relevance,3,mistral:7b,liberal,1.0,ingroup
relevance,3,mistral:7b,liberal,1.0,ingroup
relevance,3,mistral:7b,liberal,1.0,ingroup
relevance,3,mistral:7b,liberal,1.0,ingroup
relevance,3,mistral:7b,liberal,1.0,ingroup
relevance,3,mistral:7b,liberal,1.0,ingroup
relevance,3,mistral:7b,liberal,1.0,ingroup
relevance,3,mistral:7b,liberal,1.0,ingroup
relevance,3,mistral:7b,liberal,1.0,ingroup
relevance,3,mistral:7b,liberal,1.0,ingroup
relevance,3,mistral:7b,liberal,1.0,ingroup
relevance,3,mistral:7b,liberal,1.0,ingroup
relevance,3,mistral:7b,liberal,1.0,ingroup
relevance,3,mistral:7b,liberal,1.0,ingroup
relevance,3,mistral:7b,liberal,1.0,ingroup
relevance,3,mistral:7b,liberal,1.0,ingroup
relevance,3,mistral:7b,liberal,1.0,ingroup
relevance,3,mistral:7b,liberal,1.0,ingroup
relevance,3,mistral:7b,liberal,1.0,ingroup
relevance,3,mistral:7b,liberal,1.0,ingroup
relevance,3,mistral:7b,liberal,1.0,ingroup
relevance,3,mistral:7b,liberal,1.0,ingroup
relevance,3,mistral:7b,liberal,1.0,ingroup
relevance,3,mixtral:8x22b,conservative,4.0,ingroup
relevance,3,mixtral:8x22b,conservative,4.0,ingroup
relevance,3,mixtral:8x22b,conservative,4.0,ingroup
relevance,3,mixtral:8x22b,conservative,4.0,ingroup
relevance,3,mixtral:8x22b,conservative,4.0,ingroup
relevance,3,mixtral:8x22b,conservative,4.0,ingroup
relevance,3,mixtral:8x22b,conservative,4.0,ingroup
relevance,3,mixtral:8x22b,conservative,4.0,ingroup
relevance,3,mixtral:8x22b,conservative,4.0,ingroup
relevance,3,mixtral:8x22b,conservative,4.0,ingroup
relevance,3,mixtral:8x22b,conservative,4.0,ingroup
relevance,3,mixtral:8x22b,conservative,4.0,ingroup
relevance,3,mixtral:8x22b,conservative,4.0,ingroup
relevance,3,mixtral:8x22b,conservative,4.0,ingroup
relevance,3,mixtral:8x22b,conservative,4.0,ingroup
relevance,3,mixtral:8x22b,conservative,4.0,ingroup
relevance,3,mixtral:8x22b,conservative,4.0,ingroup
relevance,3,mixtral:8x22b,conservative,4.0,ingroup
relevance,3,mixtral:8x22b,conservative,4.0,ingroup
relevance,3,mixtral:8x22b,conservative,4.0,ingroup
relevance,3,mixtral:8x22b,conservative,4.0,ingroup
relevance,3,mixtral:8x22b,conservative,4.0,ingroup
relevance,3,mixtral:8x22b,conservative,4.0,ingroup
relevance,3,mixtral:8x22b,conservative,4.0,ingroup
relevance,3,mixtral:8x22b,conservative,4.0,ingroup
relevance,3,mixtral:8x22b,conservative,4.0,ingroup
relevance,3,mixtral:8x22b,conservative,4.0,ingroup
relevance,3,mixtral:8x22b,conservative,4.0,ingroup
relevance,3,mixtral:8x22b,conservative,4.0,ingroup
relevance,3,mixtral:8x22b,conservative,4.0,ingroup
relevance,3,mixtral:8x22b,conservative,4.0,ingroup
relevance,3,mixtral:8x22b,conservative,4.0,ingroup
relevance,3,mixtral:8x22b,conservative,4.0,ingroup
relevance,3,mixtral:8x22b,conservative,4.0,ingroup
relevance,3,mixtral:8x22b,conservative,4.0,ingroup
relevance,3,mixtral:8x22b,conservative,4.0,ingroup
relevance,3,mixtral:8x22b,conservative,4.0,ingroup
relevance,3,mixtral:8x22b,conservative,4.0,ingroup
relevance,3,mixtral:8x22b,conservative,4.0,ingroup
relevance,3,mixtral:8x22b,conservative,4.0,ingroup
relevance,3,mixtral:8x22b,conservative,4.0,ingroup
relevance,3,mixtral:8x22b,conservative,4.0,ingroup
relevance,3,mixtral:8x22b,conservative,4.0,ingroup
relevance,3,mixtral:8x22b,conservative,4.0,ingroup
relevance,3,mixtral:8x22b,conservative,4.0,ingroup
relevance,3,mixtral:8x22b,conservative,4.0,ingroup
relevance,3,mixtral:8x22b,conservative,4.0,ingroup
relevance,3,mixtral:8x22b,conservative,4.0,ingroup
relevance,3,mixtral:8x22b,conservative,4.0,ingroup
relevance,3,mixtral:8x22b,conservative,4.0,ingroup
relevance,3,mixtral:8x22b,moderate,2.0,ingroup
relevance,3,mixtral:8x22b,moderate,2.0,ingroup
relevance,3,mixtral:8x22b,moderate,2.0,ingroup
relevance,3,mixtral:8x22b,moderate,1.0,ingroup
relevance,3,mixtral:8x22b,moderate,3.0,ingroup
relevance,3,mixtral:8x22b,moderate,2.0,ingroup
relevance,3,mixtral:8x22b,moderate,2.0,ingroup
relevance,3,mixtral:8x22b,moderate,2.0,ingroup
relevance,3,mixtral:8x22b,moderate,2.0,ingroup
relevance,3,mixtral:8x22b,moderate,2.0,ingroup
relevance,3,mixtral:8x22b,moderate,2.0,ingroup
relevance,3,mixtral:8x22b,moderate,2.0,ingroup
relevance,3,mixtral:8x22b,moderate,2.0,ingroup
relevance,3,mixtral:8x22b,moderate,3.0,ingroup
relevance,3,mixtral:8x22b,moderate,2.0,ingroup
relevance,3,mixtral:8x22b,moderate,2.0,ingroup
relevance,3,mixtral:8x22b,moderate,2.0,ingroup
relevance,3,mixtral:8x22b,moderate,2.0,ingroup
relevance,3,mixtral:8x22b,moderate,2.0,ingroup
relevance,3,mixtral:8x22b,moderate,2.0,ingroup
relevance,3,mixtral:8x22b,moderate,2.0,ingroup
relevance,3,mixtral:8x22b,moderate,2.0,ingroup
relevance,3,mixtral:8x22b,moderate,2.0,ingroup
relevance,3,mixtral:8x22b,moderate,2.0,ingroup
relevance,3,mixtral:8x22b,moderate,1.0,ingroup
relevance,3,mixtral:8x22b,moderate,3.0,ingroup
relevance,3,mixtral:8x22b,moderate,2.0,ingroup
relevance,3,mixtral:8x22b,moderate,3.0,ingroup
relevance,3,mixtral:8x22b,moderate,2.0,ingroup
relevance,3,mixtral:8x22b,moderate,2.0,ingroup
relevance,3,mixtral:8x22b,moderate,3.0,ingroup
relevance,3,mixtral:8x22b,moderate,2.0,ingroup
relevance,3,mixtral:8x22b,moderate,2.0,ingroup
relevance,3,mixtral:8x22b,moderate,2.0,ingroup
relevance,3,mixtral:8x22b,moderate,2.0,ingroup
relevance,3,mixtral:8x22b,moderate,2.0,ingroup
relevance,3,mixtral:8x22b,moderate,2.0,ingroup
relevance,3,mixtral:8x22b,moderate,2.0,ingroup
relevance,3,mixtral:8x22b,moderate,3.0,ingroup
relevance,3,mixtral:8x22b,moderate,2.0,ingroup
relevance,3,mixtral:8x22b,moderate,2.0,ingroup
relevance,3,mixtral:8x22b,moderate,1.0,ingroup
relevance,3,mixtral:8x22b,moderate,3.0,ingroup
relevance,3,mixtral:8x22b,moderate,2.0,ingroup
relevance,3,mixtral:8x22b,moderate,2.0,ingroup
relevance,3,mixtral:8x22b,moderate,2.0,ingroup
relevance,3,mixtral:8x22b,moderate,2.0,ingroup
relevance,3,mixtral:8x22b,moderate,2.0,ingroup
relevance,3,mixtral:8x22b,moderate,2.0,ingroup
relevance,3,mixtral:8x22b,moderate,2.0,ingroup
relevance,3,mixtral:8x22b,liberal,2.0,ingroup
relevance,3,mixtral:8x22b,liberal,2.0,ingroup
relevance,3,mixtral:8x22b,liberal,2.0,ingroup
relevance,3,mixtral:8x22b,liberal,3.0,ingroup
relevance,3,mixtral:8x22b,liberal,2.0,ingroup
relevance,3,mixtral:8x22b,liberal,2.0,ingroup
relevance,3,mixtral:8x22b,liberal,2.0,ingroup
relevance,3,mixtral:8x22b,liberal,2.0,ingroup
relevance,3,mixtral:8x22b,liberal,2.0,ingroup
relevance,3,mixtral:8x22b,liberal,2.0,ingroup
relevance,3,mixtral:8x22b,liberal,2.0,ingroup
relevance,3,mixtral:8x22b,liberal,3.0,ingroup
relevance,3,mixtral:8x22b,liberal,2.0,ingroup
relevance,3,mixtral:8x22b,liberal,2.0,ingroup
relevance,3,mixtral:8x22b,liberal,2.0,ingroup
relevance,3,mixtral:8x22b,liberal,2.0,ingroup
relevance,3,mixtral:8x22b,liberal,2.0,ingroup
relevance,3,mixtral:8x22b,liberal,2.0,ingroup
relevance,3,mixtral:8x22b,liberal,2.0,ingroup
relevance,3,mixtral:8x22b,liberal,2.0,ingroup
relevance,3,mixtral:8x22b,liberal,2.0,ingroup
relevance,3,mixtral:8x22b,liberal,3.0,ingroup
relevance,3,mixtral:8x22b,liberal,2.0,ingroup
relevance,3,mixtral:8x22b,liberal,2.0,ingroup
relevance,3,mixtral:8x22b,liberal,2.0,ingroup
relevance,3,mixtral:8x22b,liberal,2.0,ingroup
relevance,3,mixtral:8x22b,liberal,3.0,ingroup
relevance,3,mixtral:8x22b,liberal,2.0,ingroup
relevance,3,mixtral:8x22b,liberal,2.0,ingroup
relevance,3,mixtral:8x22b,liberal,2.0,ingroup
relevance,3,mixtral:8x22b,liberal,2.0,ingroup
relevance,3,mixtral:8x22b,liberal,2.0,ingroup
relevance,3,mixtral:8x22b,liberal,2.0,ingroup
relevance,3,mixtral:8x22b,liberal,2.0,ingroup
relevance,3,mixtral:8x22b,liberal,2.0,ingroup
relevance,3,mixtral:8x22b,liberal,2.0,ingroup
relevance,3,mixtral:8x22b,liberal,2.0,ingroup
relevance,3,mixtral:8x22b,liberal,2.0,ingroup
relevance,3,mixtral:8x22b,liberal,2.0,ingroup
relevance,3,mixtral:8x22b,liberal,2.0,ingroup
relevance,3,mixtral:8x22b,liberal,2.0,ingroup
relevance,3,mixtral:8x22b,liberal,2.0,ingroup
relevance,3,mixtral:8x22b,liberal,2.0,ingroup
relevance,3,mixtral:8x22b,liberal,2.0,ingroup
relevance,3,mixtral:8x22b,liberal,2.0,ingroup
relevance,3,mixtral:8x22b,liberal,2.0,ingroup
relevance,3,mixtral:8x22b,liberal,2.0,ingroup
relevance,3,mixtral:8x22b,liberal,2.0,ingroup
relevance,3,mixtral:8x22b,liberal,2.0,ingroup
relevance,3,mixtral:8x22b,liberal,2.0,ingroup
relevance,3,mixtral:8x7b,conservative,4.0,ingroup
relevance,3,mixtral:8x7b,conservative,4.0,ingroup
relevance,3,mixtral:8x7b,conservative,3.0,ingroup
relevance,3,mixtral:8x7b,conservative,4.0,ingroup
relevance,3,mixtral:8x7b,conservative,4.0,ingroup
relevance,3,mixtral:8x7b,conservative,4.0,ingroup
relevance,3,mixtral:8x7b,conservative,3.0,ingroup
relevance,3,mixtral:8x7b,conservative,4.0,ingroup
relevance,3,mixtral:8x7b,conservative,4.0,ingroup
relevance,3,mixtral:8x7b,conservative,4.0,ingroup
relevance,3,mixtral:8x7b,conservative,4.0,ingroup
relevance,3,mixtral:8x7b,conservative,4.0,ingroup
relevance,3,mixtral:8x7b,conservative,4.0,ingroup
relevance,3,mixtral:8x7b,conservative,4.0,ingroup
relevance,3,mixtral:8x7b,conservative,4.0,ingroup
relevance,3,mixtral:8x7b,conservative,3.0,ingroup
relevance,3,mixtral:8x7b,conservative,4.0,ingroup
relevance,3,mixtral:8x7b,conservative,4.0,ingroup
relevance,3,mixtral:8x7b,conservative,4.0,ingroup
relevance,3,mixtral:8x7b,conservative,4.0,ingroup
relevance,3,mixtral:8x7b,conservative,4.0,ingroup
relevance,3,mixtral:8x7b,conservative,4.0,ingroup
relevance,3,mixtral:8x7b,conservative,4.0,ingroup
relevance,3,mixtral:8x7b,conservative,4.0,ingroup
relevance,3,mixtral:8x7b,conservative,4.0,ingroup
relevance,3,mixtral:8x7b,conservative,4.0,ingroup
relevance,3,mixtral:8x7b,conservative,3.0,ingroup
relevance,3,mixtral:8x7b,conservative,4.0,ingroup
relevance,3,mixtral:8x7b,conservative,4.0,ingroup
relevance,3,mixtral:8x7b,conservative,4.0,ingroup
relevance,3,mixtral:8x7b,conservative,4.0,ingroup
relevance,3,mixtral:8x7b,conservative,4.0,ingroup
relevance,3,mixtral:8x7b,conservative,4.0,ingroup
relevance,3,mixtral:8x7b,conservative,4.0,ingroup
relevance,3,mixtral:8x7b,conservative,4.0,ingroup
relevance,3,mixtral:8x7b,conservative,4.0,ingroup
relevance,3,mixtral:8x7b,conservative,4.0,ingroup
relevance,3,mixtral:8x7b,conservative,4.0,ingroup
relevance,3,mixtral:8x7b,conservative,3.0,ingroup
relevance,3,mixtral:8x7b,conservative,4.0,ingroup
relevance,3,mixtral:8x7b,conservative,4.0,ingroup
relevance,3,mixtral:8x7b,conservative,4.0,ingroup
relevance,3,mixtral:8x7b,conservative,4.0,ingroup
relevance,3,mixtral:8x7b,conservative,4.0,ingroup
relevance,3,mixtral:8x7b,conservative,4.0,ingroup
relevance,3,mixtral:8x7b,conservative,4.0,ingroup
relevance,3,mixtral:8x7b,conservative,4.0,ingroup
relevance,3,mixtral:8x7b,conservative,3.0,ingroup
relevance,3,mixtral:8x7b,conservative,4.0,ingroup
relevance,3,mixtral:8x7b,conservative,4.0,ingroup
relevance,3,mixtral:8x7b,moderate,3.0,ingroup
relevance,3,mixtral:8x7b,moderate,3.0,ingroup
relevance,3,mixtral:8x7b,moderate,3.0,ingroup
relevance,3,mixtral:8x7b,moderate,3.0,ingroup
relevance,3,mixtral:8x7b,moderate,3.0,ingroup
relevance,3,mixtral:8x7b,moderate,3.0,ingroup
relevance,3,mixtral:8x7b,moderate,3.0,ingroup
relevance,3,mixtral:8x7b,moderate,3.0,ingroup
relevance,3,mixtral:8x7b,moderate,3.0,ingroup
relevance,3,mixtral:8x7b,moderate,3.0,ingroup
relevance,3,mixtral:8x7b,moderate,3.0,ingroup
relevance,3,mixtral:8x7b,moderate,3.0,ingroup
relevance,3,mixtral:8x7b,moderate,3.0,ingroup
relevance,3,mixtral:8x7b,moderate,3.0,ingroup
relevance,3,mixtral:8x7b,moderate,3.0,ingroup
relevance,3,mixtral:8x7b,moderate,3.0,ingroup
relevance,3,mixtral:8x7b,moderate,3.0,ingroup
relevance,3,mixtral:8x7b,moderate,3.0,ingroup
relevance,3,mixtral:8x7b,moderate,3.0,ingroup
relevance,3,mixtral:8x7b,moderate,3.0,ingroup
relevance,3,mixtral:8x7b,moderate,3.0,ingroup
relevance,3,mixtral:8x7b,moderate,3.0,ingroup
relevance,3,mixtral:8x7b,moderate,3.0,ingroup
relevance,3,mixtral:8x7b,moderate,3.0,ingroup
relevance,3,mixtral:8x7b,moderate,3.0,ingroup
relevance,3,mixtral:8x7b,moderate,3.0,ingroup
relevance,3,mixtral:8x7b,moderate,3.0,ingroup
relevance,3,mixtral:8x7b,moderate,3.0,ingroup
relevance,3,mixtral:8x7b,moderate,3.0,ingroup
relevance,3,mixtral:8x7b,moderate,3.0,ingroup
relevance,3,mixtral:8x7b,moderate,3.0,ingroup
relevance,3,mixtral:8x7b,moderate,3.0,ingroup
relevance,3,mixtral:8x7b,moderate,3.0,ingroup
relevance,3,mixtral:8x7b,moderate,3.0,ingroup
relevance,3,mixtral:8x7b,moderate,3.0,ingroup
relevance,3,mixtral:8x7b,moderate,3.0,ingroup
relevance,3,mixtral:8x7b,moderate,3.0,ingroup
relevance,3,mixtral:8x7b,moderate,3.0,ingroup
relevance,3,mixtral:8x7b,moderate,3.0,ingroup
relevance,3,mixtral:8x7b,moderate,3.0,ingroup
relevance,3,mixtral:8x7b,moderate,3.0,ingroup
relevance,3,mixtral:8x7b,moderate,3.0,ingroup
relevance,3,mixtral:8x7b,moderate,3.0,ingroup
relevance,3,mixtral:8x7b,moderate,3.0,ingroup
relevance,3,mixtral:8x7b,moderate,3.0,ingroup
relevance,3,mixtral:8x7b,moderate,3.0,ingroup
relevance,3,mixtral:8x7b,moderate,3.0,ingroup
relevance,3,mixtral:8x7b,moderate,3.0,ingroup
relevance,3,mixtral:8x7b,moderate,3.0,ingroup
relevance,3,mixtral:8x7b,moderate,3.0,ingroup
relevance,3,mixtral:8x7b,liberal,2.0,ingroup
relevance,3,mixtral:8x7b,liberal,2.0,ingroup
relevance,3,mixtral:8x7b,liberal,2.0,ingroup
relevance,3,mixtral:8x7b,liberal,2.0,ingroup
relevance,3,mixtral:8x7b,liberal,2.0,ingroup
relevance,3,mixtral:8x7b,liberal,2.0,ingroup
relevance,3,mixtral:8x7b,liberal,2.0,ingroup
relevance,3,mixtral:8x7b,liberal,2.0,ingroup
relevance,3,mixtral:8x7b,liberal,2.0,ingroup
relevance,3,mixtral:8x7b,liberal,2.0,ingroup
relevance,3,mixtral:8x7b,liberal,2.0,ingroup
relevance,3,mixtral:8x7b,liberal,2.0,ingroup
relevance,3,mixtral:8x7b,liberal,2.0,ingroup
relevance,3,mixtral:8x7b,liberal,2.0,ingroup
relevance,3,mixtral:8x7b,liberal,2.0,ingroup
relevance,3,mixtral:8x7b,liberal,2.0,ingroup
relevance,3,mixtral:8x7b,liberal,2.0,ingroup
relevance,3,mixtral:8x7b,liberal,2.0,ingroup
relevance,3,mixtral:8x7b,liberal,2.0,ingroup
relevance,3,mixtral:8x7b,liberal,2.0,ingroup
relevance,3,mixtral:8x7b,liberal,2.0,ingroup
relevance,3,mixtral:8x7b,liberal,2.0,ingroup
relevance,3,mixtral:8x7b,liberal,2.0,ingroup
relevance,3,mixtral:8x7b,liberal,2.0,ingroup
relevance,3,mixtral:8x7b,liberal,2.0,ingroup
relevance,3,mixtral:8x7b,liberal,2.0,ingroup
relevance,3,mixtral:8x7b,liberal,2.0,ingroup
relevance,3,mixtral:8x7b,liberal,2.0,ingroup
relevance,3,mixtral:8x7b,liberal,2.0,ingroup
relevance,3,mixtral:8x7b,liberal,2.0,ingroup
relevance,3,mixtral:8x7b,liberal,2.0,ingroup
relevance,3,mixtral:8x7b,liberal,2.0,ingroup
relevance,3,mixtral:8x7b,liberal,2.0,ingroup
relevance,3,mixtral:8x7b,liberal,2.0,ingroup
relevance,3,mixtral:8x7b,liberal,2.0,ingroup
relevance,3,mixtral:8x7b,liberal,2.0,ingroup
relevance,3,mixtral:8x7b,liberal,2.0,ingroup
relevance,3,mixtral:8x7b,liberal,2.0,ingroup
relevance,3,mixtral:8x7b,liberal,2.0,ingroup
relevance,3,mixtral:8x7b,liberal,2.0,ingroup
relevance,3,mixtral:8x7b,liberal,2.0,ingroup
relevance,3,mixtral:8x7b,liberal,2.0,ingroup
relevance,3,mixtral:8x7b,liberal,2.0,ingroup
relevance,3,mixtral:8x7b,liberal,2.0,ingroup
relevance,3,mixtral:8x7b,liberal,2.0,ingroup
relevance,3,mixtral:8x7b,liberal,2.0,ingroup
relevance,3,mixtral:8x7b,liberal,2.0,ingroup
relevance,3,mixtral:8x7b,liberal,2.0,ingroup
relevance,3,mixtral:8x7b,liberal,2.0,ingroup
relevance,3,mixtral:8x7b,liberal,2.0,ingroup
relevance,3,phi3:14b,conservative,4.0,ingroup
relevance,3,phi3:14b,conservative,4.0,ingroup
relevance,3,phi3:14b,conservative,4.0,ingroup
relevance,3,phi3:14b,conservative,4.0,ingroup
relevance,3,phi3:14b,conservative,4.0,ingroup
relevance,3,phi3:14b,conservative,4.0,ingroup
relevance,3,phi3:14b,conservative,4.0,ingroup
relevance,3,phi3:14b,conservative,5.0,ingroup
relevance,3,phi3:14b,conservative,4.0,ingroup
relevance,3,phi3:14b,conservative,4.0,ingroup
relevance,3,phi3:14b,conservative,4.0,ingroup
relevance,3,phi3:14b,conservative,4.0,ingroup
relevance,3,phi3:14b,conservative,4.0,ingroup
relevance,3,phi3:14b,conservative,5.0,ingroup
relevance,3,phi3:14b,conservative,4.0,ingroup
relevance,3,phi3:14b,conservative,4.0,ingroup
relevance,3,phi3:14b,conservative,4.0,ingroup
relevance,3,phi3:14b,conservative,4.0,ingroup
relevance,3,phi3:14b,conservative,4.0,ingroup
relevance,3,phi3:14b,conservative,5.0,ingroup
relevance,3,phi3:14b,conservative,4.0,ingroup
relevance,3,phi3:14b,conservative,4.0,ingroup
relevance,3,phi3:14b,conservative,4.0,ingroup
relevance,3,phi3:14b,conservative,4.0,ingroup
relevance,3,phi3:14b,conservative,4.0,ingroup
relevance,3,phi3:14b,conservative,4.0,ingroup
relevance,3,phi3:14b,conservative,4.0,ingroup
relevance,3,phi3:14b,conservative,4.0,ingroup
relevance,3,phi3:14b,conservative,4.0,ingroup
relevance,3,phi3:14b,conservative,4.0,ingroup
relevance,3,phi3:14b,conservative,4.0,ingroup
relevance,3,phi3:14b,conservative,4.0,ingroup
relevance,3,phi3:14b,conservative,4.0,ingroup
relevance,3,phi3:14b,conservative,5.0,ingroup
relevance,3,phi3:14b,conservative,4.0,ingroup
relevance,3,phi3:14b,conservative,4.0,ingroup
relevance,3,phi3:14b,conservative,4.0,ingroup
relevance,3,phi3:14b,conservative,4.0,ingroup
relevance,3,phi3:14b,conservative,4.0,ingroup
relevance,3,phi3:14b,conservative,4.0,ingroup
relevance,3,phi3:14b,conservative,4.0,ingroup
relevance,3,phi3:14b,conservative,5.0,ingroup
relevance,3,phi3:14b,conservative,4.0,ingroup
relevance,3,phi3:14b,conservative,4.0,ingroup
relevance,3,phi3:14b,conservative,4.0,ingroup
relevance,3,phi3:14b,conservative,5.0,ingroup
relevance,3,phi3:14b,conservative,4.0,ingroup
relevance,3,phi3:14b,conservative,4.0,ingroup
relevance,3,phi3:14b,conservative,4.0,ingroup
relevance,3,phi3:14b,conservative,4.0,ingroup
relevance,3,phi3:14b,moderate,4.0,ingroup
relevance,3,phi3:14b,moderate,5.0,ingroup
relevance,3,phi3:14b,moderate,4.0,ingroup
relevance,3,phi3:14b,moderate,4.0,ingroup
relevance,3,phi3:14b,moderate,5.0,ingroup
relevance,3,phi3:14b,moderate,4.0,ingroup
relevance,3,phi3:14b,moderate,4.0,ingroup
relevance,3,phi3:14b,moderate,4.0,ingroup
relevance,3,phi3:14b,moderate,4.0,ingroup
relevance,3,phi3:14b,moderate,3.0,ingroup
relevance,3,phi3:14b,moderate,5.0,ingroup
relevance,3,phi3:14b,moderate,4.0,ingroup
relevance,3,phi3:14b,moderate,4.0,ingroup
relevance,3,phi3:14b,moderate,5.0,ingroup
relevance,3,phi3:14b,moderate,4.0,ingroup
relevance,3,phi3:14b,moderate,4.0,ingroup
relevance,3,phi3:14b,moderate,4.0,ingroup
relevance,3,phi3:14b,moderate,4.0,ingroup
relevance,3,phi3:14b,moderate,4.0,ingroup
relevance,3,phi3:14b,moderate,3.0,ingroup
relevance,3,phi3:14b,moderate,4.0,ingroup
relevance,3,phi3:14b,moderate,4.0,ingroup
relevance,3,phi3:14b,moderate,4.0,ingroup
relevance,3,phi3:14b,moderate,3.0,ingroup
relevance,3,phi3:14b,moderate,4.0,ingroup
relevance,3,phi3:14b,moderate,5.0,ingroup
relevance,3,phi3:14b,moderate,4.0,ingroup
relevance,3,phi3:14b,moderate,4.0,ingroup
relevance,3,phi3:14b,moderate,4.0,ingroup
relevance,3,phi3:14b,moderate,4.0,ingroup
relevance,3,phi3:14b,moderate,4.0,ingroup
relevance,3,phi3:14b,moderate,5.0,ingroup
relevance,3,phi3:14b,moderate,4.0,ingroup
relevance,3,phi3:14b,moderate,3.0,ingroup
relevance,3,phi3:14b,moderate,4.0,ingroup
relevance,3,phi3:14b,moderate,3.0,ingroup
relevance,3,phi3:14b,moderate,5.0,ingroup
relevance,3,phi3:14b,moderate,4.0,ingroup
relevance,3,phi3:14b,moderate,4.0,ingroup
relevance,3,phi3:14b,moderate,4.0,ingroup
relevance,3,phi3:14b,moderate,3.0,ingroup
relevance,3,phi3:14b,moderate,5.0,ingroup
relevance,3,phi3:14b,moderate,4.0,ingroup
relevance,3,phi3:14b,moderate,4.0,ingroup
relevance,3,phi3:14b,moderate,5.0,ingroup
relevance,3,phi3:14b,moderate,4.0,ingroup
relevance,3,phi3:14b,moderate,4.0,ingroup
relevance,3,phi3:14b,moderate,4.0,ingroup
relevance,3,phi3:14b,moderate,4.0,ingroup
relevance,3,phi3:14b,moderate,4.0,ingroup
relevance,3,phi3:14b,liberal,4.0,ingroup
relevance,3,phi3:14b,liberal,4.0,ingroup
relevance,3,phi3:14b,liberal,3.0,ingroup
relevance,3,phi3:14b,liberal,4.0,ingroup
relevance,3,phi3:14b,liberal,4.0,ingroup
relevance,3,phi3:14b,liberal,4.0,ingroup
relevance,3,phi3:14b,liberal,4.0,ingroup
relevance,3,phi3:14b,liberal,5.0,ingroup
relevance,3,phi3:14b,liberal,4.0,ingroup
relevance,3,phi3:14b,liberal,4.0,ingroup
relevance,3,phi3:14b,liberal,5.0,ingroup
relevance,3,phi3:14b,liberal,4.0,ingroup
relevance,3,phi3:14b,liberal,4.0,ingroup
relevance,3,phi3:14b,liberal,4.0,ingroup
relevance,3,phi3:14b,liberal,5.0,ingroup
relevance,3,phi3:14b,liberal,4.0,ingroup
relevance,3,phi3:14b,liberal,3.0,ingroup
relevance,3,phi3:14b,liberal,4.0,ingroup
relevance,3,phi3:14b,liberal,3.0,ingroup
relevance,3,phi3:14b,liberal,4.0,ingroup
relevance,3,phi3:14b,liberal,3.0,ingroup
relevance,3,phi3:14b,liberal,4.0,ingroup
relevance,3,phi3:14b,liberal,5.0,ingroup
relevance,3,phi3:14b,liberal,4.0,ingroup
relevance,3,phi3:14b,liberal,4.0,ingroup
relevance,3,phi3:14b,liberal,4.0,ingroup
relevance,3,phi3:14b,liberal,4.0,ingroup
relevance,3,phi3:14b,liberal,4.0,ingroup
relevance,3,phi3:14b,liberal,4.0,ingroup
relevance,3,phi3:14b,liberal,4.0,ingroup
relevance,3,phi3:14b,liberal,4.0,ingroup
relevance,3,phi3:14b,liberal,4.0,ingroup
relevance,3,phi3:14b,liberal,5.0,ingroup
relevance,3,phi3:14b,liberal,4.0,ingroup
relevance,3,phi3:14b,liberal,4.0,ingroup
relevance,3,phi3:14b,liberal,5.0,ingroup
relevance,3,phi3:14b,liberal,5.0,ingroup
relevance,3,phi3:14b,liberal,4.0,ingroup
relevance,3,phi3:14b,liberal,2.0,ingroup
relevance,3,phi3:14b,liberal,4.0,ingroup
relevance,3,phi3:14b,liberal,4.0,ingroup
relevance,3,phi3:14b,liberal,4.0,ingroup
relevance,3,phi3:14b,liberal,4.0,ingroup
relevance,3,phi3:14b,liberal,4.0,ingroup
relevance,3,phi3:14b,liberal,2.0,ingroup
relevance,3,phi3:14b,liberal,5.0,ingroup
relevance,3,phi3:14b,liberal,4.0,ingroup
relevance,3,phi3:14b,liberal,4.0,ingroup
relevance,3,phi3:14b,liberal,4.0,ingroup
relevance,3,phi3:14b,liberal,5.0,ingroup
relevance,3,gemma:7b,conservative,4.0,ingroup
relevance,3,gemma:7b,conservative,4.0,ingroup
relevance,3,gemma:7b,conservative,4.0,ingroup
relevance,3,gemma:7b,conservative,4.0,ingroup
relevance,3,gemma:7b,conservative,4.0,ingroup
relevance,3,gemma:7b,conservative,4.0,ingroup
relevance,3,gemma:7b,conservative,4.0,ingroup
relevance,3,gemma:7b,conservative,4.0,ingroup
relevance,3,gemma:7b,conservative,4.0,ingroup
relevance,3,gemma:7b,conservative,4.0,ingroup
relevance,3,gemma:7b,conservative,4.0,ingroup
relevance,3,gemma:7b,conservative,4.0,ingroup
relevance,3,gemma:7b,conservative,4.0,ingroup
relevance,3,gemma:7b,conservative,4.0,ingroup
relevance,3,gemma:7b,conservative,4.0,ingroup
relevance,3,gemma:7b,conservative,4.0,ingroup
relevance,3,gemma:7b,conservative,4.0,ingroup
relevance,3,gemma:7b,conservative,4.0,ingroup
relevance,3,gemma:7b,conservative,4.0,ingroup
relevance,3,gemma:7b,conservative,4.0,ingroup
relevance,3,gemma:7b,conservative,4.0,ingroup
relevance,3,gemma:7b,conservative,4.0,ingroup
relevance,3,gemma:7b,conservative,4.0,ingroup
relevance,3,gemma:7b,conservative,4.0,ingroup
relevance,3,gemma:7b,conservative,4.0,ingroup
relevance,3,gemma:7b,conservative,4.0,ingroup
relevance,3,gemma:7b,conservative,4.0,ingroup
relevance,3,gemma:7b,conservative,4.0,ingroup
relevance,3,gemma:7b,conservative,4.0,ingroup
relevance,3,gemma:7b,conservative,4.0,ingroup
relevance,3,gemma:7b,conservative,4.0,ingroup
relevance,3,gemma:7b,conservative,3.0,ingroup
relevance,3,gemma:7b,conservative,4.0,ingroup
relevance,3,gemma:7b,conservative,4.0,ingroup
relevance,3,gemma:7b,conservative,4.0,ingroup
relevance,3,gemma:7b,conservative,4.0,ingroup
relevance,3,gemma:7b,conservative,4.0,ingroup
relevance,3,gemma:7b,conservative,3.0,ingroup
relevance,3,gemma:7b,conservative,4.0,ingroup
relevance,3,gemma:7b,conservative,4.0,ingroup
relevance,3,gemma:7b,conservative,4.0,ingroup
relevance,3,gemma:7b,conservative,4.0,ingroup
relevance,3,gemma:7b,conservative,3.0,ingroup
relevance,3,gemma:7b,conservative,4.0,ingroup
relevance,3,gemma:7b,conservative,4.0,ingroup
relevance,3,gemma:7b,conservative,4.0,ingroup
relevance,3,gemma:7b,conservative,4.0,ingroup
relevance,3,gemma:7b,conservative,4.0,ingroup
relevance,3,gemma:7b,conservative,4.0,ingroup
relevance,3,gemma:7b,moderate,3.0,ingroup
relevance,3,gemma:7b,moderate,4.0,ingroup
relevance,3,gemma:7b,moderate,3.0,ingroup
relevance,3,gemma:7b,moderate,3.0,ingroup
relevance,3,gemma:7b,moderate,3.0,ingroup
relevance,3,gemma:7b,moderate,3.0,ingroup
relevance,3,gemma:7b,moderate,3.0,ingroup
relevance,3,gemma:7b,moderate,3.0,ingroup
relevance,3,gemma:7b,moderate,3.0,ingroup
relevance,3,gemma:7b,moderate,3.0,ingroup
relevance,3,gemma:7b,moderate,3.0,ingroup
relevance,3,gemma:7b,moderate,3.0,ingroup
relevance,3,gemma:7b,moderate,3.0,ingroup
relevance,3,gemma:7b,moderate,3.0,ingroup
relevance,3,gemma:7b,moderate,4.0,ingroup
relevance,3,gemma:7b,moderate,3.0,ingroup
relevance,3,gemma:7b,moderate,3.0,ingroup
relevance,3,gemma:7b,moderate,3.0,ingroup
relevance,3,gemma:7b,moderate,3.0,ingroup
relevance,3,gemma:7b,moderate,4.0,ingroup
relevance,3,gemma:7b,moderate,3.0,ingroup
relevance,3,gemma:7b,moderate,4.0,ingroup
relevance,3,gemma:7b,moderate,3.0,ingroup
relevance,3,gemma:7b,moderate,4.0,ingroup
relevance,3,gemma:7b,moderate,3.0,ingroup
relevance,3,gemma:7b,moderate,3.0,ingroup
relevance,3,gemma:7b,moderate,3.0,ingroup
relevance,3,gemma:7b,moderate,3.0,ingroup
relevance,3,gemma:7b,moderate,3.0,ingroup
relevance,3,gemma:7b,moderate,3.0,ingroup
relevance,3,gemma:7b,moderate,3.0,ingroup
relevance,3,gemma:7b,moderate,3.0,ingroup
relevance,3,gemma:7b,moderate,3.0,ingroup
relevance,3,gemma:7b,moderate,4.0,ingroup
relevance,3,gemma:7b,moderate,3.0,ingroup
relevance,3,gemma:7b,moderate,3.0,ingroup
relevance,3,gemma:7b,moderate,3.0,ingroup
relevance,3,gemma:7b,moderate,3.0,ingroup
relevance,3,gemma:7b,moderate,3.0,ingroup
relevance,3,gemma:7b,moderate,3.0,ingroup
relevance,3,gemma:7b,moderate,3.0,ingroup
relevance,3,gemma:7b,moderate,4.0,ingroup
relevance,3,gemma:7b,moderate,3.0,ingroup
relevance,3,gemma:7b,moderate,3.0,ingroup
relevance,3,gemma:7b,moderate,3.0,ingroup
relevance,3,gemma:7b,liberal,4.0,ingroup
relevance,3,gemma:7b,liberal,4.0,ingroup
relevance,3,gemma:7b,liberal,4.0,ingroup
relevance,3,gemma:7b,liberal,3.0,ingroup
relevance,3,gemma:7b,liberal,4.0,ingroup
relevance,3,gemma:7b,liberal,4.0,ingroup
relevance,3,gemma:7b,liberal,3.0,ingroup
relevance,3,gemma:7b,liberal,3.0,ingroup
relevance,3,gemma:7b,liberal,3.0,ingroup
relevance,3,gemma:7b,liberal,3.0,ingroup
relevance,3,gemma:7b,liberal,4.0,ingroup
relevance,3,gemma:7b,liberal,4.0,ingroup
relevance,3,gemma:7b,liberal,3.0,ingroup
relevance,3,gemma:7b,liberal,3.0,ingroup
relevance,3,gemma:7b,liberal,4.0,ingroup
relevance,3,gemma:7b,liberal,4.0,ingroup
relevance,3,gemma:7b,liberal,3.0,ingroup
relevance,3,gemma:7b,liberal,3.0,ingroup
relevance,3,gemma:7b,liberal,3.0,ingroup
relevance,3,gemma:7b,liberal,4.0,ingroup
relevance,3,gemma:7b,liberal,4.0,ingroup
relevance,3,gemma:7b,liberal,3.0,ingroup
relevance,3,gemma:7b,liberal,4.0,ingroup
relevance,3,gemma:7b,liberal,4.0,ingroup
relevance,3,gemma:7b,liberal,3.0,ingroup
relevance,3,gemma:7b,liberal,4.0,ingroup
relevance,3,gemma:7b,liberal,3.0,ingroup
relevance,3,gemma:7b,liberal,4.0,ingroup
relevance,3,gemma:7b,liberal,4.0,ingroup
relevance,3,gemma:7b,liberal,4.0,ingroup
relevance,3,gemma:7b,liberal,3.0,ingroup
relevance,3,gemma:7b,liberal,4.0,ingroup
relevance,3,gemma:7b,liberal,4.0,ingroup
relevance,3,gemma:7b,liberal,4.0,ingroup
relevance,3,gemma:7b,liberal,3.0,ingroup
relevance,3,gemma:7b,liberal,3.0,ingroup
relevance,3,gemma:7b,liberal,4.0,ingroup
relevance,3,gemma:7b,liberal,4.0,ingroup
relevance,3,gemma:7b,liberal,3.0,ingroup
relevance,3,gemma:7b,liberal,4.0,ingroup
relevance,3,gemma:7b,liberal,4.0,ingroup
relevance,3,gemma:7b,liberal,4.0,ingroup
relevance,3,gemma:7b,liberal,4.0,ingroup
relevance,3,gemma:7b,liberal,4.0,ingroup
relevance,3,gemma:7b,liberal,4.0,ingroup
relevance,3,gemma:7b,liberal,4.0,ingroup
relevance,3,gemma:7b,liberal,4.0,ingroup
relevance,3,gemma:7b,liberal,3.0,ingroup
relevance,3,gemma2:27b,conservative,4.0,ingroup
relevance,3,gemma2:27b,conservative,4.0,ingroup
relevance,3,gemma2:27b,conservative,4.0,ingroup
relevance,3,gemma2:27b,conservative,4.0,ingroup
relevance,3,gemma2:27b,conservative,4.0,ingroup
relevance,3,gemma2:27b,conservative,4.0,ingroup
relevance,3,gemma2:27b,conservative,4.0,ingroup
relevance,3,gemma2:27b,conservative,4.0,ingroup
relevance,3,gemma2:27b,conservative,4.0,ingroup
relevance,3,gemma2:27b,conservative,4.0,ingroup
relevance,3,gemma2:27b,conservative,4.0,ingroup
relevance,3,gemma2:27b,conservative,4.0,ingroup
relevance,3,gemma2:27b,conservative,4.0,ingroup
relevance,3,gemma2:27b,conservative,4.0,ingroup
relevance,3,gemma2:27b,conservative,4.0,ingroup
relevance,3,gemma2:27b,conservative,4.0,ingroup
relevance,3,gemma2:27b,conservative,4.0,ingroup
relevance,3,gemma2:27b,conservative,4.0,ingroup
relevance,3,gemma2:27b,conservative,4.0,ingroup
relevance,3,gemma2:27b,conservative,4.0,ingroup
relevance,3,gemma2:27b,conservative,4.0,ingroup
relevance,3,gemma2:27b,conservative,4.0,ingroup
relevance,3,gemma2:27b,conservative,4.0,ingroup
relevance,3,gemma2:27b,conservative,4.0,ingroup
relevance,3,gemma2:27b,conservative,4.0,ingroup
relevance,3,gemma2:27b,conservative,4.0,ingroup
relevance,3,gemma2:27b,conservative,4.0,ingroup
relevance,3,gemma2:27b,conservative,4.0,ingroup
relevance,3,gemma2:27b,conservative,4.0,ingroup
relevance,3,gemma2:27b,conservative,4.0,ingroup
relevance,3,gemma2:27b,conservative,4.0,ingroup
relevance,3,gemma2:27b,conservative,4.0,ingroup
relevance,3,gemma2:27b,conservative,4.0,ingroup
relevance,3,gemma2:27b,conservative,4.0,ingroup
relevance,3,gemma2:27b,conservative,4.0,ingroup
relevance,3,gemma2:27b,conservative,4.0,ingroup
relevance,3,gemma2:27b,conservative,4.0,ingroup
relevance,3,gemma2:27b,conservative,4.0,ingroup
relevance,3,gemma2:27b,conservative,4.0,ingroup
relevance,3,gemma2:27b,conservative,4.0,ingroup
relevance,3,gemma2:27b,conservative,4.0,ingroup
relevance,3,gemma2:27b,conservative,4.0,ingroup
relevance,3,gemma2:27b,conservative,4.0,ingroup
relevance,3,gemma2:27b,conservative,4.0,ingroup
relevance,3,gemma2:27b,conservative,4.0,ingroup
relevance,3,gemma2:27b,conservative,4.0,ingroup
relevance,3,gemma2:27b,conservative,4.0,ingroup
relevance,3,gemma2:27b,conservative,4.0,ingroup
relevance,3,gemma2:27b,conservative,4.0,ingroup
relevance,3,gemma2:27b,conservative,4.0,ingroup
relevance,3,gemma2:27b,moderate,3.0,ingroup
relevance,3,gemma2:27b,moderate,3.0,ingroup
relevance,3,gemma2:27b,moderate,3.0,ingroup
relevance,3,gemma2:27b,moderate,3.0,ingroup
relevance,3,gemma2:27b,moderate,3.0,ingroup
relevance,3,gemma2:27b,moderate,3.0,ingroup
relevance,3,gemma2:27b,moderate,3.0,ingroup
relevance,3,gemma2:27b,moderate,3.0,ingroup
relevance,3,gemma2:27b,moderate,3.0,ingroup
relevance,3,gemma2:27b,moderate,3.0,ingroup
relevance,3,gemma2:27b,moderate,3.0,ingroup
relevance,3,gemma2:27b,moderate,3.0,ingroup
relevance,3,gemma2:27b,moderate,3.0,ingroup
relevance,3,gemma2:27b,moderate,3.0,ingroup
relevance,3,gemma2:27b,moderate,3.0,ingroup
relevance,3,gemma2:27b,moderate,3.0,ingroup
relevance,3,gemma2:27b,moderate,3.0,ingroup
relevance,3,gemma2:27b,moderate,3.0,ingroup
relevance,3,gemma2:27b,moderate,3.0,ingroup
relevance,3,gemma2:27b,moderate,3.0,ingroup
relevance,3,gemma2:27b,moderate,3.0,ingroup
relevance,3,gemma2:27b,moderate,3.0,ingroup
relevance,3,gemma2:27b,moderate,3.0,ingroup
relevance,3,gemma2:27b,moderate,3.0,ingroup
relevance,3,gemma2:27b,moderate,3.0,ingroup
relevance,3,gemma2:27b,moderate,3.0,ingroup
relevance,3,gemma2:27b,moderate,3.0,ingroup
relevance,3,gemma2:27b,moderate,3.0,ingroup
relevance,3,gemma2:27b,moderate,3.0,ingroup
relevance,3,gemma2:27b,moderate,3.0,ingroup
relevance,3,gemma2:27b,moderate,3.0,ingroup
relevance,3,gemma2:27b,moderate,3.0,ingroup
relevance,3,gemma2:27b,moderate,3.0,ingroup
relevance,3,gemma2:27b,moderate,3.0,ingroup
relevance,3,gemma2:27b,moderate,3.0,ingroup
relevance,3,gemma2:27b,moderate,3.0,ingroup
relevance,3,gemma2:27b,moderate,3.0,ingroup
relevance,3,gemma2:27b,moderate,3.0,ingroup
relevance,3,gemma2:27b,moderate,3.0,ingroup
relevance,3,gemma2:27b,moderate,3.0,ingroup
relevance,3,gemma2:27b,moderate,3.0,ingroup
relevance,3,gemma2:27b,moderate,3.0,ingroup
relevance,3,gemma2:27b,moderate,3.0,ingroup
relevance,3,gemma2:27b,moderate,3.0,ingroup
relevance,3,gemma2:27b,moderate,3.0,ingroup
relevance,3,gemma2:27b,moderate,3.0,ingroup
relevance,3,gemma2:27b,moderate,3.0,ingroup
relevance,3,gemma2:27b,moderate,3.0,ingroup
relevance,3,gemma2:27b,moderate,3.0,ingroup
relevance,3,gemma2:27b,moderate,3.0,ingroup
relevance,3,gemma2:27b,liberal,3.0,ingroup
relevance,3,gemma2:27b,liberal,3.0,ingroup
relevance,3,gemma2:27b,liberal,3.0,ingroup
relevance,3,gemma2:27b,liberal,3.0,ingroup
relevance,3,gemma2:27b,liberal,3.0,ingroup
relevance,3,gemma2:27b,liberal,3.0,ingroup
relevance,3,gemma2:27b,liberal,3.0,ingroup
relevance,3,gemma2:27b,liberal,3.0,ingroup
relevance,3,gemma2:27b,liberal,3.0,ingroup
relevance,3,gemma2:27b,liberal,3.0,ingroup
relevance,3,gemma2:27b,liberal,3.0,ingroup
relevance,3,gemma2:27b,liberal,3.0,ingroup
relevance,3,gemma2:27b,liberal,3.0,ingroup
relevance,3,gemma2:27b,liberal,3.0,ingroup
relevance,3,gemma2:27b,liberal,3.0,ingroup
relevance,3,gemma2:27b,liberal,3.0,ingroup
relevance,3,gemma2:27b,liberal,3.0,ingroup
relevance,3,gemma2:27b,liberal,3.0,ingroup
relevance,3,gemma2:27b,liberal,3.0,ingroup
relevance,3,gemma2:27b,liberal,3.0,ingroup
relevance,3,gemma2:27b,liberal,3.0,ingroup
relevance,3,gemma2:27b,liberal,3.0,ingroup
relevance,3,gemma2:27b,liberal,3.0,ingroup
relevance,3,gemma2:27b,liberal,3.0,ingroup
relevance,3,gemma2:27b,liberal,3.0,ingroup
relevance,3,gemma2:27b,liberal,3.0,ingroup
relevance,3,gemma2:27b,liberal,3.0,ingroup
relevance,3,gemma2:27b,liberal,3.0,ingroup
relevance,3,gemma2:27b,liberal,3.0,ingroup
relevance,3,gemma2:27b,liberal,3.0,ingroup
relevance,3,gemma2:27b,liberal,3.0,ingroup
relevance,3,gemma2:27b,liberal,3.0,ingroup
relevance,3,gemma2:27b,liberal,3.0,ingroup
relevance,3,gemma2:27b,liberal,3.0,ingroup
relevance,3,gemma2:27b,liberal,3.0,ingroup
relevance,3,gemma2:27b,liberal,3.0,ingroup
relevance,3,gemma2:27b,liberal,3.0,ingroup
relevance,3,gemma2:27b,liberal,3.0,ingroup
relevance,3,gemma2:27b,liberal,3.0,ingroup
relevance,3,gemma2:27b,liberal,3.0,ingroup
relevance,3,gemma2:27b,liberal,3.0,ingroup
relevance,3,gemma2:27b,liberal,3.0,ingroup
relevance,3,gemma2:27b,liberal,3.0,ingroup
relevance,3,gemma2:27b,liberal,3.0,ingroup
relevance,3,gemma2:27b,liberal,3.0,ingroup
relevance,3,gemma2:27b,liberal,3.0,ingroup
relevance,3,gemma2:27b,liberal,3.0,ingroup
relevance,3,gemma2:27b,liberal,3.0,ingroup
relevance,3,gemma2:27b,liberal,3.0,ingroup
relevance,3,gemma2:27b,liberal,3.0,ingroup
relevance,3,qwen:72b,conservative,4.0,ingroup
relevance,3,qwen:72b,conservative,4.0,ingroup
relevance,3,qwen:72b,conservative,4.0,ingroup
relevance,3,qwen:72b,conservative,4.0,ingroup
relevance,3,qwen:72b,conservative,4.0,ingroup
relevance,3,qwen:72b,conservative,4.0,ingroup
relevance,3,qwen:72b,conservative,4.0,ingroup
relevance,3,qwen:72b,conservative,4.0,ingroup
relevance,3,qwen:72b,conservative,4.0,ingroup
relevance,3,qwen:72b,conservative,4.0,ingroup
relevance,3,qwen:72b,conservative,4.0,ingroup
relevance,3,qwen:72b,conservative,4.0,ingroup
relevance,3,qwen:72b,conservative,4.0,ingroup
relevance,3,qwen:72b,conservative,4.0,ingroup
relevance,3,qwen:72b,conservative,4.0,ingroup
relevance,3,qwen:72b,conservative,5.0,ingroup
relevance,3,qwen:72b,conservative,4.0,ingroup
relevance,3,qwen:72b,conservative,4.0,ingroup
relevance,3,qwen:72b,conservative,4.0,ingroup
relevance,3,qwen:72b,conservative,4.0,ingroup
relevance,3,qwen:72b,conservative,4.0,ingroup
relevance,3,qwen:72b,conservative,4.0,ingroup
relevance,3,qwen:72b,conservative,4.0,ingroup
relevance,3,qwen:72b,conservative,4.0,ingroup
relevance,3,qwen:72b,conservative,5.0,ingroup
relevance,3,qwen:72b,conservative,4.0,ingroup
relevance,3,qwen:72b,conservative,4.0,ingroup
relevance,3,qwen:72b,conservative,5.0,ingroup
relevance,3,qwen:72b,conservative,5.0,ingroup
relevance,3,qwen:72b,conservative,4.0,ingroup
relevance,3,qwen:72b,conservative,4.0,ingroup
relevance,3,qwen:72b,conservative,4.0,ingroup
relevance,3,qwen:72b,conservative,4.0,ingroup
relevance,3,qwen:72b,conservative,5.0,ingroup
relevance,3,qwen:72b,conservative,4.0,ingroup
relevance,3,qwen:72b,conservative,4.0,ingroup
relevance,3,qwen:72b,conservative,4.0,ingroup
relevance,3,qwen:72b,conservative,4.0,ingroup
relevance,3,qwen:72b,conservative,5.0,ingroup
relevance,3,qwen:72b,conservative,4.0,ingroup
relevance,3,qwen:72b,conservative,4.0,ingroup
relevance,3,qwen:72b,conservative,4.0,ingroup
relevance,3,qwen:72b,conservative,4.0,ingroup
relevance,3,qwen:72b,conservative,4.0,ingroup
relevance,3,qwen:72b,conservative,4.0,ingroup
relevance,3,qwen:72b,conservative,5.0,ingroup
relevance,3,qwen:72b,conservative,4.0,ingroup
relevance,3,qwen:72b,conservative,4.0,ingroup
relevance,3,qwen:72b,conservative,4.0,ingroup
relevance,3,qwen:72b,conservative,4.0,ingroup
relevance,3,qwen:72b,moderate,3.0,ingroup
relevance,3,qwen:72b,moderate,4.0,ingroup
relevance,3,qwen:72b,moderate,3.0,ingroup
relevance,3,qwen:72b,moderate,5.0,ingroup
relevance,3,qwen:72b,moderate,3.0,ingroup
relevance,3,qwen:72b,moderate,3.0,ingroup
relevance,3,qwen:72b,moderate,4.0,ingroup
relevance,3,qwen:72b,moderate,4.0,ingroup
relevance,3,qwen:72b,moderate,3.0,ingroup
relevance,3,qwen:72b,moderate,4.0,ingroup
relevance,3,qwen:72b,moderate,3.0,ingroup
relevance,3,qwen:72b,moderate,5.0,ingroup
relevance,3,qwen:72b,moderate,5.0,ingroup
relevance,3,qwen:72b,moderate,3.0,ingroup
relevance,3,qwen:72b,moderate,3.0,ingroup
relevance,3,qwen:72b,moderate,3.0,ingroup
relevance,3,qwen:72b,moderate,5.0,ingroup
relevance,3,qwen:72b,moderate,3.0,ingroup
relevance,3,qwen:72b,moderate,3.0,ingroup
relevance,3,qwen:72b,moderate,3.0,ingroup
relevance,3,qwen:72b,moderate,3.0,ingroup
relevance,3,qwen:72b,moderate,3.0,ingroup
relevance,3,qwen:72b,moderate,3.0,ingroup
relevance,3,qwen:72b,moderate,5.0,ingroup
relevance,3,qwen:72b,moderate,3.0,ingroup
relevance,3,qwen:72b,moderate,3.0,ingroup
relevance,3,qwen:72b,moderate,4.0,ingroup
relevance,3,qwen:72b,moderate,5.0,ingroup
relevance,3,qwen:72b,moderate,3.0,ingroup
relevance,3,qwen:72b,moderate,5.0,ingroup
relevance,3,qwen:72b,moderate,5.0,ingroup
relevance,3,qwen:72b,moderate,3.0,ingroup
relevance,3,qwen:72b,moderate,5.0,ingroup
relevance,3,qwen:72b,moderate,3.0,ingroup
relevance,3,qwen:72b,moderate,3.0,ingroup
relevance,3,qwen:72b,moderate,4.0,ingroup
relevance,3,qwen:72b,moderate,5.0,ingroup
relevance,3,qwen:72b,moderate,3.0,ingroup
relevance,3,qwen:72b,moderate,5.0,ingroup
relevance,3,qwen:72b,moderate,4.0,ingroup
relevance,3,qwen:72b,moderate,5.0,ingroup
relevance,3,qwen:72b,moderate,5.0,ingroup
relevance,3,qwen:72b,moderate,3.0,ingroup
relevance,3,qwen:72b,moderate,3.0,ingroup
relevance,3,qwen:72b,moderate,3.0,ingroup
relevance,3,qwen:72b,moderate,4.0,ingroup
relevance,3,qwen:72b,moderate,5.0,ingroup
relevance,3,qwen:72b,moderate,3.0,ingroup
relevance,3,qwen:72b,moderate,4.0,ingroup
relevance,3,qwen:72b,moderate,3.0,ingroup
relevance,3,qwen:72b,liberal,4.0,ingroup
relevance,3,qwen:72b,liberal,3.0,ingroup
relevance,3,qwen:72b,liberal,4.0,ingroup
relevance,3,qwen:72b,liberal,4.0,ingroup
relevance,3,qwen:72b,liberal,4.0,ingroup
relevance,3,qwen:72b,liberal,4.0,ingroup
relevance,3,qwen:72b,liberal,3.0,ingroup
relevance,3,qwen:72b,liberal,3.0,ingroup
relevance,3,qwen:72b,liberal,3.0,ingroup
relevance,3,qwen:72b,liberal,4.0,ingroup
relevance,3,qwen:72b,liberal,3.0,ingroup
relevance,3,qwen:72b,liberal,4.0,ingroup
relevance,3,qwen:72b,liberal,4.0,ingroup
relevance,3,qwen:72b,liberal,4.0,ingroup
relevance,3,qwen:72b,liberal,3.0,ingroup
relevance,3,qwen:72b,liberal,3.0,ingroup
relevance,3,qwen:72b,liberal,3.0,ingroup
relevance,3,qwen:72b,liberal,3.0,ingroup
relevance,3,qwen:72b,liberal,5.0,ingroup
relevance,3,qwen:72b,liberal,4.0,ingroup
relevance,3,qwen:72b,liberal,4.0,ingroup
relevance,3,qwen:72b,liberal,4.0,ingroup
relevance,3,qwen:72b,liberal,3.0,ingroup
relevance,3,qwen:72b,liberal,4.0,ingroup
relevance,3,qwen:72b,liberal,3.0,ingroup
relevance,3,qwen:72b,liberal,5.0,ingroup
relevance,3,qwen:72b,liberal,3.0,ingroup
relevance,3,qwen:72b,liberal,4.0,ingroup
relevance,3,qwen:72b,liberal,3.0,ingroup
relevance,3,qwen:72b,liberal,3.0,ingroup
relevance,3,qwen:72b,liberal,4.0,ingroup
relevance,3,qwen:72b,liberal,3.0,ingroup
relevance,3,qwen:72b,liberal,4.0,ingroup
relevance,3,qwen:72b,liberal,4.0,ingroup
relevance,3,qwen:72b,liberal,4.0,ingroup
relevance,3,qwen:72b,liberal,3.0,ingroup
relevance,3,qwen:72b,liberal,4.0,ingroup
relevance,3,qwen:72b,liberal,4.0,ingroup
relevance,3,qwen:72b,liberal,4.0,ingroup
relevance,3,qwen:72b,liberal,4.0,ingroup
relevance,3,qwen:72b,liberal,4.0,ingroup
relevance,3,qwen:72b,liberal,4.0,ingroup
relevance,3,qwen:72b,liberal,4.0,ingroup
relevance,3,qwen:72b,liberal,3.0,ingroup
relevance,3,qwen:72b,liberal,3.0,ingroup
relevance,3,qwen:72b,liberal,4.0,ingroup
relevance,3,qwen:72b,liberal,3.0,ingroup
relevance,3,qwen:72b,liberal,4.0,ingroup
relevance,3,qwen:72b,liberal,3.0,ingroup
relevance,3,qwen:72b,liberal,4.0,ingroup
relevance,3,qwen2:72b,conservative,5.0,ingroup
relevance,3,qwen2:72b,conservative,5.0,ingroup
relevance,3,qwen2:72b,conservative,5.0,ingroup
relevance,3,qwen2:72b,conservative,5.0,ingroup
relevance,3,qwen2:72b,conservative,5.0,ingroup
relevance,3,qwen2:72b,conservative,5.0,ingroup
relevance,3,qwen2:72b,conservative,5.0,ingroup
relevance,3,qwen2:72b,conservative,5.0,ingroup
relevance,3,qwen2:72b,conservative,5.0,ingroup
relevance,3,qwen2:72b,conservative,5.0,ingroup
relevance,3,qwen2:72b,conservative,5.0,ingroup
relevance,3,qwen2:72b,conservative,5.0,ingroup
relevance,3,qwen2:72b,conservative,5.0,ingroup
relevance,3,qwen2:72b,conservative,5.0,ingroup
relevance,3,qwen2:72b,conservative,5.0,ingroup
relevance,3,qwen2:72b,conservative,5.0,ingroup
relevance,3,qwen2:72b,conservative,5.0,ingroup
relevance,3,qwen2:72b,conservative,5.0,ingroup
relevance,3,qwen2:72b,conservative,5.0,ingroup
relevance,3,qwen2:72b,conservative,5.0,ingroup
relevance,3,qwen2:72b,conservative,5.0,ingroup
relevance,3,qwen2:72b,conservative,5.0,ingroup
relevance,3,qwen2:72b,conservative,5.0,ingroup
relevance,3,qwen2:72b,conservative,5.0,ingroup
relevance,3,qwen2:72b,conservative,5.0,ingroup
relevance,3,qwen2:72b,conservative,5.0,ingroup
relevance,3,qwen2:72b,conservative,5.0,ingroup
relevance,3,qwen2:72b,conservative,5.0,ingroup
relevance,3,qwen2:72b,conservative,5.0,ingroup
relevance,3,qwen2:72b,conservative,5.0,ingroup
relevance,3,qwen2:72b,conservative,5.0,ingroup
relevance,3,qwen2:72b,conservative,5.0,ingroup
relevance,3,qwen2:72b,conservative,5.0,ingroup
relevance,3,qwen2:72b,conservative,5.0,ingroup
relevance,3,qwen2:72b,conservative,5.0,ingroup
relevance,3,qwen2:72b,conservative,5.0,ingroup
relevance,3,qwen2:72b,conservative,5.0,ingroup
relevance,3,qwen2:72b,conservative,5.0,ingroup
relevance,3,qwen2:72b,conservative,5.0,ingroup
relevance,3,qwen2:72b,conservative,5.0,ingroup
relevance,3,qwen2:72b,conservative,5.0,ingroup
relevance,3,qwen2:72b,conservative,5.0,ingroup
relevance,3,qwen2:72b,conservative,5.0,ingroup
relevance,3,qwen2:72b,conservative,5.0,ingroup
relevance,3,qwen2:72b,conservative,5.0,ingroup
relevance,3,qwen2:72b,conservative,5.0,ingroup
relevance,3,qwen2:72b,conservative,5.0,ingroup
relevance,3,qwen2:72b,conservative,5.0,ingroup
relevance,3,qwen2:72b,conservative,5.0,ingroup
relevance,3,qwen2:72b,conservative,5.0,ingroup
relevance,3,qwen2:72b,moderate,4.0,ingroup
relevance,3,qwen2:72b,moderate,4.0,ingroup
relevance,3,qwen2:72b,moderate,4.0,ingroup
relevance,3,qwen2:72b,moderate,4.0,ingroup
relevance,3,qwen2:72b,moderate,4.0,ingroup
relevance,3,qwen2:72b,moderate,4.0,ingroup
relevance,3,qwen2:72b,moderate,4.0,ingroup
relevance,3,qwen2:72b,moderate,4.0,ingroup
relevance,3,qwen2:72b,moderate,4.0,ingroup
relevance,3,qwen2:72b,moderate,4.0,ingroup
relevance,3,qwen2:72b,moderate,4.0,ingroup
relevance,3,qwen2:72b,moderate,4.0,ingroup
relevance,3,qwen2:72b,moderate,4.0,ingroup
relevance,3,qwen2:72b,moderate,4.0,ingroup
relevance,3,qwen2:72b,moderate,4.0,ingroup
relevance,3,qwen2:72b,moderate,4.0,ingroup
relevance,3,qwen2:72b,moderate,4.0,ingroup
relevance,3,qwen2:72b,moderate,4.0,ingroup
relevance,3,qwen2:72b,moderate,4.0,ingroup
relevance,3,qwen2:72b,moderate,4.0,ingroup
relevance,3,qwen2:72b,moderate,4.0,ingroup
relevance,3,qwen2:72b,moderate,4.0,ingroup
relevance,3,qwen2:72b,moderate,4.0,ingroup
relevance,3,qwen2:72b,moderate,4.0,ingroup
relevance,3,qwen2:72b,moderate,4.0,ingroup
relevance,3,qwen2:72b,moderate,4.0,ingroup
relevance,3,qwen2:72b,moderate,4.0,ingroup
relevance,3,qwen2:72b,moderate,4.0,ingroup
relevance,3,qwen2:72b,moderate,4.0,ingroup
relevance,3,qwen2:72b,moderate,4.0,ingroup
relevance,3,qwen2:72b,moderate,4.0,ingroup
relevance,3,qwen2:72b,moderate,4.0,ingroup
relevance,3,qwen2:72b,moderate,4.0,ingroup
relevance,3,qwen2:72b,moderate,4.0,ingroup
relevance,3,qwen2:72b,moderate,4.0,ingroup
relevance,3,qwen2:72b,moderate,4.0,ingroup
relevance,3,qwen2:72b,moderate,4.0,ingroup
relevance,3,qwen2:72b,moderate,4.0,ingroup
relevance,3,qwen2:72b,moderate,4.0,ingroup
relevance,3,qwen2:72b,moderate,4.0,ingroup
relevance,3,qwen2:72b,moderate,4.0,ingroup
relevance,3,qwen2:72b,moderate,4.0,ingroup
relevance,3,qwen2:72b,moderate,4.0,ingroup
relevance,3,qwen2:72b,moderate,4.0,ingroup
relevance,3,qwen2:72b,moderate,4.0,ingroup
relevance,3,qwen2:72b,moderate,4.0,ingroup
relevance,3,qwen2:72b,moderate,4.0,ingroup
relevance,3,qwen2:72b,moderate,4.0,ingroup
relevance,3,qwen2:72b,moderate,4.0,ingroup
relevance,3,qwen2:72b,moderate,4.0,ingroup
relevance,3,qwen2:72b,liberal,3.0,ingroup
relevance,3,qwen2:72b,liberal,3.0,ingroup
relevance,3,qwen2:72b,liberal,4.0,ingroup
relevance,3,qwen2:72b,liberal,3.0,ingroup
relevance,3,qwen2:72b,liberal,4.0,ingroup
relevance,3,qwen2:72b,liberal,3.0,ingroup
relevance,3,qwen2:72b,liberal,3.0,ingroup
relevance,3,qwen2:72b,liberal,3.0,ingroup
relevance,3,qwen2:72b,liberal,4.0,ingroup
relevance,3,qwen2:72b,liberal,3.0,ingroup
relevance,3,qwen2:72b,liberal,4.0,ingroup
relevance,3,qwen2:72b,liberal,4.0,ingroup
relevance,3,qwen2:72b,liberal,4.0,ingroup
relevance,3,qwen2:72b,liberal,4.0,ingroup
relevance,3,qwen2:72b,liberal,4.0,ingroup
relevance,3,qwen2:72b,liberal,4.0,ingroup
relevance,3,qwen2:72b,liberal,4.0,ingroup
relevance,3,qwen2:72b,liberal,4.0,ingroup
relevance,3,qwen2:72b,liberal,4.0,ingroup
relevance,3,qwen2:72b,liberal,4.0,ingroup
relevance,3,qwen2:72b,liberal,3.0,ingroup
relevance,3,qwen2:72b,liberal,4.0,ingroup
relevance,3,qwen2:72b,liberal,4.0,ingroup
relevance,3,qwen2:72b,liberal,4.0,ingroup
relevance,3,qwen2:72b,liberal,4.0,ingroup
relevance,3,qwen2:72b,liberal,4.0,ingroup
relevance,3,qwen2:72b,liberal,4.0,ingroup
relevance,3,qwen2:72b,liberal,4.0,ingroup
relevance,3,qwen2:72b,liberal,4.0,ingroup
relevance,3,qwen2:72b,liberal,3.0,ingroup
relevance,3,qwen2:72b,liberal,3.0,ingroup
relevance,3,qwen2:72b,liberal,4.0,ingroup
relevance,3,qwen2:72b,liberal,3.0,ingroup
relevance,3,qwen2:72b,liberal,4.0,ingroup
relevance,3,qwen2:72b,liberal,4.0,ingroup
relevance,3,qwen2:72b,liberal,4.0,ingroup
relevance,3,qwen2:72b,liberal,3.0,ingroup
relevance,3,qwen2:72b,liberal,4.0,ingroup
relevance,3,qwen2:72b,liberal,3.0,ingroup
relevance,3,qwen2:72b,liberal,3.0,ingroup
relevance,3,qwen2:72b,liberal,4.0,ingroup
relevance,3,qwen2:72b,liberal,4.0,ingroup
relevance,3,qwen2:72b,liberal,3.0,ingroup
relevance,3,qwen2:72b,liberal,4.0,ingroup
relevance,3,qwen2:72b,liberal,3.0,ingroup
relevance,3,qwen2:72b,liberal,4.0,ingroup
relevance,3,qwen2:72b,liberal,3.0,ingroup
relevance,3,qwen2:72b,liberal,4.0,ingroup
relevance,3,qwen2:72b,liberal,3.0,ingroup
relevance,3,qwen2:72b,liberal,4.0,ingroup
relevance,4,llama3.1:8b,conservative,4.0,authority
relevance,4,llama3.1:8b,conservative,5.0,authority
relevance,4,llama3.1:8b,conservative,3.0,authority
relevance,4,llama3.1:8b,conservative,4.0,authority
relevance,4,llama3.1:8b,conservative,5.0,authority
relevance,4,llama3.1:8b,conservative,5.0,authority
relevance,4,llama3.1:8b,conservative,3.0,authority
relevance,4,llama3.1:8b,conservative,4.0,authority
relevance,4,llama3.1:8b,conservative,4.0,authority
relevance,4,llama3.1:8b,conservative,3.0,authority
relevance,4,llama3.1:8b,conservative,4.0,authority
relevance,4,llama3.1:8b,conservative,5.0,authority
relevance,4,llama3.1:8b,conservative,4.0,authority
relevance,4,llama3.1:8b,conservative,4.0,authority
relevance,4,llama3.1:8b,conservative,5.0,authority
relevance,4,llama3.1:8b,conservative,3.0,authority
relevance,4,llama3.1:8b,conservative,5.0,authority
relevance,4,llama3.1:8b,conservative,4.0,authority
relevance,4,llama3.1:8b,conservative,5.0,authority
relevance,4,llama3.1:8b,conservative,4.0,authority
relevance,4,llama3.1:8b,conservative,5.0,authority
relevance,4,llama3.1:8b,conservative,5.0,authority
relevance,4,llama3.1:8b,conservative,5.0,authority
relevance,4,llama3.1:8b,conservative,4.0,authority
relevance,4,llama3.1:8b,conservative,5.0,authority
relevance,4,llama3.1:8b,conservative,4.0,authority
relevance,4,llama3.1:8b,conservative,5.0,authority
relevance,4,llama3.1:8b,conservative,5.0,authority
relevance,4,llama3.1:8b,conservative,4.0,authority
relevance,4,llama3.1:8b,conservative,3.0,authority
relevance,4,llama3.1:8b,conservative,3.0,authority
relevance,4,llama3.1:8b,conservative,3.0,authority
relevance,4,llama3.1:8b,conservative,5.0,authority
relevance,4,llama3.1:8b,conservative,5.0,authority
relevance,4,llama3.1:8b,conservative,4.0,authority
relevance,4,llama3.1:8b,conservative,4.0,authority
relevance,4,llama3.1:8b,conservative,5.0,authority
relevance,4,llama3.1:8b,conservative,5.0,authority
relevance,4,llama3.1:8b,conservative,5.0,authority
relevance,4,llama3.1:8b,conservative,4.0,authority
relevance,4,llama3.1:8b,conservative,4.0,authority
relevance,4,llama3.1:8b,conservative,5.0,authority
relevance,4,llama3.1:8b,conservative,4.0,authority
relevance,4,llama3.1:8b,conservative,4.0,authority
relevance,4,llama3.1:8b,conservative,3.0,authority
relevance,4,llama3.1:8b,conservative,4.0,authority
relevance,4,llama3.1:8b,conservative,4.0,authority
relevance,4,llama3.1:8b,conservative,5.0,authority
relevance,4,llama3.1:8b,conservative,4.0,authority
relevance,4,llama3.1:8b,conservative,4.0,authority
relevance,4,llama3.1:8b,moderate,3.0,authority
relevance,4,llama3.1:8b,moderate,2.0,authority
relevance,4,llama3.1:8b,moderate,4.0,authority
relevance,4,llama3.1:8b,moderate,4.0,authority
relevance,4,llama3.1:8b,moderate,3.0,authority
relevance,4,llama3.1:8b,moderate,4.0,authority
relevance,4,llama3.1:8b,moderate,3.0,authority
relevance,4,llama3.1:8b,moderate,2.0,authority
relevance,4,llama3.1:8b,moderate,4.0,authority
relevance,4,llama3.1:8b,moderate,2.0,authority
relevance,4,llama3.1:8b,moderate,2.0,authority
relevance,4,llama3.1:8b,moderate,4.0,authority
relevance,4,llama3.1:8b,moderate,2.0,authority
relevance,4,llama3.1:8b,moderate,2.0,authority
relevance,4,llama3.1:8b,moderate,4.0,authority
relevance,4,llama3.1:8b,moderate,3.0,authority
relevance,4,llama3.1:8b,moderate,3.0,authority
relevance,4,llama3.1:8b,moderate,4.0,authority
relevance,4,llama3.1:8b,moderate,3.0,authority
relevance,4,llama3.1:8b,moderate,3.0,authority
relevance,4,llama3.1:8b,moderate,3.0,authority
relevance,4,llama3.1:8b,moderate,4.0,authority
relevance,4,llama3.1:8b,moderate,3.0,authority
relevance,4,llama3.1:8b,moderate,3.0,authority
relevance,4,llama3.1:8b,moderate,3.0,authority
relevance,4,llama3.1:8b,moderate,3.0,authority
relevance,4,llama3.1:8b,moderate,4.0,authority
relevance,4,llama3.1:8b,moderate,2.0,authority
relevance,4,llama3.1:8b,moderate,2.0,authority
relevance,4,llama3.1:8b,moderate,4.0,authority
relevance,4,llama3.1:8b,moderate,4.0,authority
relevance,4,llama3.1:8b,moderate,3.0,authority
relevance,4,llama3.1:8b,moderate,3.0,authority
relevance,4,llama3.1:8b,moderate,2.0,authority
relevance,4,llama3.1:8b,moderate,3.0,authority
relevance,4,llama3.1:8b,moderate,4.0,authority
relevance,4,llama3.1:8b,moderate,3.0,authority
relevance,4,llama3.1:8b,moderate,2.0,authority
relevance,4,llama3.1:8b,moderate,4.0,authority
relevance,4,llama3.1:8b,moderate,2.0,authority
relevance,4,llama3.1:8b,moderate,3.0,authority
relevance,4,llama3.1:8b,moderate,4.0,authority
relevance,4,llama3.1:8b,moderate,2.0,authority
relevance,4,llama3.1:8b,moderate,4.0,authority
relevance,4,llama3.1:8b,moderate,4.0,authority
relevance,4,llama3.1:8b,moderate,2.0,authority
relevance,4,llama3.1:8b,moderate,3.0,authority
relevance,4,llama3.1:8b,moderate,4.0,authority
relevance,4,llama3.1:8b,moderate,3.0,authority
relevance,4,llama3.1:8b,moderate,3.0,authority
relevance,4,llama3.1:8b,liberal,4.0,authority
relevance,4,llama3.1:8b,liberal,3.0,authority
relevance,4,llama3.1:8b,liberal,4.0,authority
relevance,4,llama3.1:8b,liberal,2.0,authority
relevance,4,llama3.1:8b,liberal,4.0,authority
relevance,4,llama3.1:8b,liberal,5.0,authority
relevance,4,llama3.1:8b,liberal,3.0,authority
relevance,4,llama3.1:8b,liberal,5.0,authority
relevance,4,llama3.1:8b,liberal,4.0,authority
relevance,4,llama3.1:8b,liberal,4.0,authority
relevance,4,llama3.1:8b,liberal,4.0,authority
relevance,4,llama3.1:8b,liberal,3.0,authority
relevance,4,llama3.1:8b,liberal,2.0,authority
relevance,4,llama3.1:8b,liberal,3.0,authority
relevance,4,llama3.1:8b,liberal,3.0,authority
relevance,4,llama3.1:8b,liberal,2.0,authority
relevance,4,llama3.1:8b,liberal,3.0,authority
relevance,4,llama3.1:8b,liberal,3.0,authority
relevance,4,llama3.1:8b,liberal,2.0,authority
relevance,4,llama3.1:8b,liberal,5.0,authority
relevance,4,llama3.1:8b,liberal,4.0,authority
relevance,4,llama3.1:8b,liberal,4.0,authority
relevance,4,llama3.1:8b,liberal,2.0,authority
relevance,4,llama3.1:8b,liberal,3.0,authority
relevance,4,llama3.1:8b,liberal,2.0,authority
relevance,4,llama3.1:8b,liberal,3.0,authority
relevance,4,llama3.1:8b,liberal,2.0,authority
relevance,4,llama3.1:8b,liberal,3.0,authority
relevance,4,llama3.1:8b,liberal,4.0,authority
relevance,4,llama3.1:8b,liberal,3.0,authority
relevance,4,llama3.1:8b,liberal,2.0,authority
relevance,4,llama3.1:8b,liberal,3.0,authority
relevance,4,llama3.1:8b,liberal,3.0,authority
relevance,4,llama3.1:8b,liberal,5.0,authority
relevance,4,llama3.1:8b,liberal,4.0,authority
relevance,4,llama3.1:8b,liberal,2.0,authority
relevance,4,llama3.1:8b,liberal,2.0,authority
relevance,4,llama3.1:8b,liberal,2.0,authority
relevance,4,llama3.1:8b,liberal,5.0,authority
relevance,4,llama3.1:8b,liberal,5.0,authority
relevance,4,llama3.1:8b,liberal,3.0,authority
relevance,4,llama3.1:8b,liberal,4.0,authority
relevance,4,llama3.1:8b,liberal,4.0,authority
relevance,4,llama3.1:8b,liberal,4.0,authority
relevance,4,llama3.1:8b,liberal,3.0,authority
relevance,4,llama3.1:8b,liberal,5.0,authority
relevance,4,llama3.1:8b,liberal,3.0,authority
relevance,4,llama3.1:8b,liberal,3.0,authority
relevance,4,llama3.1:8b,liberal,2.0,authority
relevance,4,llama3.1:8b,liberal,3.0,authority
relevance,4,llama2:70b,conservative,4.0,authority
relevance,4,llama2:70b,conservative,3.0,authority
relevance,4,llama2:70b,conservative,4.0,authority
relevance,4,llama2:70b,conservative,4.0,authority
relevance,4,llama2:70b,conservative,3.0,authority
relevance,4,llama2:70b,conservative,3.0,authority
relevance,4,llama2:70b,conservative,3.0,authority
relevance,4,llama2:70b,conservative,4.0,authority
relevance,4,llama2:70b,conservative,4.0,authority
relevance,4,llama2:70b,conservative,4.0,authority
relevance,4,llama2:70b,conservative,4.0,authority
relevance,4,llama2:70b,conservative,3.0,authority
relevance,4,llama2:70b,conservative,3.0,authority
relevance,4,llama2:70b,conservative,4.0,authority
relevance,4,llama2:70b,conservative,3.0,authority
relevance,4,llama2:70b,conservative,3.0,authority
relevance,4,llama2:70b,conservative,3.0,authority
relevance,4,llama2:70b,conservative,3.0,authority
relevance,4,llama2:70b,conservative,4.0,authority
relevance,4,llama2:70b,conservative,4.0,authority
relevance,4,llama2:70b,conservative,4.0,authority
relevance,4,llama2:70b,conservative,4.0,authority
relevance,4,llama2:70b,conservative,3.0,authority
relevance,4,llama2:70b,conservative,4.0,authority
relevance,4,llama2:70b,conservative,3.0,authority
relevance,4,llama2:70b,conservative,3.0,authority
relevance,4,llama2:70b,conservative,3.0,authority
relevance,4,llama2:70b,conservative,3.0,authority
relevance,4,llama2:70b,conservative,3.0,authority
relevance,4,llama2:70b,conservative,3.0,authority
relevance,4,llama2:70b,conservative,3.0,authority
relevance,4,llama2:70b,conservative,3.0,authority
relevance,4,llama2:70b,conservative,4.0,authority
relevance,4,llama2:70b,conservative,4.0,authority
relevance,4,llama2:70b,conservative,3.0,authority
relevance,4,llama2:70b,conservative,4.0,authority
relevance,4,llama2:70b,conservative,4.0,authority
relevance,4,llama2:70b,conservative,4.0,authority
relevance,4,llama2:70b,conservative,4.0,authority
relevance,4,llama2:70b,conservative,3.0,authority
relevance,4,llama2:70b,conservative,4.0,authority
relevance,4,llama2:70b,conservative,4.0,authority
relevance,4,llama2:70b,conservative,3.0,authority
relevance,4,llama2:70b,conservative,3.0,authority
relevance,4,llama2:70b,conservative,4.0,authority
relevance,4,llama2:70b,conservative,4.0,authority
relevance,4,llama2:70b,conservative,3.0,authority
relevance,4,llama2:70b,conservative,2.0,authority
relevance,4,llama2:70b,moderate,4.0,authority
relevance,4,llama2:70b,moderate,3.0,authority
relevance,4,llama2:70b,moderate,3.0,authority
relevance,4,llama2:70b,moderate,2.0,authority
relevance,4,llama2:70b,moderate,3.0,authority
relevance,4,llama2:70b,moderate,3.0,authority
relevance,4,llama2:70b,moderate,3.0,authority
relevance,4,llama2:70b,moderate,2.0,authority
relevance,4,llama2:70b,moderate,3.0,authority
relevance,4,llama2:70b,moderate,3.0,authority
relevance,4,llama2:70b,moderate,3.0,authority
relevance,4,llama2:70b,moderate,3.0,authority
relevance,4,llama2:70b,moderate,3.0,authority
relevance,4,llama2:70b,moderate,3.0,authority
relevance,4,llama2:70b,moderate,4.0,authority
relevance,4,llama2:70b,moderate,2.0,authority
relevance,4,llama2:70b,moderate,4.0,authority
relevance,4,llama2:70b,moderate,3.0,authority
relevance,4,llama2:70b,moderate,4.0,authority
relevance,4,llama2:70b,moderate,2.0,authority
relevance,4,llama2:70b,moderate,3.0,authority
relevance,4,llama2:70b,moderate,3.0,authority
relevance,4,llama2:70b,moderate,4.0,authority
relevance,4,llama2:70b,moderate,3.0,authority
relevance,4,llama2:70b,moderate,3.0,authority
relevance,4,llama2:70b,moderate,3.0,authority
relevance,4,llama2:70b,moderate,4.0,authority
relevance,4,llama2:70b,moderate,3.0,authority
relevance,4,llama2:70b,moderate,2.0,authority
relevance,4,llama2:70b,moderate,3.0,authority
relevance,4,llama2:70b,moderate,3.0,authority
relevance,4,llama2:70b,moderate,3.0,authority
relevance,4,llama2:70b,moderate,3.0,authority
relevance,4,llama2:70b,moderate,2.0,authority
relevance,4,llama2:70b,moderate,3.0,authority
relevance,4,llama2:70b,moderate,3.0,authority
relevance,4,llama2:70b,moderate,3.0,authority
relevance,4,llama2:70b,moderate,3.0,authority
relevance,4,llama2:70b,moderate,3.0,authority
relevance,4,llama2:70b,moderate,3.0,authority
relevance,4,llama2:70b,moderate,3.0,authority
relevance,4,llama2:70b,moderate,3.0,authority
relevance,4,llama2:70b,moderate,3.0,authority
relevance,4,llama2:70b,moderate,3.0,authority
relevance,4,llama2:70b,moderate,2.0,authority
relevance,4,llama2:70b,moderate,3.0,authority
relevance,4,llama2:70b,moderate,3.0,authority
relevance,4,llama2:70b,moderate,3.0,authority
relevance,4,llama2:70b,moderate,2.0,authority
relevance,4,llama2:70b,moderate,2.0,authority
relevance,4,llama2:70b,liberal,2.0,authority
relevance,4,llama2:70b,liberal,3.0,authority
relevance,4,llama2:70b,liberal,3.0,authority
relevance,4,llama2:70b,liberal,2.0,authority
relevance,4,llama2:70b,liberal,2.0,authority
relevance,4,llama2:70b,liberal,3.0,authority
relevance,4,llama2:70b,liberal,3.0,authority
relevance,4,llama2:70b,liberal,2.0,authority
relevance,4,llama2:70b,liberal,3.0,authority
relevance,4,llama2:70b,liberal,2.0,authority
relevance,4,llama2:70b,liberal,3.0,authority
relevance,4,llama2:70b,liberal,2.0,authority
relevance,4,llama2:70b,liberal,3.0,authority
relevance,4,llama2:70b,liberal,3.0,authority
relevance,4,llama2:70b,liberal,2.0,authority
relevance,4,llama2:70b,liberal,2.0,authority
relevance,4,llama2:70b,liberal,4.0,authority
relevance,4,llama2:70b,liberal,4.0,authority
relevance,4,llama2:70b,liberal,3.0,authority
relevance,4,llama2:70b,liberal,3.0,authority
relevance,4,llama2:70b,liberal,3.0,authority
relevance,4,llama2:70b,liberal,3.0,authority
relevance,4,llama2:70b,liberal,2.0,authority
relevance,4,llama2:70b,liberal,3.0,authority
relevance,4,llama2:70b,liberal,4.0,authority
relevance,4,llama2:70b,liberal,3.0,authority
relevance,4,llama2:70b,liberal,3.0,authority
relevance,4,llama2:70b,liberal,3.0,authority
relevance,4,llama2:70b,liberal,3.0,authority
relevance,4,llama2:70b,liberal,3.0,authority
relevance,4,llama2:70b,liberal,3.0,authority
relevance,4,llama2:70b,liberal,3.0,authority
relevance,4,llama2:70b,liberal,3.0,authority
relevance,4,llama2:70b,liberal,3.0,authority
relevance,4,llama2:70b,liberal,3.0,authority
relevance,4,llama2:70b,liberal,2.0,authority
relevance,4,llama2:70b,liberal,3.0,authority
relevance,4,llama2:70b,liberal,2.0,authority
relevance,4,llama2:70b,liberal,3.0,authority
relevance,4,llama2:70b,liberal,3.0,authority
relevance,4,llama2:70b,liberal,2.0,authority
relevance,4,llama2:70b,liberal,3.0,authority
relevance,4,llama2:70b,liberal,3.0,authority
relevance,4,llama2:70b,liberal,3.0,authority
relevance,4,llama2:70b,liberal,3.0,authority
relevance,4,llama2:70b,liberal,3.0,authority
relevance,4,llama2:70b,liberal,3.0,authority
relevance,4,llama2:70b,liberal,3.0,authority
relevance,4,llama2:70b,liberal,3.0,authority
relevance,4,llama2:70b,liberal,3.0,authority
relevance,4,llama3:70b,conservative,5.0,authority
relevance,4,llama3:70b,conservative,5.0,authority
relevance,4,llama3:70b,conservative,5.0,authority
relevance,4,llama3:70b,conservative,5.0,authority
relevance,4,llama3:70b,conservative,5.0,authority
relevance,4,llama3:70b,conservative,4.0,authority
relevance,4,llama3:70b,conservative,5.0,authority
relevance,4,llama3:70b,conservative,5.0,authority
relevance,4,llama3:70b,conservative,5.0,authority
relevance,4,llama3:70b,conservative,5.0,authority
relevance,4,llama3:70b,conservative,5.0,authority
relevance,4,llama3:70b,conservative,5.0,authority
relevance,4,llama3:70b,conservative,4.0,authority
relevance,4,llama3:70b,conservative,4.0,authority
relevance,4,llama3:70b,conservative,5.0,authority
relevance,4,llama3:70b,conservative,5.0,authority
relevance,4,llama3:70b,conservative,5.0,authority
relevance,4,llama3:70b,conservative,5.0,authority
relevance,4,llama3:70b,conservative,5.0,authority
relevance,4,llama3:70b,conservative,5.0,authority
relevance,4,llama3:70b,conservative,5.0,authority
relevance,4,llama3:70b,conservative,5.0,authority
relevance,4,llama3:70b,conservative,5.0,authority
relevance,4,llama3:70b,conservative,4.0,authority
relevance,4,llama3:70b,conservative,5.0,authority
relevance,4,llama3:70b,conservative,5.0,authority
relevance,4,llama3:70b,conservative,5.0,authority
relevance,4,llama3:70b,conservative,5.0,authority
relevance,4,llama3:70b,conservative,5.0,authority
relevance,4,llama3:70b,conservative,5.0,authority
relevance,4,llama3:70b,conservative,5.0,authority
relevance,4,llama3:70b,conservative,4.0,authority
relevance,4,llama3:70b,conservative,5.0,authority
relevance,4,llama3:70b,conservative,5.0,authority
relevance,4,llama3:70b,conservative,5.0,authority
relevance,4,llama3:70b,conservative,5.0,authority
relevance,4,llama3:70b,conservative,5.0,authority
relevance,4,llama3:70b,conservative,5.0,authority
relevance,4,llama3:70b,conservative,5.0,authority
relevance,4,llama3:70b,conservative,5.0,authority
relevance,4,llama3:70b,conservative,5.0,authority
relevance,4,llama3:70b,conservative,5.0,authority
relevance,4,llama3:70b,conservative,4.0,authority
relevance,4,llama3:70b,conservative,5.0,authority
relevance,4,llama3:70b,conservative,5.0,authority
relevance,4,llama3:70b,conservative,5.0,authority
relevance,4,llama3:70b,conservative,5.0,authority
relevance,4,llama3:70b,conservative,5.0,authority
relevance,4,llama3:70b,conservative,5.0,authority
relevance,4,llama3:70b,conservative,5.0,authority
relevance,4,llama3:70b,moderate,3.0,authority
relevance,4,llama3:70b,moderate,2.0,authority
relevance,4,llama3:70b,moderate,2.0,authority
relevance,4,llama3:70b,moderate,3.0,authority
relevance,4,llama3:70b,moderate,2.0,authority
relevance,4,llama3:70b,moderate,2.0,authority
relevance,4,llama3:70b,moderate,2.0,authority
relevance,4,llama3:70b,moderate,3.0,authority
relevance,4,llama3:70b,moderate,2.0,authority
relevance,4,llama3:70b,moderate,3.0,authority
relevance,4,llama3:70b,moderate,3.0,authority
relevance,4,llama3:70b,moderate,2.0,authority
relevance,4,llama3:70b,moderate,2.0,authority
relevance,4,llama3:70b,moderate,2.0,authority
relevance,4,llama3:70b,moderate,2.0,authority
relevance,4,llama3:70b,moderate,2.0,authority
relevance,4,llama3:70b,moderate,3.0,authority
relevance,4,llama3:70b,moderate,3.0,authority
relevance,4,llama3:70b,moderate,2.0,authority
relevance,4,llama3:70b,moderate,2.0,authority
relevance,4,llama3:70b,moderate,2.0,authority
relevance,4,llama3:70b,moderate,2.0,authority
relevance,4,llama3:70b,moderate,2.0,authority
relevance,4,llama3:70b,moderate,3.0,authority
relevance,4,llama3:70b,moderate,2.0,authority
relevance,4,llama3:70b,moderate,3.0,authority
relevance,4,llama3:70b,moderate,3.0,authority
relevance,4,llama3:70b,moderate,2.0,authority
relevance,4,llama3:70b,moderate,2.0,authority
relevance,4,llama3:70b,moderate,3.0,authority
relevance,4,llama3:70b,moderate,3.0,authority
relevance,4,llama3:70b,moderate,3.0,authority
relevance,4,llama3:70b,moderate,3.0,authority
relevance,4,llama3:70b,moderate,2.0,authority
relevance,4,llama3:70b,moderate,2.0,authority
relevance,4,llama3:70b,moderate,3.0,authority
relevance,4,llama3:70b,moderate,2.0,authority
relevance,4,llama3:70b,moderate,2.0,authority
relevance,4,llama3:70b,moderate,3.0,authority
relevance,4,llama3:70b,moderate,2.0,authority
relevance,4,llama3:70b,moderate,2.0,authority
relevance,4,llama3:70b,moderate,2.0,authority
relevance,4,llama3:70b,moderate,2.0,authority
relevance,4,llama3:70b,moderate,2.0,authority
relevance,4,llama3:70b,moderate,3.0,authority
relevance,4,llama3:70b,moderate,3.0,authority
relevance,4,llama3:70b,moderate,3.0,authority
relevance,4,llama3:70b,moderate,3.0,authority
relevance,4,llama3:70b,moderate,3.0,authority
relevance,4,llama3:70b,moderate,3.0,authority
relevance,4,llama3:70b,liberal,1.0,authority
relevance,4,llama3:70b,liberal,2.0,authority
relevance,4,llama3:70b,liberal,1.0,authority
relevance,4,llama3:70b,liberal,1.0,authority
relevance,4,llama3:70b,liberal,1.0,authority
relevance,4,llama3:70b,liberal,2.0,authority
relevance,4,llama3:70b,liberal,2.0,authority
relevance,4,llama3:70b,liberal,1.0,authority
relevance,4,llama3:70b,liberal,1.0,authority
relevance,4,llama3:70b,liberal,2.0,authority
relevance,4,llama3:70b,liberal,2.0,authority
relevance,4,llama3:70b,liberal,1.0,authority
relevance,4,llama3:70b,liberal,2.0,authority
relevance,4,llama3:70b,liberal,1.0,authority
relevance,4,llama3:70b,liberal,1.0,authority
relevance,4,llama3:70b,liberal,1.0,authority
relevance,4,llama3:70b,liberal,1.0,authority
relevance,4,llama3:70b,liberal,2.0,authority
relevance,4,llama3:70b,liberal,2.0,authority
relevance,4,llama3:70b,liberal,2.0,authority
relevance,4,llama3:70b,liberal,2.0,authority
relevance,4,llama3:70b,liberal,2.0,authority
relevance,4,llama3:70b,liberal,2.0,authority
relevance,4,llama3:70b,liberal,1.0,authority
relevance,4,llama3:70b,liberal,2.0,authority
relevance,4,llama3:70b,liberal,2.0,authority
relevance,4,llama3:70b,liberal,1.0,authority
relevance,4,llama3:70b,liberal,2.0,authority
relevance,4,llama3:70b,liberal,2.0,authority
relevance,4,llama3:70b,liberal,1.0,authority
relevance,4,llama3:70b,liberal,2.0,authority
relevance,4,llama3:70b,liberal,2.0,authority
relevance,4,llama3:70b,liberal,2.0,authority
relevance,4,llama3:70b,liberal,2.0,authority
relevance,4,llama3:70b,liberal,1.0,authority
relevance,4,llama3:70b,liberal,1.0,authority
relevance,4,llama3:70b,liberal,2.0,authority
relevance,4,llama3:70b,liberal,2.0,authority
relevance,4,llama3:70b,liberal,2.0,authority
relevance,4,llama3:70b,liberal,2.0,authority
relevance,4,llama3:70b,liberal,2.0,authority
relevance,4,llama3:70b,liberal,2.0,authority
relevance,4,llama3:70b,liberal,2.0,authority
relevance,4,llama3:70b,liberal,2.0,authority
relevance,4,llama3:70b,liberal,2.0,authority
relevance,4,llama3:70b,liberal,2.0,authority
relevance,4,llama3:70b,liberal,1.0,authority
relevance,4,llama3:70b,liberal,2.0,authority
relevance,4,llama3:70b,liberal,1.0,authority
relevance,4,llama3:70b,liberal,2.0,authority
relevance,4,llama3.1:70b,conservative,4.0,authority
relevance,4,llama3.1:70b,conservative,4.0,authority
relevance,4,llama3.1:70b,conservative,5.0,authority
relevance,4,llama3.1:70b,conservative,5.0,authority
relevance,4,llama3.1:70b,conservative,5.0,authority
relevance,4,llama3.1:70b,conservative,5.0,authority
relevance,4,llama3.1:70b,conservative,5.0,authority
relevance,4,llama3.1:70b,conservative,5.0,authority
relevance,4,llama3.1:70b,conservative,4.0,authority
relevance,4,llama3.1:70b,conservative,5.0,authority
relevance,4,llama3.1:70b,conservative,5.0,authority
relevance,4,llama3.1:70b,conservative,4.0,authority
relevance,4,llama3.1:70b,conservative,5.0,authority
relevance,4,llama3.1:70b,conservative,5.0,authority
relevance,4,llama3.1:70b,conservative,5.0,authority
relevance,4,llama3.1:70b,conservative,5.0,authority
relevance,4,llama3.1:70b,conservative,5.0,authority
relevance,4,llama3.1:70b,conservative,5.0,authority
relevance,4,llama3.1:70b,conservative,5.0,authority
relevance,4,llama3.1:70b,conservative,4.0,authority
relevance,4,llama3.1:70b,conservative,5.0,authority
relevance,4,llama3.1:70b,conservative,5.0,authority
relevance,4,llama3.1:70b,conservative,5.0,authority
relevance,4,llama3.1:70b,conservative,5.0,authority
relevance,4,llama3.1:70b,conservative,5.0,authority
relevance,4,llama3.1:70b,conservative,5.0,authority
relevance,4,llama3.1:70b,conservative,5.0,authority
relevance,4,llama3.1:70b,conservative,5.0,authority
relevance,4,llama3.1:70b,conservative,5.0,authority
relevance,4,llama3.1:70b,conservative,5.0,authority
relevance,4,llama3.1:70b,conservative,4.0,authority
relevance,4,llama3.1:70b,conservative,4.0,authority
relevance,4,llama3.1:70b,conservative,5.0,authority
relevance,4,llama3.1:70b,conservative,4.0,authority
relevance,4,llama3.1:70b,conservative,5.0,authority
relevance,4,llama3.1:70b,conservative,5.0,authority
relevance,4,llama3.1:70b,conservative,5.0,authority
relevance,4,llama3.1:70b,conservative,5.0,authority
relevance,4,llama3.1:70b,conservative,5.0,authority
relevance,4,llama3.1:70b,conservative,5.0,authority
relevance,4,llama3.1:70b,conservative,5.0,authority
relevance,4,llama3.1:70b,conservative,5.0,authority
relevance,4,llama3.1:70b,conservative,5.0,authority
relevance,4,llama3.1:70b,conservative,5.0,authority
relevance,4,llama3.1:70b,conservative,5.0,authority
relevance,4,llama3.1:70b,conservative,4.0,authority
relevance,4,llama3.1:70b,conservative,5.0,authority
relevance,4,llama3.1:70b,conservative,4.0,authority
relevance,4,llama3.1:70b,conservative,5.0,authority
relevance,4,llama3.1:70b,conservative,5.0,authority
relevance,4,llama3.1:70b,moderate,4.0,authority
relevance,4,llama3.1:70b,moderate,3.0,authority
relevance,4,llama3.1:70b,moderate,4.0,authority
relevance,4,llama3.1:70b,moderate,3.0,authority
relevance,4,llama3.1:70b,moderate,3.0,authority
relevance,4,llama3.1:70b,moderate,3.0,authority
relevance,4,llama3.1:70b,moderate,4.0,authority
relevance,4,llama3.1:70b,moderate,4.0,authority
relevance,4,llama3.1:70b,moderate,4.0,authority
relevance,4,llama3.1:70b,moderate,4.0,authority
relevance,4,llama3.1:70b,moderate,4.0,authority
relevance,4,llama3.1:70b,moderate,3.0,authority
relevance,4,llama3.1:70b,moderate,3.0,authority
relevance,4,llama3.1:70b,moderate,3.0,authority
relevance,4,llama3.1:70b,moderate,3.0,authority
relevance,4,llama3.1:70b,moderate,3.0,authority
relevance,4,llama3.1:70b,moderate,4.0,authority
relevance,4,llama3.1:70b,moderate,4.0,authority
relevance,4,llama3.1:70b,moderate,4.0,authority
relevance,4,llama3.1:70b,moderate,4.0,authority
relevance,4,llama3.1:70b,moderate,4.0,authority
relevance,4,llama3.1:70b,moderate,4.0,authority
relevance,4,llama3.1:70b,moderate,4.0,authority
relevance,4,llama3.1:70b,moderate,4.0,authority
relevance,4,llama3.1:70b,moderate,4.0,authority
relevance,4,llama3.1:70b,moderate,3.0,authority
relevance,4,llama3.1:70b,moderate,4.0,authority
relevance,4,llama3.1:70b,moderate,4.0,authority
relevance,4,llama3.1:70b,moderate,4.0,authority
relevance,4,llama3.1:70b,moderate,4.0,authority
relevance,4,llama3.1:70b,moderate,4.0,authority
relevance,4,llama3.1:70b,moderate,4.0,authority
relevance,4,llama3.1:70b,moderate,3.0,authority
relevance,4,llama3.1:70b,moderate,4.0,authority
relevance,4,llama3.1:70b,moderate,4.0,authority
relevance,4,llama3.1:70b,moderate,3.0,authority
relevance,4,llama3.1:70b,moderate,4.0,authority
relevance,4,llama3.1:70b,moderate,4.0,authority
relevance,4,llama3.1:70b,moderate,4.0,authority
relevance,4,llama3.1:70b,moderate,3.0,authority
relevance,4,llama3.1:70b,moderate,4.0,authority
relevance,4,llama3.1:70b,moderate,3.0,authority
relevance,4,llama3.1:70b,moderate,4.0,authority
relevance,4,llama3.1:70b,moderate,4.0,authority
relevance,4,llama3.1:70b,moderate,4.0,authority
relevance,4,llama3.1:70b,moderate,4.0,authority
relevance,4,llama3.1:70b,moderate,3.0,authority
relevance,4,llama3.1:70b,moderate,4.0,authority
relevance,4,llama3.1:70b,moderate,4.0,authority
relevance,4,llama3.1:70b,moderate,3.0,authority
relevance,4,llama3.1:70b,liberal,2.0,authority
relevance,4,llama3.1:70b,liberal,2.0,authority
relevance,4,llama3.1:70b,liberal,2.0,authority
relevance,4,llama3.1:70b,liberal,2.0,authority
relevance,4,llama3.1:70b,liberal,1.0,authority
relevance,4,llama3.1:70b,liberal,1.0,authority
relevance,4,llama3.1:70b,liberal,2.0,authority
relevance,4,llama3.1:70b,liberal,2.0,authority
relevance,4,llama3.1:70b,liberal,2.0,authority
relevance,4,llama3.1:70b,liberal,2.0,authority
relevance,4,llama3.1:70b,liberal,2.0,authority
relevance,4,llama3.1:70b,liberal,1.0,authority
relevance,4,llama3.1:70b,liberal,2.0,authority
relevance,4,llama3.1:70b,liberal,2.0,authority
relevance,4,llama3.1:70b,liberal,2.0,authority
relevance,4,llama3.1:70b,liberal,2.0,authority
relevance,4,llama3.1:70b,liberal,2.0,authority
relevance,4,llama3.1:70b,liberal,2.0,authority
relevance,4,llama3.1:70b,liberal,2.0,authority
relevance,4,llama3.1:70b,liberal,2.0,authority
relevance,4,llama3.1:70b,liberal,2.0,authority
relevance,4,llama3.1:70b,liberal,3.0,authority
relevance,4,llama3.1:70b,liberal,2.0,authority
relevance,4,llama3.1:70b,liberal,1.0,authority
relevance,4,llama3.1:70b,liberal,2.0,authority
relevance,4,llama3.1:70b,liberal,2.0,authority
relevance,4,llama3.1:70b,liberal,2.0,authority
relevance,4,llama3.1:70b,liberal,2.0,authority
relevance,4,llama3.1:70b,liberal,2.0,authority
relevance,4,llama3.1:70b,liberal,2.0,authority
relevance,4,llama3.1:70b,liberal,2.0,authority
relevance,4,llama3.1:70b,liberal,2.0,authority
relevance,4,llama3.1:70b,liberal,2.0,authority
relevance,4,llama3.1:70b,liberal,2.0,authority
relevance,4,llama3.1:70b,liberal,1.0,authority
relevance,4,llama3.1:70b,liberal,2.0,authority
relevance,4,llama3.1:70b,liberal,1.0,authority
relevance,4,llama3.1:70b,liberal,1.0,authority
relevance,4,llama3.1:70b,liberal,2.0,authority
relevance,4,llama3.1:70b,liberal,3.0,authority
relevance,4,llama3.1:70b,liberal,2.0,authority
relevance,4,llama3.1:70b,liberal,2.0,authority
relevance,4,llama3.1:70b,liberal,1.0,authority
relevance,4,llama3.1:70b,liberal,3.0,authority
relevance,4,llama3.1:70b,liberal,1.0,authority
relevance,4,llama3.1:70b,liberal,1.0,authority
relevance,4,llama3.1:70b,liberal,1.0,authority
relevance,4,llama3.1:70b,liberal,2.0,authority
relevance,4,llama3.1:70b,liberal,1.0,authority
relevance,4,llama3.1:70b,liberal,2.0,authority
relevance,4,mistral:7b,conservative,0.0,authority
relevance,4,mistral:7b,conservative,2.0,authority
relevance,4,mistral:7b,conservative,3.0,authority
relevance,4,mistral:7b,conservative,3.0,authority
relevance,4,mistral:7b,conservative,3.0,authority
relevance,4,mistral:7b,conservative,3.0,authority
relevance,4,mistral:7b,conservative,2.0,authority
relevance,4,mistral:7b,conservative,3.0,authority
relevance,4,mistral:7b,conservative,3.0,authority
relevance,4,mistral:7b,conservative,3.0,authority
relevance,4,mistral:7b,conservative,3.0,authority
relevance,4,mistral:7b,conservative,3.0,authority
relevance,4,mistral:7b,conservative,0.0,authority
relevance,4,mistral:7b,conservative,3.0,authority
relevance,4,mistral:7b,conservative,2.0,authority
relevance,4,mistral:7b,conservative,2.0,authority
relevance,4,mistral:7b,conservative,3.0,authority
relevance,4,mistral:7b,conservative,2.0,authority
relevance,4,mistral:7b,conservative,2.0,authority
relevance,4,mistral:7b,conservative,3.0,authority
relevance,4,mistral:7b,conservative,3.0,authority
relevance,4,mistral:7b,conservative,0.0,authority
relevance,4,mistral:7b,conservative,2.0,authority
relevance,4,mistral:7b,conservative,3.0,authority
relevance,4,mistral:7b,conservative,3.0,authority
relevance,4,mistral:7b,conservative,3.0,authority
relevance,4,mistral:7b,conservative,3.0,authority
relevance,4,mistral:7b,conservative,2.0,authority
relevance,4,mistral:7b,conservative,3.0,authority
relevance,4,mistral:7b,conservative,3.0,authority
relevance,4,mistral:7b,conservative,0.0,authority
relevance,4,mistral:7b,conservative,3.0,authority
relevance,4,mistral:7b,conservative,2.0,authority
relevance,4,mistral:7b,conservative,3.0,authority
relevance,4,mistral:7b,conservative,3.0,authority
relevance,4,mistral:7b,conservative,3.0,authority
relevance,4,mistral:7b,conservative,0.0,authority
relevance,4,mistral:7b,conservative,3.0,authority
relevance,4,mistral:7b,conservative,3.0,authority
relevance,4,mistral:7b,conservative,3.0,authority
relevance,4,mistral:7b,conservative,3.0,authority
relevance,4,mistral:7b,conservative,3.0,authority
relevance,4,mistral:7b,conservative,3.0,authority
relevance,4,mistral:7b,conservative,3.0,authority
relevance,4,mistral:7b,conservative,3.0,authority
relevance,4,mistral:7b,conservative,3.0,authority
relevance,4,mistral:7b,conservative,2.0,authority
relevance,4,mistral:7b,conservative,3.0,authority
relevance,4,mistral:7b,moderate,0.0,authority
relevance,4,mistral:7b,moderate,0.0,authority
relevance,4,mistral:7b,moderate,1.0,authority
relevance,4,mistral:7b,moderate,1.0,authority
relevance,4,mistral:7b,moderate,1.0,authority
relevance,4,mistral:7b,moderate,1.0,authority
relevance,4,mistral:7b,moderate,1.0,authority
relevance,4,mistral:7b,moderate,1.0,authority
relevance,4,mistral:7b,moderate,1.0,authority
relevance,4,mistral:7b,moderate,1.0,authority
relevance,4,mistral:7b,moderate,1.0,authority
relevance,4,mistral:7b,moderate,1.0,authority
relevance,4,mistral:7b,moderate,1.0,authority
relevance,4,mistral:7b,moderate,1.0,authority
relevance,4,mistral:7b,moderate,1.0,authority
relevance,4,mistral:7b,moderate,1.0,authority
relevance,4,mistral:7b,moderate,1.0,authority
relevance,4,mistral:7b,moderate,1.0,authority
relevance,4,mistral:7b,moderate,1.0,authority
relevance,4,mistral:7b,moderate,1.0,authority
relevance,4,mistral:7b,moderate,1.0,authority
relevance,4,mistral:7b,moderate,1.0,authority
relevance,4,mistral:7b,moderate,1.0,authority
relevance,4,mistral:7b,moderate,1.0,authority
relevance,4,mistral:7b,moderate,1.0,authority
relevance,4,mistral:7b,moderate,1.0,authority
relevance,4,mistral:7b,moderate,1.0,authority
relevance,4,mistral:7b,moderate,1.0,authority
relevance,4,mistral:7b,moderate,1.0,authority
relevance,4,mistral:7b,moderate,1.0,authority
relevance,4,mistral:7b,moderate,1.0,authority
relevance,4,mistral:7b,moderate,1.0,authority
relevance,4,mistral:7b,moderate,1.0,authority
relevance,4,mistral:7b,moderate,1.0,authority
relevance,4,mistral:7b,moderate,1.0,authority
relevance,4,mistral:7b,moderate,1.0,authority
relevance,4,mistral:7b,moderate,1.0,authority
relevance,4,mistral:7b,moderate,0.0,authority
relevance,4,mistral:7b,moderate,1.0,authority
relevance,4,mistral:7b,moderate,1.0,authority
relevance,4,mistral:7b,moderate,1.0,authority
relevance,4,mistral:7b,moderate,1.0,authority
relevance,4,mistral:7b,moderate,1.0,authority
relevance,4,mistral:7b,moderate,1.0,authority
relevance,4,mistral:7b,moderate,1.0,authority
relevance,4,mistral:7b,moderate,1.0,authority
relevance,4,mistral:7b,moderate,1.0,authority
relevance,4,mistral:7b,moderate,1.0,authority
relevance,4,mistral:7b,moderate,1.0,authority
relevance,4,mistral:7b,moderate,1.0,authority
relevance,4,mistral:7b,liberal,1.0,authority
relevance,4,mistral:7b,liberal,1.0,authority
relevance,4,mistral:7b,liberal,3.0,authority
relevance,4,mistral:7b,liberal,1.0,authority
relevance,4,mistral:7b,liberal,0.0,authority
relevance,4,mistral:7b,liberal,3.0,authority
relevance,4,mistral:7b,liberal,1.0,authority
relevance,4,mistral:7b,liberal,1.0,authority
relevance,4,mistral:7b,liberal,1.0,authority
relevance,4,mistral:7b,liberal,1.0,authority
relevance,4,mistral:7b,liberal,0.0,authority
relevance,4,mistral:7b,liberal,1.0,authority
relevance,4,mistral:7b,liberal,1.0,authority
relevance,4,mistral:7b,liberal,1.0,authority
relevance,4,mistral:7b,liberal,1.0,authority
relevance,4,mistral:7b,liberal,1.0,authority
relevance,4,mistral:7b,liberal,1.0,authority
relevance,4,mistral:7b,liberal,1.0,authority
relevance,4,mistral:7b,liberal,1.0,authority
relevance,4,mistral:7b,liberal,1.0,authority
relevance,4,mistral:7b,liberal,1.0,authority
relevance,4,mistral:7b,liberal,1.0,authority
relevance,4,mistral:7b,liberal,1.0,authority
relevance,4,mistral:7b,liberal,1.0,authority
relevance,4,mistral:7b,liberal,1.0,authority
relevance,4,mistral:7b,liberal,1.0,authority
relevance,4,mistral:7b,liberal,0.0,authority
relevance,4,mistral:7b,liberal,1.0,authority
relevance,4,mistral:7b,liberal,1.0,authority
relevance,4,mistral:7b,liberal,1.0,authority
relevance,4,mistral:7b,liberal,1.0,authority
relevance,4,mistral:7b,liberal,1.0,authority
relevance,4,mistral:7b,liberal,1.0,authority
relevance,4,mistral:7b,liberal,0.0,authority
relevance,4,mistral:7b,liberal,1.0,authority
relevance,4,mistral:7b,liberal,1.0,authority
relevance,4,mistral:7b,liberal,1.0,authority
relevance,4,mistral:7b,liberal,0.0,authority
relevance,4,mistral:7b,liberal,1.0,authority
relevance,4,mistral:7b,liberal,1.0,authority
relevance,4,mistral:7b,liberal,1.0,authority
relevance,4,mistral:7b,liberal,1.0,authority
relevance,4,mistral:7b,liberal,1.0,authority
relevance,4,mistral:7b,liberal,1.0,authority
relevance,4,mistral:7b,liberal,1.0,authority
relevance,4,mistral:7b,liberal,1.0,authority
relevance,4,mistral:7b,liberal,1.0,authority
relevance,4,mistral:7b,liberal,1.0,authority
relevance,4,mistral:7b,liberal,1.0,authority
relevance,4,mistral:7b,liberal,1.0,authority
relevance,4,mixtral:8x22b,conservative,4.0,authority
relevance,4,mixtral:8x22b,conservative,4.0,authority
relevance,4,mixtral:8x22b,conservative,4.0,authority
relevance,4,mixtral:8x22b,conservative,4.0,authority
relevance,4,mixtral:8x22b,conservative,4.0,authority
relevance,4,mixtral:8x22b,conservative,4.0,authority
relevance,4,mixtral:8x22b,conservative,4.0,authority
relevance,4,mixtral:8x22b,conservative,4.0,authority
relevance,4,mixtral:8x22b,conservative,4.0,authority
relevance,4,mixtral:8x22b,conservative,4.0,authority
relevance,4,mixtral:8x22b,conservative,4.0,authority
relevance,4,mixtral:8x22b,conservative,4.0,authority
relevance,4,mixtral:8x22b,conservative,4.0,authority
relevance,4,mixtral:8x22b,conservative,4.0,authority
relevance,4,mixtral:8x22b,conservative,4.0,authority
relevance,4,mixtral:8x22b,conservative,4.0,authority
relevance,4,mixtral:8x22b,conservative,4.0,authority
relevance,4,mixtral:8x22b,conservative,4.0,authority
relevance,4,mixtral:8x22b,conservative,4.0,authority
relevance,4,mixtral:8x22b,conservative,4.0,authority
relevance,4,mixtral:8x22b,conservative,4.0,authority
relevance,4,mixtral:8x22b,conservative,4.0,authority
relevance,4,mixtral:8x22b,conservative,4.0,authority
relevance,4,mixtral:8x22b,conservative,4.0,authority
relevance,4,mixtral:8x22b,conservative,4.0,authority
relevance,4,mixtral:8x22b,conservative,4.0,authority
relevance,4,mixtral:8x22b,conservative,4.0,authority
relevance,4,mixtral:8x22b,conservative,4.0,authority
relevance,4,mixtral:8x22b,conservative,4.0,authority
relevance,4,mixtral:8x22b,conservative,4.0,authority
relevance,4,mixtral:8x22b,conservative,4.0,authority
relevance,4,mixtral:8x22b,conservative,4.0,authority
relevance,4,mixtral:8x22b,conservative,4.0,authority
relevance,4,mixtral:8x22b,conservative,4.0,authority
relevance,4,mixtral:8x22b,conservative,4.0,authority
relevance,4,mixtral:8x22b,conservative,4.0,authority
relevance,4,mixtral:8x22b,conservative,4.0,authority
relevance,4,mixtral:8x22b,conservative,4.0,authority
relevance,4,mixtral:8x22b,conservative,4.0,authority
relevance,4,mixtral:8x22b,conservative,4.0,authority
relevance,4,mixtral:8x22b,conservative,4.0,authority
relevance,4,mixtral:8x22b,conservative,4.0,authority
relevance,4,mixtral:8x22b,conservative,4.0,authority
relevance,4,mixtral:8x22b,conservative,4.0,authority
relevance,4,mixtral:8x22b,conservative,4.0,authority
relevance,4,mixtral:8x22b,conservative,4.0,authority
relevance,4,mixtral:8x22b,conservative,4.0,authority
relevance,4,mixtral:8x22b,conservative,4.0,authority
relevance,4,mixtral:8x22b,conservative,4.0,authority
relevance,4,mixtral:8x22b,conservative,4.0,authority
relevance,4,mixtral:8x22b,moderate,2.0,authority
relevance,4,mixtral:8x22b,moderate,2.0,authority
relevance,4,mixtral:8x22b,moderate,2.0,authority
relevance,4,mixtral:8x22b,moderate,2.0,authority
relevance,4,mixtral:8x22b,moderate,2.0,authority
relevance,4,mixtral:8x22b,moderate,2.0,authority
relevance,4,mixtral:8x22b,moderate,2.0,authority
relevance,4,mixtral:8x22b,moderate,2.0,authority
relevance,4,mixtral:8x22b,moderate,2.0,authority
relevance,4,mixtral:8x22b,moderate,2.0,authority
relevance,4,mixtral:8x22b,moderate,2.0,authority
relevance,4,mixtral:8x22b,moderate,2.0,authority
relevance,4,mixtral:8x22b,moderate,2.0,authority
relevance,4,mixtral:8x22b,moderate,2.0,authority
relevance,4,mixtral:8x22b,moderate,2.0,authority
relevance,4,mixtral:8x22b,moderate,2.0,authority
relevance,4,mixtral:8x22b,moderate,3.0,authority
relevance,4,mixtral:8x22b,moderate,2.0,authority
relevance,4,mixtral:8x22b,moderate,2.0,authority
relevance,4,mixtral:8x22b,moderate,2.0,authority
relevance,4,mixtral:8x22b,moderate,2.0,authority
relevance,4,mixtral:8x22b,moderate,2.0,authority
relevance,4,mixtral:8x22b,moderate,2.0,authority
relevance,4,mixtral:8x22b,moderate,2.0,authority
relevance,4,mixtral:8x22b,moderate,2.0,authority
relevance,4,mixtral:8x22b,moderate,2.0,authority
relevance,4,mixtral:8x22b,moderate,2.0,authority
relevance,4,mixtral:8x22b,moderate,2.0,authority
relevance,4,mixtral:8x22b,moderate,2.0,authority
relevance,4,mixtral:8x22b,moderate,2.0,authority
relevance,4,mixtral:8x22b,moderate,2.0,authority
relevance,4,mixtral:8x22b,moderate,2.0,authority
relevance,4,mixtral:8x22b,moderate,2.0,authority
relevance,4,mixtral:8x22b,moderate,3.0,authority
relevance,4,mixtral:8x22b,moderate,2.0,authority
relevance,4,mixtral:8x22b,moderate,2.0,authority
relevance,4,mixtral:8x22b,moderate,2.0,authority
relevance,4,mixtral:8x22b,moderate,2.0,authority
relevance,4,mixtral:8x22b,moderate,2.0,authority
relevance,4,mixtral:8x22b,moderate,2.0,authority
relevance,4,mixtral:8x22b,moderate,2.0,authority
relevance,4,mixtral:8x22b,moderate,2.0,authority
relevance,4,mixtral:8x22b,moderate,2.0,authority
relevance,4,mixtral:8x22b,moderate,2.0,authority
relevance,4,mixtral:8x22b,moderate,2.0,authority
relevance,4,mixtral:8x22b,moderate,3.0,authority
relevance,4,mixtral:8x22b,moderate,2.0,authority
relevance,4,mixtral:8x22b,moderate,2.0,authority
relevance,4,mixtral:8x22b,moderate,3.0,authority
relevance,4,mixtral:8x22b,moderate,2.0,authority
relevance,4,mixtral:8x22b,liberal,2.0,authority
relevance,4,mixtral:8x22b,liberal,2.0,authority
relevance,4,mixtral:8x22b,liberal,2.0,authority
relevance,4,mixtral:8x22b,liberal,2.0,authority
relevance,4,mixtral:8x22b,liberal,2.0,authority
relevance,4,mixtral:8x22b,liberal,2.0,authority
relevance,4,mixtral:8x22b,liberal,2.0,authority
relevance,4,mixtral:8x22b,liberal,2.0,authority
relevance,4,mixtral:8x22b,liberal,2.0,authority
relevance,4,mixtral:8x22b,liberal,2.0,authority
relevance,4,mixtral:8x22b,liberal,2.0,authority
relevance,4,mixtral:8x22b,liberal,2.0,authority
relevance,4,mixtral:8x22b,liberal,2.0,authority
relevance,4,mixtral:8x22b,liberal,2.0,authority
relevance,4,mixtral:8x22b,liberal,2.0,authority
relevance,4,mixtral:8x22b,liberal,2.0,authority
relevance,4,mixtral:8x22b,liberal,2.0,authority
relevance,4,mixtral:8x22b,liberal,2.0,authority
relevance,4,mixtral:8x22b,liberal,2.0,authority
relevance,4,mixtral:8x22b,liberal,2.0,authority
relevance,4,mixtral:8x22b,liberal,2.0,authority
relevance,4,mixtral:8x22b,liberal,2.0,authority
relevance,4,mixtral:8x22b,liberal,2.0,authority
relevance,4,mixtral:8x22b,liberal,2.0,authority
relevance,4,mixtral:8x22b,liberal,2.0,authority
relevance,4,mixtral:8x22b,liberal,2.0,authority
relevance,4,mixtral:8x22b,liberal,2.0,authority
relevance,4,mixtral:8x22b,liberal,2.0,authority
relevance,4,mixtral:8x22b,liberal,2.0,authority
relevance,4,mixtral:8x22b,liberal,2.0,authority
relevance,4,mixtral:8x22b,liberal,2.0,authority
relevance,4,mixtral:8x22b,liberal,2.0,authority
relevance,4,mixtral:8x22b,liberal,2.0,authority
relevance,4,mixtral:8x22b,liberal,2.0,authority
relevance,4,mixtral:8x22b,liberal,2.0,authority
relevance,4,mixtral:8x22b,liberal,2.0,authority
relevance,4,mixtral:8x22b,liberal,2.0,authority
relevance,4,mixtral:8x22b,liberal,2.0,authority
relevance,4,mixtral:8x22b,liberal,2.0,authority
relevance,4,mixtral:8x22b,liberal,2.0,authority
relevance,4,mixtral:8x22b,liberal,2.0,authority
relevance,4,mixtral:8x22b,liberal,2.0,authority
relevance,4,mixtral:8x22b,liberal,2.0,authority
relevance,4,mixtral:8x22b,liberal,2.0,authority
relevance,4,mixtral:8x22b,liberal,2.0,authority
relevance,4,mixtral:8x22b,liberal,2.0,authority
relevance,4,mixtral:8x22b,liberal,2.0,authority
relevance,4,mixtral:8x22b,liberal,2.0,authority
relevance,4,mixtral:8x22b,liberal,2.0,authority
relevance,4,mixtral:8x22b,liberal,2.0,authority
relevance,4,mixtral:8x7b,conservative,4.0,authority
relevance,4,mixtral:8x7b,conservative,4.0,authority
relevance,4,mixtral:8x7b,conservative,4.0,authority
relevance,4,mixtral:8x7b,conservative,4.0,authority
relevance,4,mixtral:8x7b,conservative,4.0,authority
relevance,4,mixtral:8x7b,conservative,4.0,authority
relevance,4,mixtral:8x7b,conservative,4.0,authority
relevance,4,mixtral:8x7b,conservative,4.0,authority
relevance,4,mixtral:8x7b,conservative,4.0,authority
relevance,4,mixtral:8x7b,conservative,4.0,authority
relevance,4,mixtral:8x7b,conservative,4.0,authority
relevance,4,mixtral:8x7b,conservative,4.0,authority
relevance,4,mixtral:8x7b,conservative,4.0,authority
relevance,4,mixtral:8x7b,conservative,4.0,authority
relevance,4,mixtral:8x7b,conservative,4.0,authority
relevance,4,mixtral:8x7b,conservative,4.0,authority
relevance,4,mixtral:8x7b,conservative,4.0,authority
relevance,4,mixtral:8x7b,conservative,4.0,authority
relevance,4,mixtral:8x7b,conservative,4.0,authority
relevance,4,mixtral:8x7b,conservative,4.0,authority
relevance,4,mixtral:8x7b,conservative,4.0,authority
relevance,4,mixtral:8x7b,conservative,4.0,authority
relevance,4,mixtral:8x7b,conservative,4.0,authority
relevance,4,mixtral:8x7b,conservative,4.0,authority
relevance,4,mixtral:8x7b,conservative,4.0,authority
relevance,4,mixtral:8x7b,conservative,4.0,authority
relevance,4,mixtral:8x7b,conservative,4.0,authority
relevance,4,mixtral:8x7b,conservative,4.0,authority
relevance,4,mixtral:8x7b,conservative,4.0,authority
relevance,4,mixtral:8x7b,conservative,4.0,authority
relevance,4,mixtral:8x7b,conservative,4.0,authority
relevance,4,mixtral:8x7b,conservative,4.0,authority
relevance,4,mixtral:8x7b,conservative,4.0,authority
relevance,4,mixtral:8x7b,conservative,4.0,authority
relevance,4,mixtral:8x7b,conservative,4.0,authority
relevance,4,mixtral:8x7b,conservative,4.0,authority
relevance,4,mixtral:8x7b,conservative,4.0,authority
relevance,4,mixtral:8x7b,conservative,4.0,authority
relevance,4,mixtral:8x7b,conservative,4.0,authority
relevance,4,mixtral:8x7b,conservative,4.0,authority
relevance,4,mixtral:8x7b,conservative,4.0,authority
relevance,4,mixtral:8x7b,conservative,4.0,authority
relevance,4,mixtral:8x7b,conservative,4.0,authority
relevance,4,mixtral:8x7b,conservative,4.0,authority
relevance,4,mixtral:8x7b,conservative,4.0,authority
relevance,4,mixtral:8x7b,conservative,4.0,authority
relevance,4,mixtral:8x7b,conservative,4.0,authority
relevance,4,mixtral:8x7b,conservative,4.0,authority
relevance,4,mixtral:8x7b,conservative,4.0,authority
relevance,4,mixtral:8x7b,conservative,4.0,authority
relevance,4,mixtral:8x7b,moderate,3.0,authority
relevance,4,mixtral:8x7b,moderate,3.0,authority
relevance,4,mixtral:8x7b,moderate,3.0,authority
relevance,4,mixtral:8x7b,moderate,3.0,authority
relevance,4,mixtral:8x7b,moderate,3.0,authority
relevance,4,mixtral:8x7b,moderate,3.0,authority
relevance,4,mixtral:8x7b,moderate,3.0,authority
relevance,4,mixtral:8x7b,moderate,3.0,authority
relevance,4,mixtral:8x7b,moderate,3.0,authority
relevance,4,mixtral:8x7b,moderate,3.0,authority
relevance,4,mixtral:8x7b,moderate,3.0,authority
relevance,4,mixtral:8x7b,moderate,3.0,authority
relevance,4,mixtral:8x7b,moderate,3.0,authority
relevance,4,mixtral:8x7b,moderate,3.0,authority
relevance,4,mixtral:8x7b,moderate,3.0,authority
relevance,4,mixtral:8x7b,moderate,3.0,authority
relevance,4,mixtral:8x7b,moderate,3.0,authority
relevance,4,mixtral:8x7b,moderate,3.0,authority
relevance,4,mixtral:8x7b,moderate,3.0,authority
relevance,4,mixtral:8x7b,moderate,3.0,authority
relevance,4,mixtral:8x7b,moderate,3.0,authority
relevance,4,mixtral:8x7b,moderate,3.0,authority
relevance,4,mixtral:8x7b,moderate,3.0,authority
relevance,4,mixtral:8x7b,moderate,3.0,authority
relevance,4,mixtral:8x7b,moderate,3.0,authority
relevance,4,mixtral:8x7b,moderate,3.0,authority
relevance,4,mixtral:8x7b,moderate,3.0,authority
relevance,4,mixtral:8x7b,moderate,3.0,authority
relevance,4,mixtral:8x7b,moderate,3.0,authority
relevance,4,mixtral:8x7b,moderate,3.0,authority
relevance,4,mixtral:8x7b,moderate,3.0,authority
relevance,4,mixtral:8x7b,moderate,3.0,authority
relevance,4,mixtral:8x7b,moderate,3.0,authority
relevance,4,mixtral:8x7b,moderate,3.0,authority
relevance,4,mixtral:8x7b,moderate,3.0,authority
relevance,4,mixtral:8x7b,moderate,3.0,authority
relevance,4,mixtral:8x7b,moderate,3.0,authority
relevance,4,mixtral:8x7b,moderate,3.0,authority
relevance,4,mixtral:8x7b,moderate,3.0,authority
relevance,4,mixtral:8x7b,moderate,3.0,authority
relevance,4,mixtral:8x7b,moderate,3.0,authority
relevance,4,mixtral:8x7b,moderate,3.0,authority
relevance,4,mixtral:8x7b,moderate,3.0,authority
relevance,4,mixtral:8x7b,moderate,3.0,authority
relevance,4,mixtral:8x7b,moderate,3.0,authority
relevance,4,mixtral:8x7b,moderate,3.0,authority
relevance,4,mixtral:8x7b,moderate,3.0,authority
relevance,4,mixtral:8x7b,moderate,3.0,authority
relevance,4,mixtral:8x7b,moderate,3.0,authority
relevance,4,mixtral:8x7b,moderate,3.0,authority
relevance,4,mixtral:8x7b,liberal,2.0,authority
relevance,4,mixtral:8x7b,liberal,2.0,authority
relevance,4,mixtral:8x7b,liberal,2.0,authority
relevance,4,mixtral:8x7b,liberal,2.0,authority
relevance,4,mixtral:8x7b,liberal,2.0,authority
relevance,4,mixtral:8x7b,liberal,2.0,authority
relevance,4,mixtral:8x7b,liberal,2.0,authority
relevance,4,mixtral:8x7b,liberal,2.0,authority
relevance,4,mixtral:8x7b,liberal,2.0,authority
relevance,4,mixtral:8x7b,liberal,2.0,authority
relevance,4,mixtral:8x7b,liberal,2.0,authority
relevance,4,mixtral:8x7b,liberal,2.0,authority
relevance,4,mixtral:8x7b,liberal,2.0,authority
relevance,4,mixtral:8x7b,liberal,2.0,authority
relevance,4,mixtral:8x7b,liberal,2.0,authority
relevance,4,mixtral:8x7b,liberal,2.0,authority
relevance,4,mixtral:8x7b,liberal,2.0,authority
relevance,4,mixtral:8x7b,liberal,2.0,authority
relevance,4,mixtral:8x7b,liberal,2.0,authority
relevance,4,mixtral:8x7b,liberal,2.0,authority
relevance,4,mixtral:8x7b,liberal,2.0,authority
relevance,4,mixtral:8x7b,liberal,2.0,authority
relevance,4,mixtral:8x7b,liberal,2.0,authority
relevance,4,mixtral:8x7b,liberal,2.0,authority
relevance,4,mixtral:8x7b,liberal,2.0,authority
relevance,4,mixtral:8x7b,liberal,2.0,authority
relevance,4,mixtral:8x7b,liberal,2.0,authority
relevance,4,mixtral:8x7b,liberal,2.0,authority
relevance,4,mixtral:8x7b,liberal,2.0,authority
relevance,4,mixtral:8x7b,liberal,2.0,authority
relevance,4,mixtral:8x7b,liberal,2.0,authority
relevance,4,mixtral:8x7b,liberal,2.0,authority
relevance,4,mixtral:8x7b,liberal,2.0,authority
relevance,4,mixtral:8x7b,liberal,2.0,authority
relevance,4,mixtral:8x7b,liberal,2.0,authority
relevance,4,mixtral:8x7b,liberal,2.0,authority
relevance,4,mixtral:8x7b,liberal,2.0,authority
relevance,4,mixtral:8x7b,liberal,2.0,authority
relevance,4,mixtral:8x7b,liberal,2.0,authority
relevance,4,mixtral:8x7b,liberal,2.0,authority
relevance,4,mixtral:8x7b,liberal,2.0,authority
relevance,4,mixtral:8x7b,liberal,2.0,authority
relevance,4,mixtral:8x7b,liberal,2.0,authority
relevance,4,mixtral:8x7b,liberal,2.0,authority
relevance,4,mixtral:8x7b,liberal,2.0,authority
relevance,4,mixtral:8x7b,liberal,2.0,authority
relevance,4,mixtral:8x7b,liberal,2.0,authority
relevance,4,mixtral:8x7b,liberal,2.0,authority
relevance,4,mixtral:8x7b,liberal,2.0,authority
relevance,4,mixtral:8x7b,liberal,2.0,authority
relevance,4,phi3:14b,conservative,4.0,authority
relevance,4,phi3:14b,conservative,4.0,authority
relevance,4,phi3:14b,conservative,4.0,authority
relevance,4,phi3:14b,conservative,4.0,authority
relevance,4,phi3:14b,conservative,4.0,authority
relevance,4,phi3:14b,conservative,4.0,authority
relevance,4,phi3:14b,conservative,4.0,authority
relevance,4,phi3:14b,conservative,4.0,authority
relevance,4,phi3:14b,conservative,4.0,authority
relevance,4,phi3:14b,conservative,5.0,authority
relevance,4,phi3:14b,conservative,4.0,authority
relevance,4,phi3:14b,conservative,4.0,authority
relevance,4,phi3:14b,conservative,4.0,authority
relevance,4,phi3:14b,conservative,4.0,authority
relevance,4,phi3:14b,conservative,4.0,authority
relevance,4,phi3:14b,conservative,4.0,authority
relevance,4,phi3:14b,conservative,4.0,authority
relevance,4,phi3:14b,conservative,4.0,authority
relevance,4,phi3:14b,conservative,4.0,authority
relevance,4,phi3:14b,conservative,4.0,authority
relevance,4,phi3:14b,conservative,4.0,authority
relevance,4,phi3:14b,conservative,4.0,authority
relevance,4,phi3:14b,conservative,5.0,authority
relevance,4,phi3:14b,conservative,4.0,authority
relevance,4,phi3:14b,conservative,4.0,authority
relevance,4,phi3:14b,conservative,4.0,authority
relevance,4,phi3:14b,conservative,4.0,authority
relevance,4,phi3:14b,conservative,4.0,authority
relevance,4,phi3:14b,conservative,4.0,authority
relevance,4,phi3:14b,conservative,4.0,authority
relevance,4,phi3:14b,conservative,4.0,authority
relevance,4,phi3:14b,conservative,5.0,authority
relevance,4,phi3:14b,conservative,4.0,authority
relevance,4,phi3:14b,conservative,4.0,authority
relevance,4,phi3:14b,conservative,5.0,authority
relevance,4,phi3:14b,conservative,4.0,authority
relevance,4,phi3:14b,conservative,4.0,authority
relevance,4,phi3:14b,conservative,4.0,authority
relevance,4,phi3:14b,conservative,4.0,authority
relevance,4,phi3:14b,conservative,4.0,authority
relevance,4,phi3:14b,conservative,4.0,authority
relevance,4,phi3:14b,conservative,4.0,authority
relevance,4,phi3:14b,conservative,4.0,authority
relevance,4,phi3:14b,conservative,4.0,authority
relevance,4,phi3:14b,conservative,4.0,authority
relevance,4,phi3:14b,conservative,4.0,authority
relevance,4,phi3:14b,conservative,4.0,authority
relevance,4,phi3:14b,conservative,4.0,authority
relevance,4,phi3:14b,conservative,4.0,authority
relevance,4,phi3:14b,conservative,4.0,authority
relevance,4,phi3:14b,moderate,3.0,authority
relevance,4,phi3:14b,moderate,4.0,authority
relevance,4,phi3:14b,moderate,3.0,authority
relevance,4,phi3:14b,moderate,4.0,authority
relevance,4,phi3:14b,moderate,4.0,authority
relevance,4,phi3:14b,moderate,4.0,authority
relevance,4,phi3:14b,moderate,4.0,authority
relevance,4,phi3:14b,moderate,4.0,authority
relevance,4,phi3:14b,moderate,4.0,authority
relevance,4,phi3:14b,moderate,4.0,authority
relevance,4,phi3:14b,moderate,5.0,authority
relevance,4,phi3:14b,moderate,4.0,authority
relevance,4,phi3:14b,moderate,4.0,authority
relevance,4,phi3:14b,moderate,3.0,authority
relevance,4,phi3:14b,moderate,4.0,authority
relevance,4,phi3:14b,moderate,4.0,authority
relevance,4,phi3:14b,moderate,4.0,authority
relevance,4,phi3:14b,moderate,4.0,authority
relevance,4,phi3:14b,moderate,4.0,authority
relevance,4,phi3:14b,moderate,4.0,authority
relevance,4,phi3:14b,moderate,3.0,authority
relevance,4,phi3:14b,moderate,4.0,authority
relevance,4,phi3:14b,moderate,4.0,authority
relevance,4,phi3:14b,moderate,4.0,authority
relevance,4,phi3:14b,moderate,4.0,authority
relevance,4,phi3:14b,moderate,3.0,authority
relevance,4,phi3:14b,moderate,4.0,authority
relevance,4,phi3:14b,moderate,4.0,authority
relevance,4,phi3:14b,moderate,4.0,authority
relevance,4,phi3:14b,moderate,3.0,authority
relevance,4,phi3:14b,moderate,4.0,authority
relevance,4,phi3:14b,moderate,4.0,authority
relevance,4,phi3:14b,moderate,3.0,authority
relevance,4,phi3:14b,moderate,4.0,authority
relevance,4,phi3:14b,moderate,4.0,authority
relevance,4,phi3:14b,moderate,4.0,authority
relevance,4,phi3:14b,moderate,4.0,authority
relevance,4,phi3:14b,moderate,4.0,authority
relevance,4,phi3:14b,moderate,3.0,authority
relevance,4,phi3:14b,moderate,4.0,authority
relevance,4,phi3:14b,moderate,3.0,authority
relevance,4,phi3:14b,moderate,3.0,authority
relevance,4,phi3:14b,moderate,4.0,authority
relevance,4,phi3:14b,moderate,3.0,authority
relevance,4,phi3:14b,moderate,4.0,authority
relevance,4,phi3:14b,moderate,4.0,authority
relevance,4,phi3:14b,moderate,4.0,authority
relevance,4,phi3:14b,moderate,4.0,authority
relevance,4,phi3:14b,moderate,4.0,authority
relevance,4,phi3:14b,moderate,4.0,authority
relevance,4,phi3:14b,liberal,4.0,authority
relevance,4,phi3:14b,liberal,4.0,authority
relevance,4,phi3:14b,liberal,4.0,authority
relevance,4,phi3:14b,liberal,2.0,authority
relevance,4,phi3:14b,liberal,4.0,authority
relevance,4,phi3:14b,liberal,2.0,authority
relevance,4,phi3:14b,liberal,4.0,authority
relevance,4,phi3:14b,liberal,4.0,authority
relevance,4,phi3:14b,liberal,4.0,authority
relevance,4,phi3:14b,liberal,5.0,authority
relevance,4,phi3:14b,liberal,3.0,authority
relevance,4,phi3:14b,liberal,4.0,authority
relevance,4,phi3:14b,liberal,4.0,authority
relevance,4,phi3:14b,liberal,3.0,authority
relevance,4,phi3:14b,liberal,4.0,authority
relevance,4,phi3:14b,liberal,4.0,authority
relevance,4,phi3:14b,liberal,4.0,authority
relevance,4,phi3:14b,liberal,4.0,authority
relevance,4,phi3:14b,liberal,4.0,authority
relevance,4,phi3:14b,liberal,2.0,authority
relevance,4,phi3:14b,liberal,3.0,authority
relevance,4,phi3:14b,liberal,3.0,authority
relevance,4,phi3:14b,liberal,4.0,authority
relevance,4,phi3:14b,liberal,2.0,authority
relevance,4,phi3:14b,liberal,3.0,authority
relevance,4,phi3:14b,liberal,4.0,authority
relevance,4,phi3:14b,liberal,4.0,authority
relevance,4,phi3:14b,liberal,3.0,authority
relevance,4,phi3:14b,liberal,4.0,authority
relevance,4,phi3:14b,liberal,4.0,authority
relevance,4,phi3:14b,liberal,3.0,authority
relevance,4,phi3:14b,liberal,4.0,authority
relevance,4,phi3:14b,liberal,3.0,authority
relevance,4,phi3:14b,liberal,3.0,authority
relevance,4,phi3:14b,liberal,4.0,authority
relevance,4,phi3:14b,liberal,4.0,authority
relevance,4,phi3:14b,liberal,4.0,authority
relevance,4,phi3:14b,liberal,4.0,authority
relevance,4,phi3:14b,liberal,4.0,authority
relevance,4,phi3:14b,liberal,3.0,authority
relevance,4,phi3:14b,liberal,3.0,authority
relevance,4,phi3:14b,liberal,4.0,authority
relevance,4,phi3:14b,liberal,4.0,authority
relevance,4,phi3:14b,liberal,3.0,authority
relevance,4,phi3:14b,liberal,4.0,authority
relevance,4,phi3:14b,liberal,4.0,authority
relevance,4,phi3:14b,liberal,4.0,authority
relevance,4,phi3:14b,liberal,4.0,authority
relevance,4,phi3:14b,liberal,4.0,authority
relevance,4,phi3:14b,liberal,4.0,authority
relevance,4,gemma:7b,conservative,3.0,authority
relevance,4,gemma:7b,conservative,3.0,authority
relevance,4,gemma:7b,conservative,3.0,authority
relevance,4,gemma:7b,conservative,3.0,authority
relevance,4,gemma:7b,conservative,3.0,authority
relevance,4,gemma:7b,conservative,3.0,authority
relevance,4,gemma:7b,conservative,3.0,authority
relevance,4,gemma:7b,conservative,3.0,authority
relevance,4,gemma:7b,conservative,3.0,authority
relevance,4,gemma:7b,conservative,3.0,authority
relevance,4,gemma:7b,conservative,3.0,authority
relevance,4,gemma:7b,conservative,3.0,authority
relevance,4,gemma:7b,conservative,3.0,authority
relevance,4,gemma:7b,conservative,3.0,authority
relevance,4,gemma:7b,conservative,3.0,authority
relevance,4,gemma:7b,conservative,3.0,authority
relevance,4,gemma:7b,conservative,3.0,authority
relevance,4,gemma:7b,conservative,2.0,authority
relevance,4,gemma:7b,conservative,3.0,authority
relevance,4,gemma:7b,conservative,3.0,authority
relevance,4,gemma:7b,conservative,3.0,authority
relevance,4,gemma:7b,conservative,3.0,authority
relevance,4,gemma:7b,conservative,3.0,authority
relevance,4,gemma:7b,conservative,3.0,authority
relevance,4,gemma:7b,conservative,3.0,authority
relevance,4,gemma:7b,conservative,3.0,authority
relevance,4,gemma:7b,conservative,3.0,authority
relevance,4,gemma:7b,conservative,3.0,authority
relevance,4,gemma:7b,conservative,3.0,authority
relevance,4,gemma:7b,conservative,3.0,authority
relevance,4,gemma:7b,conservative,3.0,authority
relevance,4,gemma:7b,conservative,3.0,authority
relevance,4,gemma:7b,conservative,3.0,authority
relevance,4,gemma:7b,conservative,3.0,authority
relevance,4,gemma:7b,conservative,3.0,authority
relevance,4,gemma:7b,conservative,3.0,authority
relevance,4,gemma:7b,conservative,3.0,authority
relevance,4,gemma:7b,conservative,3.0,authority
relevance,4,gemma:7b,conservative,3.0,authority
relevance,4,gemma:7b,conservative,3.0,authority
relevance,4,gemma:7b,conservative,3.0,authority
relevance,4,gemma:7b,conservative,3.0,authority
relevance,4,gemma:7b,conservative,3.0,authority
relevance,4,gemma:7b,conservative,3.0,authority
relevance,4,gemma:7b,conservative,3.0,authority
relevance,4,gemma:7b,conservative,3.0,authority
relevance,4,gemma:7b,conservative,3.0,authority
relevance,4,gemma:7b,conservative,3.0,authority
relevance,4,gemma:7b,moderate,3.0,authority
relevance,4,gemma:7b,moderate,3.0,authority
relevance,4,gemma:7b,moderate,3.0,authority
relevance,4,gemma:7b,moderate,3.0,authority
relevance,4,gemma:7b,moderate,3.0,authority
relevance,4,gemma:7b,moderate,3.0,authority
relevance,4,gemma:7b,moderate,3.0,authority
relevance,4,gemma:7b,moderate,3.0,authority
relevance,4,gemma:7b,moderate,3.0,authority
relevance,4,gemma:7b,moderate,3.0,authority
relevance,4,gemma:7b,moderate,3.0,authority
relevance,4,gemma:7b,moderate,3.0,authority
relevance,4,gemma:7b,moderate,3.0,authority
relevance,4,gemma:7b,moderate,3.0,authority
relevance,4,gemma:7b,moderate,3.0,authority
relevance,4,gemma:7b,moderate,3.0,authority
relevance,4,gemma:7b,moderate,3.0,authority
relevance,4,gemma:7b,moderate,3.0,authority
relevance,4,gemma:7b,moderate,3.0,authority
relevance,4,gemma:7b,moderate,3.0,authority
relevance,4,gemma:7b,moderate,3.0,authority
relevance,4,gemma:7b,moderate,3.0,authority
relevance,4,gemma:7b,moderate,3.0,authority
relevance,4,gemma:7b,moderate,3.0,authority
relevance,4,gemma:7b,moderate,3.0,authority
relevance,4,gemma:7b,moderate,3.0,authority
relevance,4,gemma:7b,moderate,3.0,authority
relevance,4,gemma:7b,moderate,3.0,authority
relevance,4,gemma:7b,moderate,3.0,authority
relevance,4,gemma:7b,moderate,3.0,authority
relevance,4,gemma:7b,moderate,3.0,authority
relevance,4,gemma:7b,moderate,3.0,authority
relevance,4,gemma:7b,moderate,3.0,authority
relevance,4,gemma:7b,moderate,3.0,authority
relevance,4,gemma:7b,moderate,3.0,authority
relevance,4,gemma:7b,moderate,3.0,authority
relevance,4,gemma:7b,moderate,3.0,authority
relevance,4,gemma:7b,moderate,3.0,authority
relevance,4,gemma:7b,moderate,3.0,authority
relevance,4,gemma:7b,moderate,3.0,authority
relevance,4,gemma:7b,moderate,3.0,authority
relevance,4,gemma:7b,moderate,3.0,authority
relevance,4,gemma:7b,moderate,3.0,authority
relevance,4,gemma:7b,moderate,3.0,authority
relevance,4,gemma:7b,moderate,3.0,authority
relevance,4,gemma:7b,liberal,3.0,authority
relevance,4,gemma:7b,liberal,3.0,authority
relevance,4,gemma:7b,liberal,3.0,authority
relevance,4,gemma:7b,liberal,3.0,authority
relevance,4,gemma:7b,liberal,3.0,authority
relevance,4,gemma:7b,liberal,3.0,authority
relevance,4,gemma:7b,liberal,3.0,authority
relevance,4,gemma:7b,liberal,3.0,authority
relevance,4,gemma:7b,liberal,3.0,authority
relevance,4,gemma:7b,liberal,3.0,authority
relevance,4,gemma:7b,liberal,3.0,authority
relevance,4,gemma:7b,liberal,3.0,authority
relevance,4,gemma:7b,liberal,3.0,authority
relevance,4,gemma:7b,liberal,3.0,authority
relevance,4,gemma:7b,liberal,3.0,authority
relevance,4,gemma:7b,liberal,3.0,authority
relevance,4,gemma:7b,liberal,3.0,authority
relevance,4,gemma:7b,liberal,3.0,authority
relevance,4,gemma:7b,liberal,3.0,authority
relevance,4,gemma:7b,liberal,3.0,authority
relevance,4,gemma:7b,liberal,3.0,authority
relevance,4,gemma:7b,liberal,3.0,authority
relevance,4,gemma:7b,liberal,3.0,authority
relevance,4,gemma:7b,liberal,3.0,authority
relevance,4,gemma:7b,liberal,3.0,authority
relevance,4,gemma:7b,liberal,3.0,authority
relevance,4,gemma:7b,liberal,3.0,authority
relevance,4,gemma:7b,liberal,3.0,authority
relevance,4,gemma:7b,liberal,3.0,authority
relevance,4,gemma:7b,liberal,3.0,authority
relevance,4,gemma:7b,liberal,3.0,authority
relevance,4,gemma:7b,liberal,3.0,authority
relevance,4,gemma:7b,liberal,3.0,authority
relevance,4,gemma:7b,liberal,3.0,authority
relevance,4,gemma:7b,liberal,3.0,authority
relevance,4,gemma:7b,liberal,3.0,authority
relevance,4,gemma:7b,liberal,3.0,authority
relevance,4,gemma:7b,liberal,3.0,authority
relevance,4,gemma:7b,liberal,3.0,authority
relevance,4,gemma:7b,liberal,3.0,authority
relevance,4,gemma:7b,liberal,3.0,authority
relevance,4,gemma:7b,liberal,3.0,authority
relevance,4,gemma:7b,liberal,3.0,authority
relevance,4,gemma:7b,liberal,3.0,authority
relevance,4,gemma:7b,liberal,3.0,authority
relevance,4,gemma:7b,liberal,3.0,authority
relevance,4,gemma:7b,liberal,3.0,authority
relevance,4,gemma:7b,liberal,3.0,authority
relevance,4,gemma2:27b,conservative,4.0,authority
relevance,4,gemma2:27b,conservative,4.0,authority
relevance,4,gemma2:27b,conservative,4.0,authority
relevance,4,gemma2:27b,conservative,4.0,authority
relevance,4,gemma2:27b,conservative,4.0,authority
relevance,4,gemma2:27b,conservative,4.0,authority
relevance,4,gemma2:27b,conservative,4.0,authority
relevance,4,gemma2:27b,conservative,4.0,authority
relevance,4,gemma2:27b,conservative,4.0,authority
relevance,4,gemma2:27b,conservative,4.0,authority
relevance,4,gemma2:27b,conservative,4.0,authority
relevance,4,gemma2:27b,conservative,4.0,authority
relevance,4,gemma2:27b,conservative,4.0,authority
relevance,4,gemma2:27b,conservative,4.0,authority
relevance,4,gemma2:27b,conservative,4.0,authority
relevance,4,gemma2:27b,conservative,4.0,authority
relevance,4,gemma2:27b,conservative,4.0,authority
relevance,4,gemma2:27b,conservative,4.0,authority
relevance,4,gemma2:27b,conservative,4.0,authority
relevance,4,gemma2:27b,conservative,4.0,authority
relevance,4,gemma2:27b,conservative,4.0,authority
relevance,4,gemma2:27b,conservative,4.0,authority
relevance,4,gemma2:27b,conservative,4.0,authority
relevance,4,gemma2:27b,conservative,4.0,authority
relevance,4,gemma2:27b,conservative,4.0,authority
relevance,4,gemma2:27b,conservative,4.0,authority
relevance,4,gemma2:27b,conservative,4.0,authority
relevance,4,gemma2:27b,conservative,4.0,authority
relevance,4,gemma2:27b,conservative,4.0,authority
relevance,4,gemma2:27b,conservative,4.0,authority
relevance,4,gemma2:27b,conservative,4.0,authority
relevance,4,gemma2:27b,conservative,4.0,authority
relevance,4,gemma2:27b,conservative,4.0,authority
relevance,4,gemma2:27b,conservative,4.0,authority
relevance,4,gemma2:27b,conservative,4.0,authority
relevance,4,gemma2:27b,conservative,4.0,authority
relevance,4,gemma2:27b,conservative,4.0,authority
relevance,4,gemma2:27b,conservative,4.0,authority
relevance,4,gemma2:27b,conservative,4.0,authority
relevance,4,gemma2:27b,conservative,4.0,authority
relevance,4,gemma2:27b,conservative,4.0,authority
relevance,4,gemma2:27b,conservative,4.0,authority
relevance,4,gemma2:27b,conservative,4.0,authority
relevance,4,gemma2:27b,conservative,4.0,authority
relevance,4,gemma2:27b,conservative,4.0,authority
relevance,4,gemma2:27b,conservative,4.0,authority
relevance,4,gemma2:27b,conservative,4.0,authority
relevance,4,gemma2:27b,conservative,4.0,authority
relevance,4,gemma2:27b,conservative,4.0,authority
relevance,4,gemma2:27b,conservative,4.0,authority
relevance,4,gemma2:27b,moderate,3.0,authority
relevance,4,gemma2:27b,moderate,3.0,authority
relevance,4,gemma2:27b,moderate,3.0,authority
relevance,4,gemma2:27b,moderate,3.0,authority
relevance,4,gemma2:27b,moderate,3.0,authority
relevance,4,gemma2:27b,moderate,3.0,authority
relevance,4,gemma2:27b,moderate,3.0,authority
relevance,4,gemma2:27b,moderate,3.0,authority
relevance,4,gemma2:27b,moderate,3.0,authority
relevance,4,gemma2:27b,moderate,3.0,authority
relevance,4,gemma2:27b,moderate,3.0,authority
relevance,4,gemma2:27b,moderate,3.0,authority
relevance,4,gemma2:27b,moderate,3.0,authority
relevance,4,gemma2:27b,moderate,3.0,authority
relevance,4,gemma2:27b,moderate,3.0,authority
relevance,4,gemma2:27b,moderate,3.0,authority
relevance,4,gemma2:27b,moderate,3.0,authority
relevance,4,gemma2:27b,moderate,3.0,authority
relevance,4,gemma2:27b,moderate,3.0,authority
relevance,4,gemma2:27b,moderate,3.0,authority
relevance,4,gemma2:27b,moderate,3.0,authority
relevance,4,gemma2:27b,moderate,3.0,authority
relevance,4,gemma2:27b,moderate,3.0,authority
relevance,4,gemma2:27b,moderate,3.0,authority
relevance,4,gemma2:27b,moderate,3.0,authority
relevance,4,gemma2:27b,moderate,3.0,authority
relevance,4,gemma2:27b,moderate,3.0,authority
relevance,4,gemma2:27b,moderate,3.0,authority
relevance,4,gemma2:27b,moderate,3.0,authority
relevance,4,gemma2:27b,moderate,3.0,authority
relevance,4,gemma2:27b,moderate,3.0,authority
relevance,4,gemma2:27b,moderate,3.0,authority
relevance,4,gemma2:27b,moderate,3.0,authority
relevance,4,gemma2:27b,moderate,3.0,authority
relevance,4,gemma2:27b,moderate,3.0,authority
relevance,4,gemma2:27b,moderate,3.0,authority
relevance,4,gemma2:27b,moderate,3.0,authority
relevance,4,gemma2:27b,moderate,3.0,authority
relevance,4,gemma2:27b,moderate,3.0,authority
relevance,4,gemma2:27b,moderate,3.0,authority
relevance,4,gemma2:27b,moderate,3.0,authority
relevance,4,gemma2:27b,moderate,3.0,authority
relevance,4,gemma2:27b,moderate,3.0,authority
relevance,4,gemma2:27b,moderate,3.0,authority
relevance,4,gemma2:27b,moderate,3.0,authority
relevance,4,gemma2:27b,moderate,3.0,authority
relevance,4,gemma2:27b,moderate,3.0,authority
relevance,4,gemma2:27b,moderate,3.0,authority
relevance,4,gemma2:27b,moderate,3.0,authority
relevance,4,gemma2:27b,moderate,3.0,authority
relevance,4,gemma2:27b,liberal,3.0,authority
relevance,4,gemma2:27b,liberal,3.0,authority
relevance,4,gemma2:27b,liberal,3.0,authority
relevance,4,gemma2:27b,liberal,3.0,authority
relevance,4,gemma2:27b,liberal,2.0,authority
relevance,4,gemma2:27b,liberal,3.0,authority
relevance,4,gemma2:27b,liberal,3.0,authority
relevance,4,gemma2:27b,liberal,3.0,authority
relevance,4,gemma2:27b,liberal,3.0,authority
relevance,4,gemma2:27b,liberal,3.0,authority
relevance,4,gemma2:27b,liberal,3.0,authority
relevance,4,gemma2:27b,liberal,2.0,authority
relevance,4,gemma2:27b,liberal,3.0,authority
relevance,4,gemma2:27b,liberal,3.0,authority
relevance,4,gemma2:27b,liberal,3.0,authority
relevance,4,gemma2:27b,liberal,3.0,authority
relevance,4,gemma2:27b,liberal,3.0,authority
relevance,4,gemma2:27b,liberal,3.0,authority
relevance,4,gemma2:27b,liberal,2.0,authority
relevance,4,gemma2:27b,liberal,3.0,authority
relevance,4,gemma2:27b,liberal,2.0,authority
relevance,4,gemma2:27b,liberal,2.0,authority
relevance,4,gemma2:27b,liberal,3.0,authority
relevance,4,gemma2:27b,liberal,3.0,authority
relevance,4,gemma2:27b,liberal,3.0,authority
relevance,4,gemma2:27b,liberal,2.0,authority
relevance,4,gemma2:27b,liberal,2.0,authority
relevance,4,gemma2:27b,liberal,3.0,authority
relevance,4,gemma2:27b,liberal,3.0,authority
relevance,4,gemma2:27b,liberal,3.0,authority
relevance,4,gemma2:27b,liberal,2.0,authority
relevance,4,gemma2:27b,liberal,3.0,authority
relevance,4,gemma2:27b,liberal,3.0,authority
relevance,4,gemma2:27b,liberal,3.0,authority
relevance,4,gemma2:27b,liberal,3.0,authority
relevance,4,gemma2:27b,liberal,2.0,authority
relevance,4,gemma2:27b,liberal,3.0,authority
relevance,4,gemma2:27b,liberal,3.0,authority
relevance,4,gemma2:27b,liberal,3.0,authority
relevance,4,gemma2:27b,liberal,3.0,authority
relevance,4,gemma2:27b,liberal,3.0,authority
relevance,4,gemma2:27b,liberal,3.0,authority
relevance,4,gemma2:27b,liberal,3.0,authority
relevance,4,gemma2:27b,liberal,3.0,authority
relevance,4,gemma2:27b,liberal,3.0,authority
relevance,4,gemma2:27b,liberal,2.0,authority
relevance,4,gemma2:27b,liberal,2.0,authority
relevance,4,gemma2:27b,liberal,3.0,authority
relevance,4,gemma2:27b,liberal,2.0,authority
relevance,4,gemma2:27b,liberal,2.0,authority
relevance,4,qwen:72b,conservative,4.0,authority
relevance,4,qwen:72b,conservative,4.0,authority
relevance,4,qwen:72b,conservative,4.0,authority
relevance,4,qwen:72b,conservative,4.0,authority
relevance,4,qwen:72b,conservative,4.0,authority
relevance,4,qwen:72b,conservative,5.0,authority
relevance,4,qwen:72b,conservative,4.0,authority
relevance,4,qwen:72b,conservative,4.0,authority
relevance,4,qwen:72b,conservative,4.0,authority
relevance,4,qwen:72b,conservative,4.0,authority
relevance,4,qwen:72b,conservative,4.0,authority
relevance,4,qwen:72b,conservative,4.0,authority
relevance,4,qwen:72b,conservative,4.0,authority
relevance,4,qwen:72b,conservative,4.0,authority
relevance,4,qwen:72b,conservative,4.0,authority
relevance,4,qwen:72b,conservative,4.0,authority
relevance,4,qwen:72b,conservative,5.0,authority
relevance,4,qwen:72b,conservative,4.0,authority
relevance,4,qwen:72b,conservative,4.0,authority
relevance,4,qwen:72b,conservative,4.0,authority
relevance,4,qwen:72b,conservative,5.0,authority
relevance,4,qwen:72b,conservative,4.0,authority
relevance,4,qwen:72b,conservative,4.0,authority
relevance,4,qwen:72b,conservative,4.0,authority
relevance,4,qwen:72b,conservative,4.0,authority
relevance,4,qwen:72b,conservative,4.0,authority
relevance,4,qwen:72b,conservative,4.0,authority
relevance,4,qwen:72b,conservative,4.0,authority
relevance,4,qwen:72b,conservative,4.0,authority
relevance,4,qwen:72b,conservative,4.0,authority
relevance,4,qwen:72b,conservative,5.0,authority
relevance,4,qwen:72b,conservative,4.0,authority
relevance,4,qwen:72b,conservative,4.0,authority
relevance,4,qwen:72b,conservative,4.0,authority
relevance,4,qwen:72b,conservative,4.0,authority
relevance,4,qwen:72b,conservative,5.0,authority
relevance,4,qwen:72b,conservative,4.0,authority
relevance,4,qwen:72b,conservative,4.0,authority
relevance,4,qwen:72b,conservative,5.0,authority
relevance,4,qwen:72b,conservative,4.0,authority
relevance,4,qwen:72b,conservative,4.0,authority
relevance,4,qwen:72b,conservative,4.0,authority
relevance,4,qwen:72b,conservative,5.0,authority
relevance,4,qwen:72b,conservative,4.0,authority
relevance,4,qwen:72b,conservative,4.0,authority
relevance,4,qwen:72b,conservative,4.0,authority
relevance,4,qwen:72b,conservative,4.0,authority
relevance,4,qwen:72b,conservative,4.0,authority
relevance,4,qwen:72b,conservative,4.0,authority
relevance,4,qwen:72b,conservative,4.0,authority
relevance,4,qwen:72b,moderate,3.0,authority
relevance,4,qwen:72b,moderate,3.0,authority
relevance,4,qwen:72b,moderate,4.0,authority
relevance,4,qwen:72b,moderate,3.0,authority
relevance,4,qwen:72b,moderate,4.0,authority
relevance,4,qwen:72b,moderate,3.0,authority
relevance,4,qwen:72b,moderate,3.0,authority
relevance,4,qwen:72b,moderate,3.0,authority
relevance,4,qwen:72b,moderate,3.0,authority
relevance,4,qwen:72b,moderate,3.0,authority
relevance,4,qwen:72b,moderate,3.0,authority
relevance,4,qwen:72b,moderate,4.0,authority
relevance,4,qwen:72b,moderate,5.0,authority
relevance,4,qwen:72b,moderate,3.0,authority
relevance,4,qwen:72b,moderate,3.0,authority
relevance,4,qwen:72b,moderate,3.0,authority
relevance,4,qwen:72b,moderate,3.0,authority
relevance,4,qwen:72b,moderate,3.0,authority
relevance,4,qwen:72b,moderate,3.0,authority
relevance,4,qwen:72b,moderate,3.0,authority
relevance,4,qwen:72b,moderate,3.0,authority
relevance,4,qwen:72b,moderate,3.0,authority
relevance,4,qwen:72b,moderate,3.0,authority
relevance,4,qwen:72b,moderate,3.0,authority
relevance,4,qwen:72b,moderate,3.0,authority
relevance,4,qwen:72b,moderate,3.0,authority
relevance,4,qwen:72b,moderate,3.0,authority
relevance,4,qwen:72b,moderate,3.0,authority
relevance,4,qwen:72b,moderate,3.0,authority
relevance,4,qwen:72b,moderate,3.0,authority
relevance,4,qwen:72b,moderate,3.0,authority
relevance,4,qwen:72b,moderate,3.0,authority
relevance,4,qwen:72b,moderate,3.0,authority
relevance,4,qwen:72b,moderate,3.0,authority
relevance,4,qwen:72b,moderate,3.0,authority
relevance,4,qwen:72b,moderate,3.0,authority
relevance,4,qwen:72b,moderate,0.0,authority
relevance,4,qwen:72b,moderate,3.0,authority
relevance,4,qwen:72b,moderate,4.0,authority
relevance,4,qwen:72b,moderate,5.0,authority
relevance,4,qwen:72b,moderate,4.0,authority
relevance,4,qwen:72b,moderate,3.0,authority
relevance,4,qwen:72b,moderate,3.0,authority
relevance,4,qwen:72b,moderate,3.0,authority
relevance,4,qwen:72b,moderate,3.0,authority
relevance,4,qwen:72b,moderate,3.0,authority
relevance,4,qwen:72b,moderate,3.0,authority
relevance,4,qwen:72b,moderate,3.0,authority
relevance,4,qwen:72b,moderate,3.0,authority
relevance,4,qwen:72b,moderate,3.0,authority
relevance,4,qwen:72b,liberal,3.0,authority
relevance,4,qwen:72b,liberal,3.0,authority
relevance,4,qwen:72b,liberal,3.0,authority
relevance,4,qwen:72b,liberal,3.0,authority
relevance,4,qwen:72b,liberal,3.0,authority
relevance,4,qwen:72b,liberal,4.0,authority
relevance,4,qwen:72b,liberal,3.0,authority
relevance,4,qwen:72b,liberal,3.0,authority
relevance,4,qwen:72b,liberal,3.0,authority
relevance,4,qwen:72b,liberal,3.0,authority
relevance,4,qwen:72b,liberal,3.0,authority
relevance,4,qwen:72b,liberal,3.0,authority
relevance,4,qwen:72b,liberal,3.0,authority
relevance,4,qwen:72b,liberal,3.0,authority
relevance,4,qwen:72b,liberal,4.0,authority
relevance,4,qwen:72b,liberal,3.0,authority
relevance,4,qwen:72b,liberal,3.0,authority
relevance,4,qwen:72b,liberal,3.0,authority
relevance,4,qwen:72b,liberal,4.0,authority
relevance,4,qwen:72b,liberal,3.0,authority
relevance,4,qwen:72b,liberal,3.0,authority
relevance,4,qwen:72b,liberal,3.0,authority
relevance,4,qwen:72b,liberal,3.0,authority
relevance,4,qwen:72b,liberal,4.0,authority
relevance,4,qwen:72b,liberal,3.0,authority
relevance,4,qwen:72b,liberal,3.0,authority
relevance,4,qwen:72b,liberal,4.0,authority
relevance,4,qwen:72b,liberal,3.0,authority
relevance,4,qwen:72b,liberal,3.0,authority
relevance,4,qwen:72b,liberal,3.0,authority
relevance,4,qwen:72b,liberal,3.0,authority
relevance,4,qwen:72b,liberal,3.0,authority
relevance,4,qwen:72b,liberal,3.0,authority
relevance,4,qwen:72b,liberal,3.0,authority
relevance,4,qwen:72b,liberal,3.0,authority
relevance,4,qwen:72b,liberal,3.0,authority
relevance,4,qwen:72b,liberal,3.0,authority
relevance,4,qwen:72b,liberal,4.0,authority
relevance,4,qwen:72b,liberal,3.0,authority
relevance,4,qwen:72b,liberal,3.0,authority
relevance,4,qwen:72b,liberal,3.0,authority
relevance,4,qwen:72b,liberal,3.0,authority
relevance,4,qwen:72b,liberal,3.0,authority
relevance,4,qwen:72b,liberal,3.0,authority
relevance,4,qwen:72b,liberal,3.0,authority
relevance,4,qwen:72b,liberal,3.0,authority
relevance,4,qwen:72b,liberal,3.0,authority
relevance,4,qwen:72b,liberal,3.0,authority
relevance,4,qwen:72b,liberal,4.0,authority
relevance,4,qwen:72b,liberal,3.0,authority
relevance,4,qwen2:72b,conservative,4.0,authority
relevance,4,qwen2:72b,conservative,5.0,authority
relevance,4,qwen2:72b,conservative,5.0,authority
relevance,4,qwen2:72b,conservative,5.0,authority
relevance,4,qwen2:72b,conservative,5.0,authority
relevance,4,qwen2:72b,conservative,5.0,authority
relevance,4,qwen2:72b,conservative,5.0,authority
relevance,4,qwen2:72b,conservative,5.0,authority
relevance,4,qwen2:72b,conservative,5.0,authority
relevance,4,qwen2:72b,conservative,5.0,authority
relevance,4,qwen2:72b,conservative,4.0,authority
relevance,4,qwen2:72b,conservative,5.0,authority
relevance,4,qwen2:72b,conservative,5.0,authority
relevance,4,qwen2:72b,conservative,5.0,authority
relevance,4,qwen2:72b,conservative,5.0,authority
relevance,4,qwen2:72b,conservative,5.0,authority
relevance,4,qwen2:72b,conservative,5.0,authority
relevance,4,qwen2:72b,conservative,5.0,authority
relevance,4,qwen2:72b,conservative,5.0,authority
relevance,4,qwen2:72b,conservative,5.0,authority
relevance,4,qwen2:72b,conservative,5.0,authority
relevance,4,qwen2:72b,conservative,5.0,authority
relevance,4,qwen2:72b,conservative,5.0,authority
relevance,4,qwen2:72b,conservative,5.0,authority
relevance,4,qwen2:72b,conservative,5.0,authority
relevance,4,qwen2:72b,conservative,5.0,authority
relevance,4,qwen2:72b,conservative,5.0,authority
relevance,4,qwen2:72b,conservative,4.0,authority
relevance,4,qwen2:72b,conservative,5.0,authority
relevance,4,qwen2:72b,conservative,5.0,authority
relevance,4,qwen2:72b,conservative,4.0,authority
relevance,4,qwen2:72b,conservative,4.0,authority
relevance,4,qwen2:72b,conservative,5.0,authority
relevance,4,qwen2:72b,conservative,5.0,authority
relevance,4,qwen2:72b,conservative,5.0,authority
relevance,4,qwen2:72b,conservative,5.0,authority
relevance,4,qwen2:72b,conservative,5.0,authority
relevance,4,qwen2:72b,conservative,5.0,authority
relevance,4,qwen2:72b,conservative,5.0,authority
relevance,4,qwen2:72b,conservative,5.0,authority
relevance,4,qwen2:72b,conservative,5.0,authority
relevance,4,qwen2:72b,conservative,5.0,authority
relevance,4,qwen2:72b,conservative,5.0,authority
relevance,4,qwen2:72b,conservative,5.0,authority
relevance,4,qwen2:72b,conservative,4.0,authority
relevance,4,qwen2:72b,conservative,5.0,authority
relevance,4,qwen2:72b,conservative,5.0,authority
relevance,4,qwen2:72b,conservative,4.0,authority
relevance,4,qwen2:72b,conservative,5.0,authority
relevance,4,qwen2:72b,conservative,5.0,authority
relevance,4,qwen2:72b,moderate,4.0,authority
relevance,4,qwen2:72b,moderate,4.0,authority
relevance,4,qwen2:72b,moderate,4.0,authority
relevance,4,qwen2:72b,moderate,4.0,authority
relevance,4,qwen2:72b,moderate,4.0,authority
relevance,4,qwen2:72b,moderate,4.0,authority
relevance,4,qwen2:72b,moderate,4.0,authority
relevance,4,qwen2:72b,moderate,4.0,authority
relevance,4,qwen2:72b,moderate,4.0,authority
relevance,4,qwen2:72b,moderate,4.0,authority
relevance,4,qwen2:72b,moderate,4.0,authority
relevance,4,qwen2:72b,moderate,4.0,authority
relevance,4,qwen2:72b,moderate,4.0,authority
relevance,4,qwen2:72b,moderate,4.0,authority
relevance,4,qwen2:72b,moderate,4.0,authority
relevance,4,qwen2:72b,moderate,4.0,authority
relevance,4,qwen2:72b,moderate,4.0,authority
relevance,4,qwen2:72b,moderate,4.0,authority
relevance,4,qwen2:72b,moderate,4.0,authority
relevance,4,qwen2:72b,moderate,4.0,authority
relevance,4,qwen2:72b,moderate,4.0,authority
relevance,4,qwen2:72b,moderate,4.0,authority
relevance,4,qwen2:72b,moderate,4.0,authority
relevance,4,qwen2:72b,moderate,4.0,authority
relevance,4,qwen2:72b,moderate,4.0,authority
relevance,4,qwen2:72b,moderate,4.0,authority
relevance,4,qwen2:72b,moderate,4.0,authority
relevance,4,qwen2:72b,moderate,4.0,authority
relevance,4,qwen2:72b,moderate,4.0,authority
relevance,4,qwen2:72b,moderate,4.0,authority
relevance,4,qwen2:72b,moderate,4.0,authority
relevance,4,qwen2:72b,moderate,4.0,authority
relevance,4,qwen2:72b,moderate,4.0,authority
relevance,4,qwen2:72b,moderate,4.0,authority
relevance,4,qwen2:72b,moderate,4.0,authority
relevance,4,qwen2:72b,moderate,4.0,authority
relevance,4,qwen2:72b,moderate,4.0,authority
relevance,4,qwen2:72b,moderate,4.0,authority
relevance,4,qwen2:72b,moderate,4.0,authority
relevance,4,qwen2:72b,moderate,4.0,authority
relevance,4,qwen2:72b,moderate,4.0,authority
relevance,4,qwen2:72b,moderate,4.0,authority
relevance,4,qwen2:72b,moderate,4.0,authority
relevance,4,qwen2:72b,moderate,4.0,authority
relevance,4,qwen2:72b,moderate,4.0,authority
relevance,4,qwen2:72b,moderate,4.0,authority
relevance,4,qwen2:72b,moderate,4.0,authority
relevance,4,qwen2:72b,moderate,4.0,authority
relevance,4,qwen2:72b,moderate,4.0,authority
relevance,4,qwen2:72b,moderate,4.0,authority
relevance,4,qwen2:72b,liberal,4.0,authority
relevance,4,qwen2:72b,liberal,4.0,authority
relevance,4,qwen2:72b,liberal,4.0,authority
relevance,4,qwen2:72b,liberal,4.0,authority
relevance,4,qwen2:72b,liberal,4.0,authority
relevance,4,qwen2:72b,liberal,4.0,authority
relevance,4,qwen2:72b,liberal,4.0,authority
relevance,4,qwen2:72b,liberal,4.0,authority
relevance,4,qwen2:72b,liberal,4.0,authority
relevance,4,qwen2:72b,liberal,4.0,authority
relevance,4,qwen2:72b,liberal,4.0,authority
relevance,4,qwen2:72b,liberal,4.0,authority
relevance,4,qwen2:72b,liberal,4.0,authority
relevance,4,qwen2:72b,liberal,4.0,authority
relevance,4,qwen2:72b,liberal,4.0,authority
relevance,4,qwen2:72b,liberal,4.0,authority
relevance,4,qwen2:72b,liberal,4.0,authority
relevance,4,qwen2:72b,liberal,4.0,authority
relevance,4,qwen2:72b,liberal,4.0,authority
relevance,4,qwen2:72b,liberal,4.0,authority
relevance,4,qwen2:72b,liberal,4.0,authority
relevance,4,qwen2:72b,liberal,4.0,authority
relevance,4,qwen2:72b,liberal,4.0,authority
relevance,4,qwen2:72b,liberal,4.0,authority
relevance,4,qwen2:72b,liberal,4.0,authority
relevance,4,qwen2:72b,liberal,4.0,authority
relevance,4,qwen2:72b,liberal,4.0,authority
relevance,4,qwen2:72b,liberal,4.0,authority
relevance,4,qwen2:72b,liberal,4.0,authority
relevance,4,qwen2:72b,liberal,4.0,authority
relevance,4,qwen2:72b,liberal,4.0,authority
relevance,4,qwen2:72b,liberal,4.0,authority
relevance,4,qwen2:72b,liberal,4.0,authority
relevance,4,qwen2:72b,liberal,4.0,authority
relevance,4,qwen2:72b,liberal,4.0,authority
relevance,4,qwen2:72b,liberal,4.0,authority
relevance,4,qwen2:72b,liberal,4.0,authority
relevance,4,qwen2:72b,liberal,4.0,authority
relevance,4,qwen2:72b,liberal,4.0,authority
relevance,4,qwen2:72b,liberal,4.0,authority
relevance,4,qwen2:72b,liberal,4.0,authority
relevance,4,qwen2:72b,liberal,4.0,authority
relevance,4,qwen2:72b,liberal,4.0,authority
relevance,4,qwen2:72b,liberal,4.0,authority
relevance,4,qwen2:72b,liberal,4.0,authority
relevance,4,qwen2:72b,liberal,4.0,authority
relevance,4,qwen2:72b,liberal,4.0,authority
relevance,4,qwen2:72b,liberal,4.0,authority
relevance,4,qwen2:72b,liberal,4.0,authority
relevance,4,qwen2:72b,liberal,4.0,authority
relevance,5,llama3.1:8b,conservative,4.0,purity
relevance,5,llama3.1:8b,conservative,3.0,purity
relevance,5,llama3.1:8b,conservative,4.0,purity
relevance,5,llama3.1:8b,conservative,5.0,purity
relevance,5,llama3.1:8b,conservative,4.0,purity
relevance,5,llama3.1:8b,conservative,4.0,purity
relevance,5,llama3.1:8b,conservative,3.0,purity
relevance,5,llama3.1:8b,conservative,4.0,purity
relevance,5,llama3.1:8b,conservative,4.0,purity
relevance,5,llama3.1:8b,conservative,3.0,purity
relevance,5,llama3.1:8b,conservative,4.0,purity
relevance,5,llama3.1:8b,conservative,4.0,purity
relevance,5,llama3.1:8b,conservative,3.0,purity
relevance,5,llama3.1:8b,conservative,3.0,purity
relevance,5,llama3.1:8b,conservative,3.0,purity
relevance,5,llama3.1:8b,conservative,4.0,purity
relevance,5,llama3.1:8b,conservative,3.0,purity
relevance,5,llama3.1:8b,conservative,3.0,purity
relevance,5,llama3.1:8b,conservative,5.0,purity
relevance,5,llama3.1:8b,conservative,5.0,purity
relevance,5,llama3.1:8b,conservative,5.0,purity
relevance,5,llama3.1:8b,conservative,4.0,purity
relevance,5,llama3.1:8b,conservative,4.0,purity
relevance,5,llama3.1:8b,conservative,4.0,purity
relevance,5,llama3.1:8b,conservative,5.0,purity
relevance,5,llama3.1:8b,conservative,4.0,purity
relevance,5,llama3.1:8b,conservative,5.0,purity
relevance,5,llama3.1:8b,conservative,3.0,purity
relevance,5,llama3.1:8b,conservative,3.0,purity
relevance,5,llama3.1:8b,conservative,3.0,purity
relevance,5,llama3.1:8b,conservative,5.0,purity
relevance,5,llama3.1:8b,conservative,4.0,purity
relevance,5,llama3.1:8b,conservative,3.0,purity
relevance,5,llama3.1:8b,conservative,4.0,purity
relevance,5,llama3.1:8b,conservative,5.0,purity
relevance,5,llama3.1:8b,conservative,5.0,purity
relevance,5,llama3.1:8b,conservative,5.0,purity
relevance,5,llama3.1:8b,conservative,3.0,purity
relevance,5,llama3.1:8b,conservative,3.0,purity
relevance,5,llama3.1:8b,conservative,4.0,purity
relevance,5,llama3.1:8b,conservative,5.0,purity
relevance,5,llama3.1:8b,conservative,3.0,purity
relevance,5,llama3.1:8b,conservative,5.0,purity
relevance,5,llama3.1:8b,conservative,4.0,purity
relevance,5,llama3.1:8b,conservative,5.0,purity
relevance,5,llama3.1:8b,conservative,5.0,purity
relevance,5,llama3.1:8b,conservative,5.0,purity
relevance,5,llama3.1:8b,conservative,5.0,purity
relevance,5,llama3.1:8b,conservative,4.0,purity
relevance,5,llama3.1:8b,conservative,5.0,purity
relevance,5,llama3.1:8b,moderate,2.0,purity
relevance,5,llama3.1:8b,moderate,3.0,purity
relevance,5,llama3.1:8b,moderate,3.0,purity
relevance,5,llama3.1:8b,moderate,3.0,purity
relevance,5,llama3.1:8b,moderate,3.0,purity
relevance,5,llama3.1:8b,moderate,5.0,purity
relevance,5,llama3.1:8b,moderate,3.0,purity
relevance,5,llama3.1:8b,moderate,3.0,purity
relevance,5,llama3.1:8b,moderate,2.0,purity
relevance,5,llama3.1:8b,moderate,3.0,purity
relevance,5,llama3.1:8b,moderate,3.0,purity
relevance,5,llama3.1:8b,moderate,4.0,purity
relevance,5,llama3.1:8b,moderate,3.0,purity
relevance,5,llama3.1:8b,moderate,3.0,purity
relevance,5,llama3.1:8b,moderate,4.0,purity
relevance,5,llama3.1:8b,moderate,3.0,purity
relevance,5,llama3.1:8b,moderate,2.0,purity
relevance,5,llama3.1:8b,moderate,3.0,purity
relevance,5,llama3.1:8b,moderate,3.0,purity
relevance,5,llama3.1:8b,moderate,4.0,purity
relevance,5,llama3.1:8b,moderate,3.0,purity
relevance,5,llama3.1:8b,moderate,3.0,purity
relevance,5,llama3.1:8b,moderate,3.0,purity
relevance,5,llama3.1:8b,moderate,4.0,purity
relevance,5,llama3.1:8b,moderate,5.0,purity
relevance,5,llama3.1:8b,moderate,3.0,purity
relevance,5,llama3.1:8b,moderate,2.0,purity
relevance,5,llama3.1:8b,moderate,3.0,purity
relevance,5,llama3.1:8b,moderate,4.0,purity
relevance,5,llama3.1:8b,moderate,5.0,purity
relevance,5,llama3.1:8b,moderate,3.0,purity
relevance,5,llama3.1:8b,moderate,4.0,purity
relevance,5,llama3.1:8b,moderate,3.0,purity
relevance,5,llama3.1:8b,moderate,5.0,purity
relevance,5,llama3.1:8b,moderate,5.0,purity
relevance,5,llama3.1:8b,moderate,4.0,purity
relevance,5,llama3.1:8b,moderate,4.0,purity
relevance,5,llama3.1:8b,moderate,2.0,purity
relevance,5,llama3.1:8b,moderate,2.0,purity
relevance,5,llama3.1:8b,moderate,2.0,purity
relevance,5,llama3.1:8b,moderate,4.0,purity
relevance,5,llama3.1:8b,moderate,5.0,purity
relevance,5,llama3.1:8b,moderate,3.0,purity
relevance,5,llama3.1:8b,moderate,3.0,purity
relevance,5,llama3.1:8b,moderate,3.0,purity
relevance,5,llama3.1:8b,moderate,4.0,purity
relevance,5,llama3.1:8b,moderate,4.0,purity
relevance,5,llama3.1:8b,moderate,5.0,purity
relevance,5,llama3.1:8b,moderate,4.0,purity
relevance,5,llama3.1:8b,moderate,2.0,purity
relevance,5,llama3.1:8b,liberal,3.0,purity
relevance,5,llama3.1:8b,liberal,3.0,purity
relevance,5,llama3.1:8b,liberal,2.0,purity
relevance,5,llama3.1:8b,liberal,2.0,purity
relevance,5,llama3.1:8b,liberal,4.0,purity
relevance,5,llama3.1:8b,liberal,3.0,purity
relevance,5,llama3.1:8b,liberal,4.0,purity
relevance,5,llama3.1:8b,liberal,2.0,purity
relevance,5,llama3.1:8b,liberal,3.0,purity
relevance,5,llama3.1:8b,liberal,4.0,purity
relevance,5,llama3.1:8b,liberal,5.0,purity
relevance,5,llama3.1:8b,liberal,5.0,purity
relevance,5,llama3.1:8b,liberal,4.0,purity
relevance,5,llama3.1:8b,liberal,2.0,purity
relevance,5,llama3.1:8b,liberal,3.0,purity
relevance,5,llama3.1:8b,liberal,2.0,purity
relevance,5,llama3.1:8b,liberal,4.0,purity
relevance,5,llama3.1:8b,liberal,5.0,purity
relevance,5,llama3.1:8b,liberal,5.0,purity
relevance,5,llama3.1:8b,liberal,3.0,purity
relevance,5,llama3.1:8b,liberal,3.0,purity
relevance,5,llama3.1:8b,liberal,3.0,purity
relevance,5,llama3.1:8b,liberal,2.0,purity
relevance,5,llama3.1:8b,liberal,3.0,purity
relevance,5,llama3.1:8b,liberal,3.0,purity
relevance,5,llama3.1:8b,liberal,2.0,purity
relevance,5,llama3.1:8b,liberal,4.0,purity
relevance,5,llama3.1:8b,liberal,5.0,purity
relevance,5,llama3.1:8b,liberal,2.0,purity
relevance,5,llama3.1:8b,liberal,4.0,purity
relevance,5,llama3.1:8b,liberal,2.0,purity
relevance,5,llama3.1:8b,liberal,5.0,purity
relevance,5,llama3.1:8b,liberal,5.0,purity
relevance,5,llama3.1:8b,liberal,5.0,purity
relevance,5,llama3.1:8b,liberal,4.0,purity
relevance,5,llama3.1:8b,liberal,2.0,purity
relevance,5,llama3.1:8b,liberal,4.0,purity
relevance,5,llama3.1:8b,liberal,2.0,purity
relevance,5,llama3.1:8b,liberal,5.0,purity
relevance,5,llama3.1:8b,liberal,3.0,purity
relevance,5,llama3.1:8b,liberal,2.0,purity
relevance,5,llama3.1:8b,liberal,3.0,purity
relevance,5,llama3.1:8b,liberal,2.0,purity
relevance,5,llama3.1:8b,liberal,4.0,purity
relevance,5,llama3.1:8b,liberal,3.0,purity
relevance,5,llama3.1:8b,liberal,4.0,purity
relevance,5,llama3.1:8b,liberal,5.0,purity
relevance,5,llama3.1:8b,liberal,2.0,purity
relevance,5,llama3.1:8b,liberal,5.0,purity
relevance,5,llama3.1:8b,liberal,4.0,purity
relevance,5,llama2:70b,conservative,4.0,purity
relevance,5,llama2:70b,conservative,4.0,purity
relevance,5,llama2:70b,conservative,4.0,purity
relevance,5,llama2:70b,conservative,3.0,purity
relevance,5,llama2:70b,conservative,4.0,purity
relevance,5,llama2:70b,conservative,4.0,purity
relevance,5,llama2:70b,conservative,3.0,purity
relevance,5,llama2:70b,conservative,4.0,purity
relevance,5,llama2:70b,conservative,4.0,purity
relevance,5,llama2:70b,conservative,1.0,purity
relevance,5,llama2:70b,conservative,1.0,purity
relevance,5,llama2:70b,conservative,4.0,purity
relevance,5,llama2:70b,conservative,4.0,purity
relevance,5,llama2:70b,conservative,4.0,purity
relevance,5,llama2:70b,conservative,4.0,purity
relevance,5,llama2:70b,conservative,3.0,purity
relevance,5,llama2:70b,conservative,4.0,purity
relevance,5,llama2:70b,conservative,4.0,purity
relevance,5,llama2:70b,conservative,4.0,purity
relevance,5,llama2:70b,conservative,4.0,purity
relevance,5,llama2:70b,conservative,4.0,purity
relevance,5,llama2:70b,conservative,3.0,purity
relevance,5,llama2:70b,conservative,4.0,purity
relevance,5,llama2:70b,conservative,4.0,purity
relevance,5,llama2:70b,conservative,3.0,purity
relevance,5,llama2:70b,conservative,4.0,purity
relevance,5,llama2:70b,conservative,4.0,purity
relevance,5,llama2:70b,conservative,4.0,purity
relevance,5,llama2:70b,conservative,4.0,purity
relevance,5,llama2:70b,conservative,4.0,purity
relevance,5,llama2:70b,conservative,3.0,purity
relevance,5,llama2:70b,conservative,4.0,purity
relevance,5,llama2:70b,conservative,3.0,purity
relevance,5,llama2:70b,conservative,4.0,purity
relevance,5,llama2:70b,conservative,4.0,purity
relevance,5,llama2:70b,conservative,4.0,purity
relevance,5,llama2:70b,conservative,4.0,purity
relevance,5,llama2:70b,conservative,4.0,purity
relevance,5,llama2:70b,conservative,4.0,purity
relevance,5,llama2:70b,conservative,4.0,purity
relevance,5,llama2:70b,conservative,4.0,purity
relevance,5,llama2:70b,conservative,4.0,purity
relevance,5,llama2:70b,conservative,4.0,purity
relevance,5,llama2:70b,conservative,1.0,purity
relevance,5,llama2:70b,conservative,4.0,purity
relevance,5,llama2:70b,conservative,4.0,purity
relevance,5,llama2:70b,conservative,4.0,purity
relevance,5,llama2:70b,conservative,3.0,purity
relevance,5,llama2:70b,conservative,4.0,purity
relevance,5,llama2:70b,moderate,4.0,purity
relevance,5,llama2:70b,moderate,4.0,purity
relevance,5,llama2:70b,moderate,3.0,purity
relevance,5,llama2:70b,moderate,2.0,purity
relevance,5,llama2:70b,moderate,3.0,purity
relevance,5,llama2:70b,moderate,3.0,purity
relevance,5,llama2:70b,moderate,2.0,purity
relevance,5,llama2:70b,moderate,2.0,purity
relevance,5,llama2:70b,moderate,4.0,purity
relevance,5,llama2:70b,moderate,3.0,purity
relevance,5,llama2:70b,moderate,3.0,purity
relevance,5,llama2:70b,moderate,4.0,purity
relevance,5,llama2:70b,moderate,3.0,purity
relevance,5,llama2:70b,moderate,3.0,purity
relevance,5,llama2:70b,moderate,4.0,purity
relevance,5,llama2:70b,moderate,3.0,purity
relevance,5,llama2:70b,moderate,3.0,purity
relevance,5,llama2:70b,moderate,3.0,purity
relevance,5,llama2:70b,moderate,3.0,purity
relevance,5,llama2:70b,moderate,4.0,purity
relevance,5,llama2:70b,moderate,3.0,purity
relevance,5,llama2:70b,moderate,3.0,purity
relevance,5,llama2:70b,moderate,3.0,purity
relevance,5,llama2:70b,moderate,4.0,purity
relevance,5,llama2:70b,moderate,4.0,purity
relevance,5,llama2:70b,moderate,3.0,purity
relevance,5,llama2:70b,moderate,2.0,purity
relevance,5,llama2:70b,moderate,3.0,purity
relevance,5,llama2:70b,moderate,2.0,purity
relevance,5,llama2:70b,moderate,3.0,purity
relevance,5,llama2:70b,moderate,1.0,purity
relevance,5,llama2:70b,moderate,3.0,purity
relevance,5,llama2:70b,moderate,3.0,purity
relevance,5,llama2:70b,moderate,3.0,purity
relevance,5,llama2:70b,moderate,2.0,purity
relevance,5,llama2:70b,moderate,3.0,purity
relevance,5,llama2:70b,moderate,2.0,purity
relevance,5,llama2:70b,moderate,4.0,purity
relevance,5,llama2:70b,moderate,2.0,purity
relevance,5,llama2:70b,moderate,3.0,purity
relevance,5,llama2:70b,moderate,3.0,purity
relevance,5,llama2:70b,moderate,1.0,purity
relevance,5,llama2:70b,moderate,4.0,purity
relevance,5,llama2:70b,moderate,3.0,purity
relevance,5,llama2:70b,moderate,4.0,purity
relevance,5,llama2:70b,moderate,3.0,purity
relevance,5,llama2:70b,moderate,4.0,purity
relevance,5,llama2:70b,moderate,1.0,purity
relevance,5,llama2:70b,moderate,3.0,purity
relevance,5,llama2:70b,moderate,4.0,purity
relevance,5,llama2:70b,liberal,4.0,purity
relevance,5,llama2:70b,liberal,3.0,purity
relevance,5,llama2:70b,liberal,4.0,purity
relevance,5,llama2:70b,liberal,4.0,purity
relevance,5,llama2:70b,liberal,3.0,purity
relevance,5,llama2:70b,liberal,4.0,purity
relevance,5,llama2:70b,liberal,4.0,purity
relevance,5,llama2:70b,liberal,2.0,purity
relevance,5,llama2:70b,liberal,2.0,purity
relevance,5,llama2:70b,liberal,4.0,purity
relevance,5,llama2:70b,liberal,1.0,purity
relevance,5,llama2:70b,liberal,4.0,purity
relevance,5,llama2:70b,liberal,4.0,purity
relevance,5,llama2:70b,liberal,2.0,purity
relevance,5,llama2:70b,liberal,2.0,purity
relevance,5,llama2:70b,liberal,1.0,purity
relevance,5,llama2:70b,liberal,4.0,purity
relevance,5,llama2:70b,liberal,4.0,purity
relevance,5,llama2:70b,liberal,2.0,purity
relevance,5,llama2:70b,liberal,3.0,purity
relevance,5,llama2:70b,liberal,2.0,purity
relevance,5,llama2:70b,liberal,3.0,purity
relevance,5,llama2:70b,liberal,2.0,purity
relevance,5,llama2:70b,liberal,4.0,purity
relevance,5,llama2:70b,liberal,4.0,purity
relevance,5,llama2:70b,liberal,4.0,purity
relevance,5,llama2:70b,liberal,1.0,purity
relevance,5,llama2:70b,liberal,2.0,purity
relevance,5,llama2:70b,liberal,3.0,purity
relevance,5,llama2:70b,liberal,3.0,purity
relevance,5,llama2:70b,liberal,4.0,purity
relevance,5,llama2:70b,liberal,4.0,purity
relevance,5,llama2:70b,liberal,4.0,purity
relevance,5,llama2:70b,liberal,4.0,purity
relevance,5,llama2:70b,liberal,4.0,purity
relevance,5,llama2:70b,liberal,2.0,purity
relevance,5,llama2:70b,liberal,4.0,purity
relevance,5,llama2:70b,liberal,4.0,purity
relevance,5,llama2:70b,liberal,4.0,purity
relevance,5,llama2:70b,liberal,4.0,purity
relevance,5,llama2:70b,liberal,4.0,purity
relevance,5,llama2:70b,liberal,2.0,purity
relevance,5,llama2:70b,liberal,4.0,purity
relevance,5,llama2:70b,liberal,4.0,purity
relevance,5,llama2:70b,liberal,2.0,purity
relevance,5,llama2:70b,liberal,4.0,purity
relevance,5,llama2:70b,liberal,3.0,purity
relevance,5,llama2:70b,liberal,3.0,purity
relevance,5,llama2:70b,liberal,4.0,purity
relevance,5,llama2:70b,liberal,4.0,purity
relevance,5,llama3:70b,conservative,5.0,purity
relevance,5,llama3:70b,conservative,5.0,purity
relevance,5,llama3:70b,conservative,5.0,purity
relevance,5,llama3:70b,conservative,5.0,purity
relevance,5,llama3:70b,conservative,5.0,purity
relevance,5,llama3:70b,conservative,5.0,purity
relevance,5,llama3:70b,conservative,5.0,purity
relevance,5,llama3:70b,conservative,5.0,purity
relevance,5,llama3:70b,conservative,5.0,purity
relevance,5,llama3:70b,conservative,5.0,purity
relevance,5,llama3:70b,conservative,5.0,purity
relevance,5,llama3:70b,conservative,5.0,purity
relevance,5,llama3:70b,conservative,5.0,purity
relevance,5,llama3:70b,conservative,5.0,purity
relevance,5,llama3:70b,conservative,5.0,purity
relevance,5,llama3:70b,conservative,5.0,purity
relevance,5,llama3:70b,conservative,5.0,purity
relevance,5,llama3:70b,conservative,5.0,purity
relevance,5,llama3:70b,conservative,5.0,purity
relevance,5,llama3:70b,conservative,5.0,purity
relevance,5,llama3:70b,conservative,5.0,purity
relevance,5,llama3:70b,conservative,5.0,purity
relevance,5,llama3:70b,conservative,5.0,purity
relevance,5,llama3:70b,conservative,5.0,purity
relevance,5,llama3:70b,conservative,5.0,purity
relevance,5,llama3:70b,conservative,5.0,purity
relevance,5,llama3:70b,conservative,5.0,purity
relevance,5,llama3:70b,conservative,5.0,purity
relevance,5,llama3:70b,conservative,5.0,purity
relevance,5,llama3:70b,conservative,5.0,purity
relevance,5,llama3:70b,conservative,5.0,purity
relevance,5,llama3:70b,conservative,5.0,purity
relevance,5,llama3:70b,conservative,5.0,purity
relevance,5,llama3:70b,conservative,5.0,purity
relevance,5,llama3:70b,conservative,5.0,purity
relevance,5,llama3:70b,conservative,5.0,purity
relevance,5,llama3:70b,conservative,5.0,purity
relevance,5,llama3:70b,conservative,5.0,purity
relevance,5,llama3:70b,conservative,5.0,purity
relevance,5,llama3:70b,conservative,5.0,purity
relevance,5,llama3:70b,conservative,5.0,purity
relevance,5,llama3:70b,conservative,5.0,purity
relevance,5,llama3:70b,conservative,5.0,purity
relevance,5,llama3:70b,conservative,5.0,purity
relevance,5,llama3:70b,conservative,5.0,purity
relevance,5,llama3:70b,conservative,5.0,purity
relevance,5,llama3:70b,conservative,5.0,purity
relevance,5,llama3:70b,conservative,5.0,purity
relevance,5,llama3:70b,conservative,5.0,purity
relevance,5,llama3:70b,conservative,5.0,purity
relevance,5,llama3:70b,moderate,1.0,purity
relevance,5,llama3:70b,moderate,2.0,purity
relevance,5,llama3:70b,moderate,2.0,purity
relevance,5,llama3:70b,moderate,2.0,purity
relevance,5,llama3:70b,moderate,2.0,purity
relevance,5,llama3:70b,moderate,2.0,purity
relevance,5,llama3:70b,moderate,0.0,purity
relevance,5,llama3:70b,moderate,2.0,purity
relevance,5,llama3:70b,moderate,2.0,purity
relevance,5,llama3:70b,moderate,2.0,purity
relevance,5,llama3:70b,moderate,2.0,purity
relevance,5,llama3:70b,moderate,2.0,purity
relevance,5,llama3:70b,moderate,2.0,purity
relevance,5,llama3:70b,moderate,2.0,purity
relevance,5,llama3:70b,moderate,1.0,purity
relevance,5,llama3:70b,moderate,2.0,purity
relevance,5,llama3:70b,moderate,3.0,purity
relevance,5,llama3:70b,moderate,3.0,purity
relevance,5,llama3:70b,moderate,2.0,purity
relevance,5,llama3:70b,moderate,2.0,purity
relevance,5,llama3:70b,moderate,0.0,purity
relevance,5,llama3:70b,moderate,3.0,purity
relevance,5,llama3:70b,moderate,2.0,purity
relevance,5,llama3:70b,moderate,0.0,purity
relevance,5,llama3:70b,moderate,2.0,purity
relevance,5,llama3:70b,moderate,3.0,purity
relevance,5,llama3:70b,moderate,0.0,purity
relevance,5,llama3:70b,moderate,0.0,purity
relevance,5,llama3:70b,moderate,2.0,purity
relevance,5,llama3:70b,moderate,3.0,purity
relevance,5,llama3:70b,moderate,2.0,purity
relevance,5,llama3:70b,moderate,0.0,purity
relevance,5,llama3:70b,moderate,3.0,purity
relevance,5,llama3:70b,moderate,3.0,purity
relevance,5,llama3:70b,moderate,3.0,purity
relevance,5,llama3:70b,moderate,2.0,purity
relevance,5,llama3:70b,moderate,3.0,purity
relevance,5,llama3:70b,moderate,2.0,purity
relevance,5,llama3:70b,moderate,2.0,purity
relevance,5,llama3:70b,moderate,2.0,purity
relevance,5,llama3:70b,moderate,3.0,purity
relevance,5,llama3:70b,moderate,3.0,purity
relevance,5,llama3:70b,moderate,3.0,purity
relevance,5,llama3:70b,moderate,2.0,purity
relevance,5,llama3:70b,moderate,1.0,purity
relevance,5,llama3:70b,moderate,1.0,purity
relevance,5,llama3:70b,moderate,3.0,purity
relevance,5,llama3:70b,moderate,1.0,purity
relevance,5,llama3:70b,moderate,2.0,purity
relevance,5,llama3:70b,moderate,1.0,purity
relevance,5,llama3:70b,liberal,1.0,purity
relevance,5,llama3:70b,liberal,2.0,purity
relevance,5,llama3:70b,liberal,0.0,purity
relevance,5,llama3:70b,liberal,2.0,purity
relevance,5,llama3:70b,liberal,2.0,purity
relevance,5,llama3:70b,liberal,1.0,purity
relevance,5,llama3:70b,liberal,1.0,purity
relevance,5,llama3:70b,liberal,2.0,purity
relevance,5,llama3:70b,liberal,1.0,purity
relevance,5,llama3:70b,liberal,1.0,purity
relevance,5,llama3:70b,liberal,2.0,purity
relevance,5,llama3:70b,liberal,0.0,purity
relevance,5,llama3:70b,liberal,0.0,purity
relevance,5,llama3:70b,liberal,2.0,purity
relevance,5,llama3:70b,liberal,0.0,purity
relevance,5,llama3:70b,liberal,2.0,purity
relevance,5,llama3:70b,liberal,1.0,purity
relevance,5,llama3:70b,liberal,1.0,purity
relevance,5,llama3:70b,liberal,1.0,purity
relevance,5,llama3:70b,liberal,2.0,purity
relevance,5,llama3:70b,liberal,1.0,purity
relevance,5,llama3:70b,liberal,0.0,purity
relevance,5,llama3:70b,liberal,2.0,purity
relevance,5,llama3:70b,liberal,2.0,purity
relevance,5,llama3:70b,liberal,2.0,purity
relevance,5,llama3:70b,liberal,0.0,purity
relevance,5,llama3:70b,liberal,1.0,purity
relevance,5,llama3:70b,liberal,0.0,purity
relevance,5,llama3:70b,liberal,2.0,purity
relevance,5,llama3:70b,liberal,2.0,purity
relevance,5,llama3:70b,liberal,1.0,purity
relevance,5,llama3:70b,liberal,1.0,purity
relevance,5,llama3:70b,liberal,1.0,purity
relevance,5,llama3:70b,liberal,1.0,purity
relevance,5,llama3:70b,liberal,1.0,purity
relevance,5,llama3:70b,liberal,2.0,purity
relevance,5,llama3:70b,liberal,0.0,purity
relevance,5,llama3:70b,liberal,1.0,purity
relevance,5,llama3:70b,liberal,1.0,purity
relevance,5,llama3:70b,liberal,1.0,purity
relevance,5,llama3:70b,liberal,2.0,purity
relevance,5,llama3:70b,liberal,1.0,purity
relevance,5,llama3:70b,liberal,0.0,purity
relevance,5,llama3:70b,liberal,1.0,purity
relevance,5,llama3:70b,liberal,1.0,purity
relevance,5,llama3:70b,liberal,2.0,purity
relevance,5,llama3:70b,liberal,2.0,purity
relevance,5,llama3:70b,liberal,2.0,purity
relevance,5,llama3:70b,liberal,1.0,purity
relevance,5,llama3:70b,liberal,1.0,purity
relevance,5,llama3.1:70b,conservative,5.0,purity
relevance,5,llama3.1:70b,conservative,5.0,purity
relevance,5,llama3.1:70b,conservative,5.0,purity
relevance,5,llama3.1:70b,conservative,5.0,purity
relevance,5,llama3.1:70b,conservative,5.0,purity
relevance,5,llama3.1:70b,conservative,5.0,purity
relevance,5,llama3.1:70b,conservative,5.0,purity
relevance,5,llama3.1:70b,conservative,5.0,purity
relevance,5,llama3.1:70b,conservative,5.0,purity
relevance,5,llama3.1:70b,conservative,5.0,purity
relevance,5,llama3.1:70b,conservative,5.0,purity
relevance,5,llama3.1:70b,conservative,4.0,purity
relevance,5,llama3.1:70b,conservative,5.0,purity
relevance,5,llama3.1:70b,conservative,5.0,purity
relevance,5,llama3.1:70b,conservative,4.0,purity
relevance,5,llama3.1:70b,conservative,5.0,purity
relevance,5,llama3.1:70b,conservative,5.0,purity
relevance,5,llama3.1:70b,conservative,4.0,purity
relevance,5,llama3.1:70b,conservative,5.0,purity
relevance,5,llama3.1:70b,conservative,5.0,purity
relevance,5,llama3.1:70b,conservative,5.0,purity
relevance,5,llama3.1:70b,conservative,4.0,purity
relevance,5,llama3.1:70b,conservative,4.0,purity
relevance,5,llama3.1:70b,conservative,5.0,purity
relevance,5,llama3.1:70b,conservative,5.0,purity
relevance,5,llama3.1:70b,conservative,4.0,purity
relevance,5,llama3.1:70b,conservative,5.0,purity
relevance,5,llama3.1:70b,conservative,5.0,purity
relevance,5,llama3.1:70b,conservative,5.0,purity
relevance,5,llama3.1:70b,conservative,4.0,purity
relevance,5,llama3.1:70b,conservative,5.0,purity
relevance,5,llama3.1:70b,conservative,4.0,purity
relevance,5,llama3.1:70b,conservative,4.0,purity
relevance,5,llama3.1:70b,conservative,4.0,purity
relevance,5,llama3.1:70b,conservative,5.0,purity
relevance,5,llama3.1:70b,conservative,5.0,purity
relevance,5,llama3.1:70b,conservative,4.0,purity
relevance,5,llama3.1:70b,conservative,5.0,purity
relevance,5,llama3.1:70b,conservative,4.0,purity
relevance,5,llama3.1:70b,conservative,5.0,purity
relevance,5,llama3.1:70b,conservative,4.0,purity
relevance,5,llama3.1:70b,conservative,5.0,purity
relevance,5,llama3.1:70b,conservative,5.0,purity
relevance,5,llama3.1:70b,conservative,5.0,purity
relevance,5,llama3.1:70b,conservative,5.0,purity
relevance,5,llama3.1:70b,conservative,5.0,purity
relevance,5,llama3.1:70b,conservative,5.0,purity
relevance,5,llama3.1:70b,conservative,5.0,purity
relevance,5,llama3.1:70b,conservative,4.0,purity
relevance,5,llama3.1:70b,conservative,5.0,purity
relevance,5,llama3.1:70b,moderate,3.0,purity
relevance,5,llama3.1:70b,moderate,3.0,purity
relevance,5,llama3.1:70b,moderate,4.0,purity
relevance,5,llama3.1:70b,moderate,3.0,purity
relevance,5,llama3.1:70b,moderate,3.0,purity
relevance,5,llama3.1:70b,moderate,3.0,purity
relevance,5,llama3.1:70b,moderate,4.0,purity
relevance,5,llama3.1:70b,moderate,4.0,purity
relevance,5,llama3.1:70b,moderate,3.0,purity
relevance,5,llama3.1:70b,moderate,4.0,purity
relevance,5,llama3.1:70b,moderate,4.0,purity
relevance,5,llama3.1:70b,moderate,4.0,purity
relevance,5,llama3.1:70b,moderate,3.0,purity
relevance,5,llama3.1:70b,moderate,3.0,purity
relevance,5,llama3.1:70b,moderate,3.0,purity
relevance,5,llama3.1:70b,moderate,3.0,purity
relevance,5,llama3.1:70b,moderate,3.0,purity
relevance,5,llama3.1:70b,moderate,3.0,purity
relevance,5,llama3.1:70b,moderate,5.0,purity
relevance,5,llama3.1:70b,moderate,4.0,purity
relevance,5,llama3.1:70b,moderate,4.0,purity
relevance,5,llama3.1:70b,moderate,4.0,purity
relevance,5,llama3.1:70b,moderate,4.0,purity
relevance,5,llama3.1:70b,moderate,4.0,purity
relevance,5,llama3.1:70b,moderate,4.0,purity
relevance,5,llama3.1:70b,moderate,3.0,purity
relevance,5,llama3.1:70b,moderate,4.0,purity
relevance,5,llama3.1:70b,moderate,3.0,purity
relevance,5,llama3.1:70b,moderate,3.0,purity
relevance,5,llama3.1:70b,moderate,3.0,purity
relevance,5,llama3.1:70b,moderate,5.0,purity
relevance,5,llama3.1:70b,moderate,3.0,purity
relevance,5,llama3.1:70b,moderate,5.0,purity
relevance,5,llama3.1:70b,moderate,4.0,purity
relevance,5,llama3.1:70b,moderate,3.0,purity
relevance,5,llama3.1:70b,moderate,3.0,purity
relevance,5,llama3.1:70b,moderate,4.0,purity
relevance,5,llama3.1:70b,moderate,4.0,purity
relevance,5,llama3.1:70b,moderate,4.0,purity
relevance,5,llama3.1:70b,moderate,4.0,purity
relevance,5,llama3.1:70b,moderate,4.0,purity
relevance,5,llama3.1:70b,moderate,3.0,purity
relevance,5,llama3.1:70b,moderate,4.0,purity
relevance,5,llama3.1:70b,moderate,4.0,purity
relevance,5,llama3.1:70b,moderate,4.0,purity
relevance,5,llama3.1:70b,moderate,3.0,purity
relevance,5,llama3.1:70b,moderate,3.0,purity
relevance,5,llama3.1:70b,moderate,4.0,purity
relevance,5,llama3.1:70b,moderate,4.0,purity
relevance,5,llama3.1:70b,moderate,4.0,purity
relevance,5,llama3.1:70b,liberal,1.0,purity
relevance,5,llama3.1:70b,liberal,1.0,purity
relevance,5,llama3.1:70b,liberal,1.0,purity
relevance,5,llama3.1:70b,liberal,1.0,purity
relevance,5,llama3.1:70b,liberal,1.0,purity
relevance,5,llama3.1:70b,liberal,2.0,purity
relevance,5,llama3.1:70b,liberal,2.0,purity
relevance,5,llama3.1:70b,liberal,0.0,purity
relevance,5,llama3.1:70b,liberal,1.0,purity
relevance,5,llama3.1:70b,liberal,1.0,purity
relevance,5,llama3.1:70b,liberal,1.0,purity
relevance,5,llama3.1:70b,liberal,1.0,purity
relevance,5,llama3.1:70b,liberal,1.0,purity
relevance,5,llama3.1:70b,liberal,1.0,purity
relevance,5,llama3.1:70b,liberal,2.0,purity
relevance,5,llama3.1:70b,liberal,1.0,purity
relevance,5,llama3.1:70b,liberal,1.0,purity
relevance,5,llama3.1:70b,liberal,1.0,purity
relevance,5,llama3.1:70b,liberal,1.0,purity
relevance,5,llama3.1:70b,liberal,1.0,purity
relevance,5,llama3.1:70b,liberal,1.0,purity
relevance,5,llama3.1:70b,liberal,1.0,purity
relevance,5,llama3.1:70b,liberal,1.0,purity
relevance,5,llama3.1:70b,liberal,1.0,purity
relevance,5,llama3.1:70b,liberal,1.0,purity
relevance,5,llama3.1:70b,liberal,1.0,purity
relevance,5,llama3.1:70b,liberal,2.0,purity
relevance,5,llama3.1:70b,liberal,2.0,purity
relevance,5,llama3.1:70b,liberal,1.0,purity
relevance,5,llama3.1:70b,liberal,1.0,purity
relevance,5,llama3.1:70b,liberal,1.0,purity
relevance,5,llama3.1:70b,liberal,1.0,purity
relevance,5,llama3.1:70b,liberal,1.0,purity
relevance,5,llama3.1:70b,liberal,1.0,purity
relevance,5,llama3.1:70b,liberal,2.0,purity
relevance,5,llama3.1:70b,liberal,1.0,purity
relevance,5,llama3.1:70b,liberal,1.0,purity
relevance,5,llama3.1:70b,liberal,1.0,purity
relevance,5,llama3.1:70b,liberal,1.0,purity
relevance,5,llama3.1:70b,liberal,1.0,purity
relevance,5,llama3.1:70b,liberal,1.0,purity
relevance,5,llama3.1:70b,liberal,1.0,purity
relevance,5,llama3.1:70b,liberal,1.0,purity
relevance,5,llama3.1:70b,liberal,1.0,purity
relevance,5,llama3.1:70b,liberal,2.0,purity
relevance,5,llama3.1:70b,liberal,1.0,purity
relevance,5,llama3.1:70b,liberal,1.0,purity
relevance,5,llama3.1:70b,liberal,2.0,purity
relevance,5,llama3.1:70b,liberal,2.0,purity
relevance,5,llama3.1:70b,liberal,2.0,purity
relevance,5,mistral:7b,conservative,0.0,purity
relevance,5,mistral:7b,conservative,3.0,purity
relevance,5,mistral:7b,conservative,3.0,purity
relevance,5,mistral:7b,conservative,0.0,purity
relevance,5,mistral:7b,conservative,3.0,purity
relevance,5,mistral:7b,conservative,3.0,purity
relevance,5,mistral:7b,conservative,1.0,purity
relevance,5,mistral:7b,conservative,2.0,purity
relevance,5,mistral:7b,conservative,2.0,purity
relevance,5,mistral:7b,conservative,3.0,purity
relevance,5,mistral:7b,conservative,0.0,purity
relevance,5,mistral:7b,conservative,3.0,purity
relevance,5,mistral:7b,conservative,0.0,purity
relevance,5,mistral:7b,conservative,3.0,purity
relevance,5,mistral:7b,conservative,3.0,purity
relevance,5,mistral:7b,conservative,2.0,purity
relevance,5,mistral:7b,conservative,1.0,purity
relevance,5,mistral:7b,conservative,1.0,purity
relevance,5,mistral:7b,conservative,2.0,purity
relevance,5,mistral:7b,conservative,3.0,purity
relevance,5,mistral:7b,conservative,2.0,purity
relevance,5,mistral:7b,conservative,0.0,purity
relevance,5,mistral:7b,conservative,3.0,purity
relevance,5,mistral:7b,conservative,3.0,purity
relevance,5,mistral:7b,conservative,0.0,purity
relevance,5,mistral:7b,conservative,3.0,purity
relevance,5,mistral:7b,conservative,3.0,purity
relevance,5,mistral:7b,conservative,1.0,purity
relevance,5,mistral:7b,conservative,3.0,purity
relevance,5,mistral:7b,conservative,2.0,purity
relevance,5,mistral:7b,conservative,3.0,purity
relevance,5,mistral:7b,conservative,0.0,purity
relevance,5,mistral:7b,conservative,3.0,purity
relevance,5,mistral:7b,conservative,1.0,purity
relevance,5,mistral:7b,conservative,3.0,purity
relevance,5,mistral:7b,conservative,0.0,purity
relevance,5,mistral:7b,conservative,0.0,purity
relevance,5,mistral:7b,conservative,3.0,purity
relevance,5,mistral:7b,conservative,2.0,purity
relevance,5,mistral:7b,conservative,2.0,purity
relevance,5,mistral:7b,conservative,3.0,purity
relevance,5,mistral:7b,conservative,0.0,purity
relevance,5,mistral:7b,conservative,2.0,purity
relevance,5,mistral:7b,conservative,2.0,purity
relevance,5,mistral:7b,conservative,1.0,purity
relevance,5,mistral:7b,conservative,3.0,purity
relevance,5,mistral:7b,conservative,0.0,purity
relevance,5,mistral:7b,conservative,1.0,purity
relevance,5,mistral:7b,conservative,3.0,purity
relevance,5,mistral:7b,moderate,1.0,purity
relevance,5,mistral:7b,moderate,1.0,purity
relevance,5,mistral:7b,moderate,1.0,purity
relevance,5,mistral:7b,moderate,1.0,purity
relevance,5,mistral:7b,moderate,1.0,purity
relevance,5,mistral:7b,moderate,1.0,purity
relevance,5,mistral:7b,moderate,1.0,purity
relevance,5,mistral:7b,moderate,1.0,purity
relevance,5,mistral:7b,moderate,1.0,purity
relevance,5,mistral:7b,moderate,1.0,purity
relevance,5,mistral:7b,moderate,1.0,purity
relevance,5,mistral:7b,moderate,1.0,purity
relevance,5,mistral:7b,moderate,1.0,purity
relevance,5,mistral:7b,moderate,1.0,purity
relevance,5,mistral:7b,moderate,1.0,purity
relevance,5,mistral:7b,moderate,1.0,purity
relevance,5,mistral:7b,moderate,1.0,purity
relevance,5,mistral:7b,moderate,1.0,purity
relevance,5,mistral:7b,moderate,1.0,purity
relevance,5,mistral:7b,moderate,1.0,purity
relevance,5,mistral:7b,moderate,1.0,purity
relevance,5,mistral:7b,moderate,1.0,purity
relevance,5,mistral:7b,moderate,1.0,purity
relevance,5,mistral:7b,moderate,1.0,purity
relevance,5,mistral:7b,moderate,1.0,purity
relevance,5,mistral:7b,moderate,0.0,purity
relevance,5,mistral:7b,moderate,1.0,purity
relevance,5,mistral:7b,moderate,1.0,purity
relevance,5,mistral:7b,moderate,1.0,purity
relevance,5,mistral:7b,moderate,1.0,purity
relevance,5,mistral:7b,moderate,1.0,purity
relevance,5,mistral:7b,moderate,1.0,purity
relevance,5,mistral:7b,moderate,1.0,purity
relevance,5,mistral:7b,moderate,1.0,purity
relevance,5,mistral:7b,moderate,1.0,purity
relevance,5,mistral:7b,moderate,1.0,purity
relevance,5,mistral:7b,moderate,1.0,purity
relevance,5,mistral:7b,moderate,1.0,purity
relevance,5,mistral:7b,moderate,1.0,purity
relevance,5,mistral:7b,moderate,0.0,purity
relevance,5,mistral:7b,moderate,1.0,purity
relevance,5,mistral:7b,moderate,1.0,purity
relevance,5,mistral:7b,moderate,1.0,purity
relevance,5,mistral:7b,moderate,1.0,purity
relevance,5,mistral:7b,moderate,1.0,purity
relevance,5,mistral:7b,moderate,1.0,purity
relevance,5,mistral:7b,moderate,1.0,purity
relevance,5,mistral:7b,moderate,1.0,purity
relevance,5,mistral:7b,moderate,1.0,purity
relevance,5,mistral:7b,moderate,1.0,purity
relevance,5,mistral:7b,liberal,1.0,purity
relevance,5,mistral:7b,liberal,1.0,purity
relevance,5,mistral:7b,liberal,1.0,purity
relevance,5,mistral:7b,liberal,1.0,purity
relevance,5,mistral:7b,liberal,1.0,purity
relevance,5,mistral:7b,liberal,1.0,purity
relevance,5,mistral:7b,liberal,1.0,purity
relevance,5,mistral:7b,liberal,1.0,purity
relevance,5,mistral:7b,liberal,1.0,purity
relevance,5,mistral:7b,liberal,1.0,purity
relevance,5,mistral:7b,liberal,1.0,purity
relevance,5,mistral:7b,liberal,1.0,purity
relevance,5,mistral:7b,liberal,1.0,purity
relevance,5,mistral:7b,liberal,1.0,purity
relevance,5,mistral:7b,liberal,1.0,purity
relevance,5,mistral:7b,liberal,1.0,purity
relevance,5,mistral:7b,liberal,1.0,purity
relevance,5,mistral:7b,liberal,1.0,purity
relevance,5,mistral:7b,liberal,1.0,purity
relevance,5,mistral:7b,liberal,1.0,purity
relevance,5,mistral:7b,liberal,1.0,purity
relevance,5,mistral:7b,liberal,1.0,purity
relevance,5,mistral:7b,liberal,1.0,purity
relevance,5,mistral:7b,liberal,1.0,purity
relevance,5,mistral:7b,liberal,1.0,purity
relevance,5,mistral:7b,liberal,1.0,purity
relevance,5,mistral:7b,liberal,1.0,purity
relevance,5,mistral:7b,liberal,1.0,purity
relevance,5,mistral:7b,liberal,1.0,purity
relevance,5,mistral:7b,liberal,1.0,purity
relevance,5,mistral:7b,liberal,1.0,purity
relevance,5,mistral:7b,liberal,1.0,purity
relevance,5,mistral:7b,liberal,1.0,purity
relevance,5,mistral:7b,liberal,1.0,purity
relevance,5,mistral:7b,liberal,1.0,purity
relevance,5,mistral:7b,liberal,1.0,purity
relevance,5,mistral:7b,liberal,1.0,purity
relevance,5,mistral:7b,liberal,1.0,purity
relevance,5,mistral:7b,liberal,1.0,purity
relevance,5,mistral:7b,liberal,1.0,purity
relevance,5,mistral:7b,liberal,1.0,purity
relevance,5,mistral:7b,liberal,1.0,purity
relevance,5,mistral:7b,liberal,1.0,purity
relevance,5,mistral:7b,liberal,1.0,purity
relevance,5,mistral:7b,liberal,1.0,purity
relevance,5,mistral:7b,liberal,1.0,purity
relevance,5,mistral:7b,liberal,1.0,purity
relevance,5,mistral:7b,liberal,1.0,purity
relevance,5,mistral:7b,liberal,1.0,purity
relevance,5,mistral:7b,liberal,1.0,purity
relevance,5,mixtral:8x22b,conservative,5.0,purity
relevance,5,mixtral:8x22b,conservative,4.0,purity
relevance,5,mixtral:8x22b,conservative,4.0,purity
relevance,5,mixtral:8x22b,conservative,4.0,purity
relevance,5,mixtral:8x22b,conservative,4.0,purity
relevance,5,mixtral:8x22b,conservative,5.0,purity
relevance,5,mixtral:8x22b,conservative,5.0,purity
relevance,5,mixtral:8x22b,conservative,4.0,purity
relevance,5,mixtral:8x22b,conservative,4.0,purity
relevance,5,mixtral:8x22b,conservative,4.0,purity
relevance,5,mixtral:8x22b,conservative,4.0,purity
relevance,5,mixtral:8x22b,conservative,5.0,purity
relevance,5,mixtral:8x22b,conservative,4.0,purity
relevance,5,mixtral:8x22b,conservative,4.0,purity
relevance,5,mixtral:8x22b,conservative,5.0,purity
relevance,5,mixtral:8x22b,conservative,4.0,purity
relevance,5,mixtral:8x22b,conservative,4.0,purity
relevance,5,mixtral:8x22b,conservative,5.0,purity
relevance,5,mixtral:8x22b,conservative,4.0,purity
relevance,5,mixtral:8x22b,conservative,4.0,purity
relevance,5,mixtral:8x22b,conservative,4.0,purity
relevance,5,mixtral:8x22b,conservative,4.0,purity
relevance,5,mixtral:8x22b,conservative,5.0,purity
relevance,5,mixtral:8x22b,conservative,4.0,purity
relevance,5,mixtral:8x22b,conservative,5.0,purity
relevance,5,mixtral:8x22b,conservative,5.0,purity
relevance,5,mixtral:8x22b,conservative,4.0,purity
relevance,5,mixtral:8x22b,conservative,5.0,purity
relevance,5,mixtral:8x22b,conservative,5.0,purity
relevance,5,mixtral:8x22b,conservative,5.0,purity
relevance,5,mixtral:8x22b,conservative,4.0,purity
relevance,5,mixtral:8x22b,conservative,4.0,purity
relevance,5,mixtral:8x22b,conservative,4.0,purity
relevance,5,mixtral:8x22b,conservative,4.0,purity
relevance,5,mixtral:8x22b,conservative,5.0,purity
relevance,5,mixtral:8x22b,conservative,4.0,purity
relevance,5,mixtral:8x22b,conservative,4.0,purity
relevance,5,mixtral:8x22b,conservative,4.0,purity
relevance,5,mixtral:8x22b,conservative,4.0,purity
relevance,5,mixtral:8x22b,conservative,5.0,purity
relevance,5,mixtral:8x22b,conservative,4.0,purity
relevance,5,mixtral:8x22b,conservative,4.0,purity
relevance,5,mixtral:8x22b,conservative,4.0,purity
relevance,5,mixtral:8x22b,conservative,4.0,purity
relevance,5,mixtral:8x22b,conservative,4.0,purity
relevance,5,mixtral:8x22b,conservative,4.0,purity
relevance,5,mixtral:8x22b,conservative,4.0,purity
relevance,5,mixtral:8x22b,conservative,4.0,purity
relevance,5,mixtral:8x22b,conservative,4.0,purity
relevance,5,mixtral:8x22b,conservative,4.0,purity
relevance,5,mixtral:8x22b,moderate,2.0,purity
relevance,5,mixtral:8x22b,moderate,3.0,purity
relevance,5,mixtral:8x22b,moderate,3.0,purity
relevance,5,mixtral:8x22b,moderate,3.0,purity
relevance,5,mixtral:8x22b,moderate,3.0,purity
relevance,5,mixtral:8x22b,moderate,3.0,purity
relevance,5,mixtral:8x22b,moderate,3.0,purity
relevance,5,mixtral:8x22b,moderate,3.0,purity
relevance,5,mixtral:8x22b,moderate,3.0,purity
relevance,5,mixtral:8x22b,moderate,3.0,purity
relevance,5,mixtral:8x22b,moderate,3.0,purity
relevance,5,mixtral:8x22b,moderate,3.0,purity
relevance,5,mixtral:8x22b,moderate,3.0,purity
relevance,5,mixtral:8x22b,moderate,3.0,purity
relevance,5,mixtral:8x22b,moderate,3.0,purity
relevance,5,mixtral:8x22b,moderate,3.0,purity
relevance,5,mixtral:8x22b,moderate,2.0,purity
relevance,5,mixtral:8x22b,moderate,3.0,purity
relevance,5,mixtral:8x22b,moderate,3.0,purity
relevance,5,mixtral:8x22b,moderate,3.0,purity
relevance,5,mixtral:8x22b,moderate,3.0,purity
relevance,5,mixtral:8x22b,moderate,3.0,purity
relevance,5,mixtral:8x22b,moderate,3.0,purity
relevance,5,mixtral:8x22b,moderate,3.0,purity
relevance,5,mixtral:8x22b,moderate,3.0,purity
relevance,5,mixtral:8x22b,moderate,3.0,purity
relevance,5,mixtral:8x22b,moderate,3.0,purity
relevance,5,mixtral:8x22b,moderate,3.0,purity
relevance,5,mixtral:8x22b,moderate,3.0,purity
relevance,5,mixtral:8x22b,moderate,3.0,purity
relevance,5,mixtral:8x22b,moderate,3.0,purity
relevance,5,mixtral:8x22b,moderate,3.0,purity
relevance,5,mixtral:8x22b,moderate,3.0,purity
relevance,5,mixtral:8x22b,moderate,3.0,purity
relevance,5,mixtral:8x22b,moderate,2.0,purity
relevance,5,mixtral:8x22b,moderate,3.0,purity
relevance,5,mixtral:8x22b,moderate,3.0,purity
relevance,5,mixtral:8x22b,moderate,3.0,purity
relevance,5,mixtral:8x22b,moderate,3.0,purity
relevance,5,mixtral:8x22b,moderate,3.0,purity
relevance,5,mixtral:8x22b,moderate,3.0,purity
relevance,5,mixtral:8x22b,moderate,3.0,purity
relevance,5,mixtral:8x22b,moderate,3.0,purity
relevance,5,mixtral:8x22b,moderate,3.0,purity
relevance,5,mixtral:8x22b,moderate,3.0,purity
relevance,5,mixtral:8x22b,moderate,3.0,purity
relevance,5,mixtral:8x22b,moderate,3.0,purity
relevance,5,mixtral:8x22b,moderate,3.0,purity
relevance,5,mixtral:8x22b,moderate,3.0,purity
relevance,5,mixtral:8x22b,moderate,3.0,purity
relevance,5,mixtral:8x22b,liberal,4.0,purity
relevance,5,mixtral:8x22b,liberal,4.0,purity
relevance,5,mixtral:8x22b,liberal,4.0,purity
relevance,5,mixtral:8x22b,liberal,4.0,purity
relevance,5,mixtral:8x22b,liberal,4.0,purity
relevance,5,mixtral:8x22b,liberal,4.0,purity
relevance,5,mixtral:8x22b,liberal,4.0,purity
relevance,5,mixtral:8x22b,liberal,4.0,purity
relevance,5,mixtral:8x22b,liberal,4.0,purity
relevance,5,mixtral:8x22b,liberal,4.0,purity
relevance,5,mixtral:8x22b,liberal,4.0,purity
relevance,5,mixtral:8x22b,liberal,4.0,purity
relevance,5,mixtral:8x22b,liberal,4.0,purity
relevance,5,mixtral:8x22b,liberal,4.0,purity
relevance,5,mixtral:8x22b,liberal,4.0,purity
relevance,5,mixtral:8x22b,liberal,4.0,purity
relevance,5,mixtral:8x22b,liberal,4.0,purity
relevance,5,mixtral:8x22b,liberal,4.0,purity
relevance,5,mixtral:8x22b,liberal,4.0,purity
relevance,5,mixtral:8x22b,liberal,4.0,purity
relevance,5,mixtral:8x22b,liberal,4.0,purity
relevance,5,mixtral:8x22b,liberal,4.0,purity
relevance,5,mixtral:8x22b,liberal,4.0,purity
relevance,5,mixtral:8x22b,liberal,4.0,purity
relevance,5,mixtral:8x22b,liberal,4.0,purity
relevance,5,mixtral:8x22b,liberal,4.0,purity
relevance,5,mixtral:8x22b,liberal,4.0,purity
relevance,5,mixtral:8x22b,liberal,4.0,purity
relevance,5,mixtral:8x22b,liberal,4.0,purity
relevance,5,mixtral:8x22b,liberal,4.0,purity
relevance,5,mixtral:8x22b,liberal,4.0,purity
relevance,5,mixtral:8x22b,liberal,4.0,purity
relevance,5,mixtral:8x22b,liberal,4.0,purity
relevance,5,mixtral:8x22b,liberal,4.0,purity
relevance,5,mixtral:8x22b,liberal,4.0,purity
relevance,5,mixtral:8x22b,liberal,4.0,purity
relevance,5,mixtral:8x22b,liberal,4.0,purity
relevance,5,mixtral:8x22b,liberal,4.0,purity
relevance,5,mixtral:8x22b,liberal,4.0,purity
relevance,5,mixtral:8x22b,liberal,4.0,purity
relevance,5,mixtral:8x22b,liberal,4.0,purity
relevance,5,mixtral:8x22b,liberal,4.0,purity
relevance,5,mixtral:8x22b,liberal,4.0,purity
relevance,5,mixtral:8x22b,liberal,4.0,purity
relevance,5,mixtral:8x22b,liberal,4.0,purity
relevance,5,mixtral:8x22b,liberal,4.0,purity
relevance,5,mixtral:8x22b,liberal,4.0,purity
relevance,5,mixtral:8x22b,liberal,4.0,purity
relevance,5,mixtral:8x22b,liberal,4.0,purity
relevance,5,mixtral:8x22b,liberal,4.0,purity
relevance,5,mixtral:8x7b,conservative,4.0,purity
relevance,5,mixtral:8x7b,conservative,4.0,purity
relevance,5,mixtral:8x7b,conservative,4.0,purity
relevance,5,mixtral:8x7b,conservative,4.0,purity
relevance,5,mixtral:8x7b,conservative,4.0,purity
relevance,5,mixtral:8x7b,conservative,4.0,purity
relevance,5,mixtral:8x7b,conservative,4.0,purity
relevance,5,mixtral:8x7b,conservative,4.0,purity
relevance,5,mixtral:8x7b,conservative,4.0,purity
relevance,5,mixtral:8x7b,conservative,4.0,purity
relevance,5,mixtral:8x7b,conservative,4.0,purity
relevance,5,mixtral:8x7b,conservative,4.0,purity
relevance,5,mixtral:8x7b,conservative,4.0,purity
relevance,5,mixtral:8x7b,conservative,4.0,purity
relevance,5,mixtral:8x7b,conservative,4.0,purity
relevance,5,mixtral:8x7b,conservative,4.0,purity
relevance,5,mixtral:8x7b,conservative,4.0,purity
relevance,5,mixtral:8x7b,conservative,4.0,purity
relevance,5,mixtral:8x7b,conservative,4.0,purity
relevance,5,mixtral:8x7b,conservative,4.0,purity
relevance,5,mixtral:8x7b,conservative,4.0,purity
relevance,5,mixtral:8x7b,conservative,4.0,purity
relevance,5,mixtral:8x7b,conservative,4.0,purity
relevance,5,mixtral:8x7b,conservative,4.0,purity
relevance,5,mixtral:8x7b,conservative,4.0,purity
relevance,5,mixtral:8x7b,conservative,4.0,purity
relevance,5,mixtral:8x7b,conservative,4.0,purity
relevance,5,mixtral:8x7b,conservative,4.0,purity
relevance,5,mixtral:8x7b,conservative,4.0,purity
relevance,5,mixtral:8x7b,conservative,4.0,purity
relevance,5,mixtral:8x7b,conservative,4.0,purity
relevance,5,mixtral:8x7b,conservative,4.0,purity
relevance,5,mixtral:8x7b,conservative,4.0,purity
relevance,5,mixtral:8x7b,conservative,4.0,purity
relevance,5,mixtral:8x7b,conservative,4.0,purity
relevance,5,mixtral:8x7b,conservative,4.0,purity
relevance,5,mixtral:8x7b,conservative,4.0,purity
relevance,5,mixtral:8x7b,conservative,4.0,purity
relevance,5,mixtral:8x7b,conservative,4.0,purity
relevance,5,mixtral:8x7b,conservative,4.0,purity
relevance,5,mixtral:8x7b,conservative,4.0,purity
relevance,5,mixtral:8x7b,conservative,4.0,purity
relevance,5,mixtral:8x7b,conservative,4.0,purity
relevance,5,mixtral:8x7b,conservative,4.0,purity
relevance,5,mixtral:8x7b,conservative,4.0,purity
relevance,5,mixtral:8x7b,conservative,4.0,purity
relevance,5,mixtral:8x7b,conservative,4.0,purity
relevance,5,mixtral:8x7b,conservative,4.0,purity
relevance,5,mixtral:8x7b,conservative,4.0,purity
relevance,5,mixtral:8x7b,conservative,4.0,purity
relevance,5,mixtral:8x7b,moderate,2.0,purity
relevance,5,mixtral:8x7b,moderate,2.0,purity
relevance,5,mixtral:8x7b,moderate,2.0,purity
relevance,5,mixtral:8x7b,moderate,2.0,purity
relevance,5,mixtral:8x7b,moderate,2.0,purity
relevance,5,mixtral:8x7b,moderate,2.0,purity
relevance,5,mixtral:8x7b,moderate,2.0,purity
relevance,5,mixtral:8x7b,moderate,2.0,purity
relevance,5,mixtral:8x7b,moderate,2.0,purity
relevance,5,mixtral:8x7b,moderate,2.0,purity
relevance,5,mixtral:8x7b,moderate,2.0,purity
relevance,5,mixtral:8x7b,moderate,2.0,purity
relevance,5,mixtral:8x7b,moderate,2.0,purity
relevance,5,mixtral:8x7b,moderate,2.0,purity
relevance,5,mixtral:8x7b,moderate,2.0,purity
relevance,5,mixtral:8x7b,moderate,2.0,purity
relevance,5,mixtral:8x7b,moderate,2.0,purity
relevance,5,mixtral:8x7b,moderate,2.0,purity
relevance,5,mixtral:8x7b,moderate,2.0,purity
relevance,5,mixtral:8x7b,moderate,2.0,purity
relevance,5,mixtral:8x7b,moderate,2.0,purity
relevance,5,mixtral:8x7b,moderate,2.0,purity
relevance,5,mixtral:8x7b,moderate,2.0,purity
relevance,5,mixtral:8x7b,moderate,2.0,purity
relevance,5,mixtral:8x7b,moderate,2.0,purity
relevance,5,mixtral:8x7b,moderate,2.0,purity
relevance,5,mixtral:8x7b,moderate,2.0,purity
relevance,5,mixtral:8x7b,moderate,2.0,purity
relevance,5,mixtral:8x7b,moderate,2.0,purity
relevance,5,mixtral:8x7b,moderate,2.0,purity
relevance,5,mixtral:8x7b,moderate,2.0,purity
relevance,5,mixtral:8x7b,moderate,2.0,purity
relevance,5,mixtral:8x7b,moderate,2.0,purity
relevance,5,mixtral:8x7b,moderate,2.0,purity
relevance,5,mixtral:8x7b,moderate,2.0,purity
relevance,5,mixtral:8x7b,moderate,2.0,purity
relevance,5,mixtral:8x7b,moderate,2.0,purity
relevance,5,mixtral:8x7b,moderate,2.0,purity
relevance,5,mixtral:8x7b,moderate,2.0,purity
relevance,5,mixtral:8x7b,moderate,2.0,purity
relevance,5,mixtral:8x7b,moderate,2.0,purity
relevance,5,mixtral:8x7b,moderate,2.0,purity
relevance,5,mixtral:8x7b,moderate,2.0,purity
relevance,5,mixtral:8x7b,moderate,2.0,purity
relevance,5,mixtral:8x7b,moderate,2.0,purity
relevance,5,mixtral:8x7b,moderate,2.0,purity
relevance,5,mixtral:8x7b,moderate,2.0,purity
relevance,5,mixtral:8x7b,moderate,2.0,purity
relevance,5,mixtral:8x7b,moderate,2.0,purity
relevance,5,mixtral:8x7b,moderate,2.0,purity
relevance,5,mixtral:8x7b,liberal,2.0,purity
relevance,5,mixtral:8x7b,liberal,2.0,purity
relevance,5,mixtral:8x7b,liberal,2.0,purity
relevance,5,mixtral:8x7b,liberal,2.0,purity
relevance,5,mixtral:8x7b,liberal,2.0,purity
relevance,5,mixtral:8x7b,liberal,2.0,purity
relevance,5,mixtral:8x7b,liberal,2.0,purity
relevance,5,mixtral:8x7b,liberal,2.0,purity
relevance,5,mixtral:8x7b,liberal,2.0,purity
relevance,5,mixtral:8x7b,liberal,2.0,purity
relevance,5,mixtral:8x7b,liberal,2.0,purity
relevance,5,mixtral:8x7b,liberal,2.0,purity
relevance,5,mixtral:8x7b,liberal,2.0,purity
relevance,5,mixtral:8x7b,liberal,2.0,purity
relevance,5,mixtral:8x7b,liberal,2.0,purity
relevance,5,mixtral:8x7b,liberal,2.0,purity
relevance,5,mixtral:8x7b,liberal,2.0,purity
relevance,5,mixtral:8x7b,liberal,2.0,purity
relevance,5,mixtral:8x7b,liberal,2.0,purity
relevance,5,mixtral:8x7b,liberal,2.0,purity
relevance,5,mixtral:8x7b,liberal,2.0,purity
relevance,5,mixtral:8x7b,liberal,2.0,purity
relevance,5,mixtral:8x7b,liberal,2.0,purity
relevance,5,mixtral:8x7b,liberal,2.0,purity
relevance,5,mixtral:8x7b,liberal,2.0,purity
relevance,5,mixtral:8x7b,liberal,1.0,purity
relevance,5,mixtral:8x7b,liberal,2.0,purity
relevance,5,mixtral:8x7b,liberal,2.0,purity
relevance,5,mixtral:8x7b,liberal,2.0,purity
relevance,5,mixtral:8x7b,liberal,2.0,purity
relevance,5,mixtral:8x7b,liberal,2.0,purity
relevance,5,mixtral:8x7b,liberal,2.0,purity
relevance,5,mixtral:8x7b,liberal,2.0,purity
relevance,5,mixtral:8x7b,liberal,1.0,purity
relevance,5,mixtral:8x7b,liberal,2.0,purity
relevance,5,mixtral:8x7b,liberal,2.0,purity
relevance,5,mixtral:8x7b,liberal,2.0,purity
relevance,5,mixtral:8x7b,liberal,2.0,purity
relevance,5,mixtral:8x7b,liberal,2.0,purity
relevance,5,mixtral:8x7b,liberal,2.0,purity
relevance,5,mixtral:8x7b,liberal,2.0,purity
relevance,5,mixtral:8x7b,liberal,2.0,purity
relevance,5,mixtral:8x7b,liberal,1.0,purity
relevance,5,mixtral:8x7b,liberal,2.0,purity
relevance,5,mixtral:8x7b,liberal,2.0,purity
relevance,5,mixtral:8x7b,liberal,2.0,purity
relevance,5,mixtral:8x7b,liberal,2.0,purity
relevance,5,mixtral:8x7b,liberal,2.0,purity
relevance,5,mixtral:8x7b,liberal,2.0,purity
relevance,5,mixtral:8x7b,liberal,2.0,purity
relevance,5,phi3:14b,conservative,4.0,purity
relevance,5,phi3:14b,conservative,4.0,purity
relevance,5,phi3:14b,conservative,4.0,purity
relevance,5,phi3:14b,conservative,4.0,purity
relevance,5,phi3:14b,conservative,4.0,purity
relevance,5,phi3:14b,conservative,5.0,purity
relevance,5,phi3:14b,conservative,4.0,purity
relevance,5,phi3:14b,conservative,4.0,purity
relevance,5,phi3:14b,conservative,5.0,purity
relevance,5,phi3:14b,conservative,5.0,purity
relevance,5,phi3:14b,conservative,4.0,purity
relevance,5,phi3:14b,conservative,5.0,purity
relevance,5,phi3:14b,conservative,4.0,purity
relevance,5,phi3:14b,conservative,5.0,purity
relevance,5,phi3:14b,conservative,4.0,purity
relevance,5,phi3:14b,conservative,4.0,purity
relevance,5,phi3:14b,conservative,4.0,purity
relevance,5,phi3:14b,conservative,5.0,purity
relevance,5,phi3:14b,conservative,5.0,purity
relevance,5,phi3:14b,conservative,4.0,purity
relevance,5,phi3:14b,conservative,4.0,purity
relevance,5,phi3:14b,conservative,5.0,purity
relevance,5,phi3:14b,conservative,4.0,purity
relevance,5,phi3:14b,conservative,4.0,purity
relevance,5,phi3:14b,conservative,4.0,purity
relevance,5,phi3:14b,conservative,4.0,purity
relevance,5,phi3:14b,conservative,4.0,purity
relevance,5,phi3:14b,conservative,4.0,purity
relevance,5,phi3:14b,conservative,4.0,purity
relevance,5,phi3:14b,conservative,4.0,purity
relevance,5,phi3:14b,conservative,4.0,purity
relevance,5,phi3:14b,conservative,4.0,purity
relevance,5,phi3:14b,conservative,5.0,purity
relevance,5,phi3:14b,conservative,4.0,purity
relevance,5,phi3:14b,conservative,4.0,purity
relevance,5,phi3:14b,conservative,4.0,purity
relevance,5,phi3:14b,conservative,5.0,purity
relevance,5,phi3:14b,conservative,5.0,purity
relevance,5,phi3:14b,conservative,5.0,purity
relevance,5,phi3:14b,conservative,5.0,purity
relevance,5,phi3:14b,conservative,4.0,purity
relevance,5,phi3:14b,conservative,5.0,purity
relevance,5,phi3:14b,conservative,5.0,purity
relevance,5,phi3:14b,conservative,4.0,purity
relevance,5,phi3:14b,conservative,5.0,purity
relevance,5,phi3:14b,conservative,4.0,purity
relevance,5,phi3:14b,conservative,5.0,purity
relevance,5,phi3:14b,conservative,4.0,purity
relevance,5,phi3:14b,conservative,4.0,purity
relevance,5,phi3:14b,conservative,4.0,purity
relevance,5,phi3:14b,moderate,4.0,purity
relevance,5,phi3:14b,moderate,4.0,purity
relevance,5,phi3:14b,moderate,4.0,purity
relevance,5,phi3:14b,moderate,4.0,purity
relevance,5,phi3:14b,moderate,4.0,purity
relevance,5,phi3:14b,moderate,4.0,purity
relevance,5,phi3:14b,moderate,5.0,purity
relevance,5,phi3:14b,moderate,4.0,purity
relevance,5,phi3:14b,moderate,5.0,purity
relevance,5,phi3:14b,moderate,4.0,purity
relevance,5,phi3:14b,moderate,5.0,purity
relevance,5,phi3:14b,moderate,4.0,purity
relevance,5,phi3:14b,moderate,4.0,purity
relevance,5,phi3:14b,moderate,4.0,purity
relevance,5,phi3:14b,moderate,4.0,purity
relevance,5,phi3:14b,moderate,4.0,purity
relevance,5,phi3:14b,moderate,5.0,purity
relevance,5,phi3:14b,moderate,4.0,purity
relevance,5,phi3:14b,moderate,4.0,purity
relevance,5,phi3:14b,moderate,4.0,purity
relevance,5,phi3:14b,moderate,4.0,purity
relevance,5,phi3:14b,moderate,4.0,purity
relevance,5,phi3:14b,moderate,5.0,purity
relevance,5,phi3:14b,moderate,5.0,purity
relevance,5,phi3:14b,moderate,4.0,purity
relevance,5,phi3:14b,moderate,5.0,purity
relevance,5,phi3:14b,moderate,4.0,purity
relevance,5,phi3:14b,moderate,4.0,purity
relevance,5,phi3:14b,moderate,5.0,purity
relevance,5,phi3:14b,moderate,4.0,purity
relevance,5,phi3:14b,moderate,4.0,purity
relevance,5,phi3:14b,moderate,5.0,purity
relevance,5,phi3:14b,moderate,5.0,purity
relevance,5,phi3:14b,moderate,5.0,purity
relevance,5,phi3:14b,moderate,5.0,purity
relevance,5,phi3:14b,moderate,4.0,purity
relevance,5,phi3:14b,moderate,5.0,purity
relevance,5,phi3:14b,moderate,4.0,purity
relevance,5,phi3:14b,moderate,4.0,purity
relevance,5,phi3:14b,moderate,4.0,purity
relevance,5,phi3:14b,moderate,5.0,purity
relevance,5,phi3:14b,moderate,5.0,purity
relevance,5,phi3:14b,moderate,4.0,purity
relevance,5,phi3:14b,moderate,4.0,purity
relevance,5,phi3:14b,moderate,4.0,purity
relevance,5,phi3:14b,moderate,4.0,purity
relevance,5,phi3:14b,moderate,4.0,purity
relevance,5,phi3:14b,moderate,5.0,purity
relevance,5,phi3:14b,moderate,4.0,purity
relevance,5,phi3:14b,moderate,5.0,purity
relevance,5,phi3:14b,liberal,4.0,purity
relevance,5,phi3:14b,liberal,5.0,purity
relevance,5,phi3:14b,liberal,4.0,purity
relevance,5,phi3:14b,liberal,4.0,purity
relevance,5,phi3:14b,liberal,4.0,purity
relevance,5,phi3:14b,liberal,4.0,purity
relevance,5,phi3:14b,liberal,4.0,purity
relevance,5,phi3:14b,liberal,4.0,purity
relevance,5,phi3:14b,liberal,5.0,purity
relevance,5,phi3:14b,liberal,4.0,purity
relevance,5,phi3:14b,liberal,4.0,purity
relevance,5,phi3:14b,liberal,5.0,purity
relevance,5,phi3:14b,liberal,4.0,purity
relevance,5,phi3:14b,liberal,5.0,purity
relevance,5,phi3:14b,liberal,4.0,purity
relevance,5,phi3:14b,liberal,4.0,purity
relevance,5,phi3:14b,liberal,4.0,purity
relevance,5,phi3:14b,liberal,5.0,purity
relevance,5,phi3:14b,liberal,4.0,purity
relevance,5,phi3:14b,liberal,5.0,purity
relevance,5,phi3:14b,liberal,4.0,purity
relevance,5,phi3:14b,liberal,4.0,purity
relevance,5,phi3:14b,liberal,4.0,purity
relevance,5,phi3:14b,liberal,4.0,purity
relevance,5,phi3:14b,liberal,4.0,purity
relevance,5,phi3:14b,liberal,5.0,purity
relevance,5,phi3:14b,liberal,4.0,purity
relevance,5,phi3:14b,liberal,4.0,purity
relevance,5,phi3:14b,liberal,4.0,purity
relevance,5,phi3:14b,liberal,5.0,purity
relevance,5,phi3:14b,liberal,4.0,purity
relevance,5,phi3:14b,liberal,5.0,purity
relevance,5,phi3:14b,liberal,5.0,purity
relevance,5,phi3:14b,liberal,5.0,purity
relevance,5,phi3:14b,liberal,4.0,purity
relevance,5,phi3:14b,liberal,4.0,purity
relevance,5,phi3:14b,liberal,4.0,purity
relevance,5,phi3:14b,liberal,5.0,purity
relevance,5,phi3:14b,liberal,4.0,purity
relevance,5,phi3:14b,liberal,4.0,purity
relevance,5,phi3:14b,liberal,4.0,purity
relevance,5,phi3:14b,liberal,4.0,purity
relevance,5,phi3:14b,liberal,4.0,purity
relevance,5,phi3:14b,liberal,4.0,purity
relevance,5,phi3:14b,liberal,4.0,purity
relevance,5,phi3:14b,liberal,4.0,purity
relevance,5,phi3:14b,liberal,5.0,purity
relevance,5,phi3:14b,liberal,4.0,purity
relevance,5,phi3:14b,liberal,4.0,purity
relevance,5,phi3:14b,liberal,4.0,purity
relevance,5,gemma:7b,conservative,3.0,purity
relevance,5,gemma:7b,conservative,3.0,purity
relevance,5,gemma:7b,conservative,3.0,purity
relevance,5,gemma:7b,conservative,3.0,purity
relevance,5,gemma:7b,conservative,3.0,purity
relevance,5,gemma:7b,conservative,3.0,purity
relevance,5,gemma:7b,conservative,3.0,purity
relevance,5,gemma:7b,conservative,3.0,purity
relevance,5,gemma:7b,conservative,3.0,purity
relevance,5,gemma:7b,conservative,3.0,purity
relevance,5,gemma:7b,conservative,3.0,purity
relevance,5,gemma:7b,conservative,3.0,purity
relevance,5,gemma:7b,conservative,3.0,purity
relevance,5,gemma:7b,conservative,3.0,purity
relevance,5,gemma:7b,conservative,3.0,purity
relevance,5,gemma:7b,conservative,3.0,purity
relevance,5,gemma:7b,conservative,3.0,purity
relevance,5,gemma:7b,conservative,3.0,purity
relevance,5,gemma:7b,conservative,3.0,purity
relevance,5,gemma:7b,conservative,3.0,purity
relevance,5,gemma:7b,conservative,3.0,purity
relevance,5,gemma:7b,conservative,3.0,purity
relevance,5,gemma:7b,conservative,3.0,purity
relevance,5,gemma:7b,conservative,3.0,purity
relevance,5,gemma:7b,conservative,3.0,purity
relevance,5,gemma:7b,conservative,3.0,purity
relevance,5,gemma:7b,conservative,3.0,purity
relevance,5,gemma:7b,conservative,3.0,purity
relevance,5,gemma:7b,conservative,3.0,purity
relevance,5,gemma:7b,conservative,3.0,purity
relevance,5,gemma:7b,conservative,3.0,purity
relevance,5,gemma:7b,conservative,3.0,purity
relevance,5,gemma:7b,conservative,3.0,purity
relevance,5,gemma:7b,conservative,3.0,purity
relevance,5,gemma:7b,conservative,3.0,purity
relevance,5,gemma:7b,conservative,3.0,purity
relevance,5,gemma:7b,conservative,3.0,purity
relevance,5,gemma:7b,conservative,3.0,purity
relevance,5,gemma:7b,conservative,3.0,purity
relevance,5,gemma:7b,conservative,3.0,purity
relevance,5,gemma:7b,conservative,3.0,purity
relevance,5,gemma:7b,conservative,3.0,purity
relevance,5,gemma:7b,conservative,3.0,purity
relevance,5,gemma:7b,conservative,3.0,purity
relevance,5,gemma:7b,conservative,3.0,purity
relevance,5,gemma:7b,conservative,3.0,purity
relevance,5,gemma:7b,conservative,3.0,purity
relevance,5,gemma:7b,moderate,3.0,purity
relevance,5,gemma:7b,moderate,3.0,purity
relevance,5,gemma:7b,moderate,3.0,purity
relevance,5,gemma:7b,moderate,3.0,purity
relevance,5,gemma:7b,moderate,3.0,purity
relevance,5,gemma:7b,moderate,3.0,purity
relevance,5,gemma:7b,moderate,3.0,purity
relevance,5,gemma:7b,moderate,3.0,purity
relevance,5,gemma:7b,moderate,3.0,purity
relevance,5,gemma:7b,moderate,3.0,purity
relevance,5,gemma:7b,moderate,3.0,purity
relevance,5,gemma:7b,moderate,3.0,purity
relevance,5,gemma:7b,moderate,3.0,purity
relevance,5,gemma:7b,moderate,3.0,purity
relevance,5,gemma:7b,moderate,3.0,purity
relevance,5,gemma:7b,moderate,3.0,purity
relevance,5,gemma:7b,moderate,3.0,purity
relevance,5,gemma:7b,moderate,3.0,purity
relevance,5,gemma:7b,moderate,3.0,purity
relevance,5,gemma:7b,moderate,3.0,purity
relevance,5,gemma:7b,moderate,3.0,purity
relevance,5,gemma:7b,moderate,3.0,purity
relevance,5,gemma:7b,moderate,3.0,purity
relevance,5,gemma:7b,moderate,3.0,purity
relevance,5,gemma:7b,moderate,3.0,purity
relevance,5,gemma:7b,moderate,3.0,purity
relevance,5,gemma:7b,moderate,3.0,purity
relevance,5,gemma:7b,moderate,3.0,purity
relevance,5,gemma:7b,moderate,3.0,purity
relevance,5,gemma:7b,moderate,3.0,purity
relevance,5,gemma:7b,moderate,3.0,purity
relevance,5,gemma:7b,moderate,3.0,purity
relevance,5,gemma:7b,moderate,3.0,purity
relevance,5,gemma:7b,moderate,3.0,purity
relevance,5,gemma:7b,moderate,3.0,purity
relevance,5,gemma:7b,moderate,3.0,purity
relevance,5,gemma:7b,moderate,3.0,purity
relevance,5,gemma:7b,moderate,3.0,purity
relevance,5,gemma:7b,moderate,3.0,purity
relevance,5,gemma:7b,moderate,3.0,purity
relevance,5,gemma:7b,moderate,3.0,purity
relevance,5,gemma:7b,moderate,3.0,purity
relevance,5,gemma:7b,moderate,3.0,purity
relevance,5,gemma:7b,moderate,3.0,purity
relevance,5,gemma:7b,moderate,3.0,purity
relevance,5,gemma:7b,moderate,3.0,purity
relevance,5,gemma:7b,moderate,3.0,purity
relevance,5,gemma:7b,moderate,3.0,purity
relevance,5,gemma:7b,liberal,3.0,purity
relevance,5,gemma:7b,liberal,3.0,purity
relevance,5,gemma:7b,liberal,3.0,purity
relevance,5,gemma:7b,liberal,3.0,purity
relevance,5,gemma:7b,liberal,3.0,purity
relevance,5,gemma:7b,liberal,3.0,purity
relevance,5,gemma:7b,liberal,3.0,purity
relevance,5,gemma:7b,liberal,3.0,purity
relevance,5,gemma:7b,liberal,3.0,purity
relevance,5,gemma:7b,liberal,3.0,purity
relevance,5,gemma:7b,liberal,3.0,purity
relevance,5,gemma:7b,liberal,3.0,purity
relevance,5,gemma:7b,liberal,3.0,purity
relevance,5,gemma:7b,liberal,3.0,purity
relevance,5,gemma:7b,liberal,3.0,purity
relevance,5,gemma:7b,liberal,3.0,purity
relevance,5,gemma:7b,liberal,3.0,purity
relevance,5,gemma:7b,liberal,3.0,purity
relevance,5,gemma:7b,liberal,3.0,purity
relevance,5,gemma:7b,liberal,3.0,purity
relevance,5,gemma:7b,liberal,3.0,purity
relevance,5,gemma:7b,liberal,3.0,purity
relevance,5,gemma:7b,liberal,3.0,purity
relevance,5,gemma:7b,liberal,3.0,purity
relevance,5,gemma:7b,liberal,3.0,purity
relevance,5,gemma:7b,liberal,3.0,purity
relevance,5,gemma:7b,liberal,3.0,purity
relevance,5,gemma:7b,liberal,3.0,purity
relevance,5,gemma:7b,liberal,3.0,purity
relevance,5,gemma:7b,liberal,3.0,purity
relevance,5,gemma:7b,liberal,3.0,purity
relevance,5,gemma:7b,liberal,3.0,purity
relevance,5,gemma:7b,liberal,3.0,purity
relevance,5,gemma:7b,liberal,3.0,purity
relevance,5,gemma:7b,liberal,3.0,purity
relevance,5,gemma:7b,liberal,3.0,purity
relevance,5,gemma:7b,liberal,3.0,purity
relevance,5,gemma:7b,liberal,2.0,purity
relevance,5,gemma:7b,liberal,3.0,purity
relevance,5,gemma:7b,liberal,3.0,purity
relevance,5,gemma:7b,liberal,3.0,purity
relevance,5,gemma:7b,liberal,3.0,purity
relevance,5,gemma:7b,liberal,3.0,purity
relevance,5,gemma:7b,liberal,3.0,purity
relevance,5,gemma2:27b,conservative,4.0,purity
relevance,5,gemma2:27b,conservative,4.0,purity
relevance,5,gemma2:27b,conservative,4.0,purity
relevance,5,gemma2:27b,conservative,4.0,purity
relevance,5,gemma2:27b,conservative,4.0,purity
relevance,5,gemma2:27b,conservative,4.0,purity
relevance,5,gemma2:27b,conservative,4.0,purity
relevance,5,gemma2:27b,conservative,4.0,purity
relevance,5,gemma2:27b,conservative,4.0,purity
relevance,5,gemma2:27b,conservative,4.0,purity
relevance,5,gemma2:27b,conservative,4.0,purity
relevance,5,gemma2:27b,conservative,4.0,purity
relevance,5,gemma2:27b,conservative,4.0,purity
relevance,5,gemma2:27b,conservative,4.0,purity
relevance,5,gemma2:27b,conservative,4.0,purity
relevance,5,gemma2:27b,conservative,4.0,purity
relevance,5,gemma2:27b,conservative,4.0,purity
relevance,5,gemma2:27b,conservative,4.0,purity
relevance,5,gemma2:27b,conservative,4.0,purity
relevance,5,gemma2:27b,conservative,4.0,purity
relevance,5,gemma2:27b,conservative,4.0,purity
relevance,5,gemma2:27b,conservative,4.0,purity
relevance,5,gemma2:27b,conservative,4.0,purity
relevance,5,gemma2:27b,conservative,4.0,purity
relevance,5,gemma2:27b,conservative,4.0,purity
relevance,5,gemma2:27b,conservative,4.0,purity
relevance,5,gemma2:27b,conservative,4.0,purity
relevance,5,gemma2:27b,conservative,4.0,purity
relevance,5,gemma2:27b,conservative,4.0,purity
relevance,5,gemma2:27b,conservative,4.0,purity
relevance,5,gemma2:27b,conservative,4.0,purity
relevance,5,gemma2:27b,conservative,4.0,purity
relevance,5,gemma2:27b,conservative,4.0,purity
relevance,5,gemma2:27b,conservative,4.0,purity
relevance,5,gemma2:27b,conservative,4.0,purity
relevance,5,gemma2:27b,conservative,4.0,purity
relevance,5,gemma2:27b,conservative,4.0,purity
relevance,5,gemma2:27b,conservative,4.0,purity
relevance,5,gemma2:27b,conservative,4.0,purity
relevance,5,gemma2:27b,conservative,4.0,purity
relevance,5,gemma2:27b,conservative,4.0,purity
relevance,5,gemma2:27b,conservative,4.0,purity
relevance,5,gemma2:27b,conservative,4.0,purity
relevance,5,gemma2:27b,conservative,4.0,purity
relevance,5,gemma2:27b,conservative,4.0,purity
relevance,5,gemma2:27b,conservative,4.0,purity
relevance,5,gemma2:27b,conservative,4.0,purity
relevance,5,gemma2:27b,conservative,4.0,purity
relevance,5,gemma2:27b,conservative,4.0,purity
relevance,5,gemma2:27b,conservative,4.0,purity
relevance,5,gemma2:27b,moderate,3.0,purity
relevance,5,gemma2:27b,moderate,3.0,purity
relevance,5,gemma2:27b,moderate,3.0,purity
relevance,5,gemma2:27b,moderate,3.0,purity
relevance,5,gemma2:27b,moderate,3.0,purity
relevance,5,gemma2:27b,moderate,3.0,purity
relevance,5,gemma2:27b,moderate,3.0,purity
relevance,5,gemma2:27b,moderate,3.0,purity
relevance,5,gemma2:27b,moderate,3.0,purity
relevance,5,gemma2:27b,moderate,3.0,purity
relevance,5,gemma2:27b,moderate,3.0,purity
relevance,5,gemma2:27b,moderate,3.0,purity
relevance,5,gemma2:27b,moderate,3.0,purity
relevance,5,gemma2:27b,moderate,3.0,purity
relevance,5,gemma2:27b,moderate,3.0,purity
relevance,5,gemma2:27b,moderate,3.0,purity
relevance,5,gemma2:27b,moderate,3.0,purity
relevance,5,gemma2:27b,moderate,3.0,purity
relevance,5,gemma2:27b,moderate,3.0,purity
relevance,5,gemma2:27b,moderate,3.0,purity
relevance,5,gemma2:27b,moderate,3.0,purity
relevance,5,gemma2:27b,moderate,3.0,purity
relevance,5,gemma2:27b,moderate,3.0,purity
relevance,5,gemma2:27b,moderate,3.0,purity
relevance,5,gemma2:27b,moderate,3.0,purity
relevance,5,gemma2:27b,moderate,3.0,purity
relevance,5,gemma2:27b,moderate,3.0,purity
relevance,5,gemma2:27b,moderate,3.0,purity
relevance,5,gemma2:27b,moderate,3.0,purity
relevance,5,gemma2:27b,moderate,3.0,purity
relevance,5,gemma2:27b,moderate,3.0,purity
relevance,5,gemma2:27b,moderate,3.0,purity
relevance,5,gemma2:27b,moderate,3.0,purity
relevance,5,gemma2:27b,moderate,3.0,purity
relevance,5,gemma2:27b,moderate,3.0,purity
relevance,5,gemma2:27b,moderate,3.0,purity
relevance,5,gemma2:27b,moderate,3.0,purity
relevance,5,gemma2:27b,moderate,3.0,purity
relevance,5,gemma2:27b,moderate,3.0,purity
relevance,5,gemma2:27b,moderate,3.0,purity
relevance,5,gemma2:27b,moderate,3.0,purity
relevance,5,gemma2:27b,moderate,3.0,purity
relevance,5,gemma2:27b,moderate,3.0,purity
relevance,5,gemma2:27b,moderate,3.0,purity
relevance,5,gemma2:27b,moderate,3.0,purity
relevance,5,gemma2:27b,moderate,3.0,purity
relevance,5,gemma2:27b,moderate,3.0,purity
relevance,5,gemma2:27b,moderate,3.0,purity
relevance,5,gemma2:27b,moderate,3.0,purity
relevance,5,gemma2:27b,moderate,3.0,purity
relevance,5,gemma2:27b,liberal,2.0,purity
relevance,5,gemma2:27b,liberal,2.0,purity
relevance,5,gemma2:27b,liberal,2.0,purity
relevance,5,gemma2:27b,liberal,3.0,purity
relevance,5,gemma2:27b,liberal,2.0,purity
relevance,5,gemma2:27b,liberal,2.0,purity
relevance,5,gemma2:27b,liberal,3.0,purity
relevance,5,gemma2:27b,liberal,2.0,purity
relevance,5,gemma2:27b,liberal,2.0,purity
relevance,5,gemma2:27b,liberal,2.0,purity
relevance,5,gemma2:27b,liberal,2.0,purity
relevance,5,gemma2:27b,liberal,2.0,purity
relevance,5,gemma2:27b,liberal,2.0,purity
relevance,5,gemma2:27b,liberal,3.0,purity
relevance,5,gemma2:27b,liberal,2.0,purity
relevance,5,gemma2:27b,liberal,2.0,purity
relevance,5,gemma2:27b,liberal,2.0,purity
relevance,5,gemma2:27b,liberal,2.0,purity
relevance,5,gemma2:27b,liberal,3.0,purity
relevance,5,gemma2:27b,liberal,2.0,purity
relevance,5,gemma2:27b,liberal,2.0,purity
relevance,5,gemma2:27b,liberal,2.0,purity
relevance,5,gemma2:27b,liberal,2.0,purity
relevance,5,gemma2:27b,liberal,2.0,purity
relevance,5,gemma2:27b,liberal,2.0,purity
relevance,5,gemma2:27b,liberal,2.0,purity
relevance,5,gemma2:27b,liberal,2.0,purity
relevance,5,gemma2:27b,liberal,2.0,purity
relevance,5,gemma2:27b,liberal,2.0,purity
relevance,5,gemma2:27b,liberal,2.0,purity
relevance,5,gemma2:27b,liberal,2.0,purity
relevance,5,gemma2:27b,liberal,2.0,purity
relevance,5,gemma2:27b,liberal,3.0,purity
relevance,5,gemma2:27b,liberal,2.0,purity
relevance,5,gemma2:27b,liberal,2.0,purity
relevance,5,gemma2:27b,liberal,2.0,purity
relevance,5,gemma2:27b,liberal,2.0,purity
relevance,5,gemma2:27b,liberal,2.0,purity
relevance,5,gemma2:27b,liberal,2.0,purity
relevance,5,gemma2:27b,liberal,2.0,purity
relevance,5,gemma2:27b,liberal,2.0,purity
relevance,5,gemma2:27b,liberal,2.0,purity
relevance,5,gemma2:27b,liberal,2.0,purity
relevance,5,gemma2:27b,liberal,2.0,purity
relevance,5,gemma2:27b,liberal,2.0,purity
relevance,5,gemma2:27b,liberal,2.0,purity
relevance,5,gemma2:27b,liberal,3.0,purity
relevance,5,gemma2:27b,liberal,3.0,purity
relevance,5,gemma2:27b,liberal,2.0,purity
relevance,5,gemma2:27b,liberal,2.0,purity
relevance,5,qwen:72b,conservative,4.0,purity
relevance,5,qwen:72b,conservative,4.0,purity
relevance,5,qwen:72b,conservative,5.0,purity
relevance,5,qwen:72b,conservative,5.0,purity
relevance,5,qwen:72b,conservative,4.0,purity
relevance,5,qwen:72b,conservative,5.0,purity
relevance,5,qwen:72b,conservative,4.0,purity
relevance,5,qwen:72b,conservative,4.0,purity
relevance,5,qwen:72b,conservative,5.0,purity
relevance,5,qwen:72b,conservative,4.0,purity
relevance,5,qwen:72b,conservative,4.0,purity
relevance,5,qwen:72b,conservative,5.0,purity
relevance,5,qwen:72b,conservative,5.0,purity
relevance,5,qwen:72b,conservative,4.0,purity
relevance,5,qwen:72b,conservative,4.0,purity
relevance,5,qwen:72b,conservative,4.0,purity
relevance,5,qwen:72b,conservative,5.0,purity
relevance,5,qwen:72b,conservative,4.0,purity
relevance,5,qwen:72b,conservative,4.0,purity
relevance,5,qwen:72b,conservative,5.0,purity
relevance,5,qwen:72b,conservative,5.0,purity
relevance,5,qwen:72b,conservative,4.0,purity
relevance,5,qwen:72b,conservative,5.0,purity
relevance,5,qwen:72b,conservative,4.0,purity
relevance,5,qwen:72b,conservative,5.0,purity
relevance,5,qwen:72b,conservative,5.0,purity
relevance,5,qwen:72b,conservative,4.0,purity
relevance,5,qwen:72b,conservative,4.0,purity
relevance,5,qwen:72b,conservative,4.0,purity
relevance,5,qwen:72b,conservative,4.0,purity
relevance,5,qwen:72b,conservative,5.0,purity
relevance,5,qwen:72b,conservative,5.0,purity
relevance,5,qwen:72b,conservative,5.0,purity
relevance,5,qwen:72b,conservative,4.0,purity
relevance,5,qwen:72b,conservative,4.0,purity
relevance,5,qwen:72b,conservative,4.0,purity
relevance,5,qwen:72b,conservative,4.0,purity
relevance,5,qwen:72b,conservative,4.0,purity
relevance,5,qwen:72b,conservative,4.0,purity
relevance,5,qwen:72b,conservative,5.0,purity
relevance,5,qwen:72b,conservative,5.0,purity
relevance,5,qwen:72b,conservative,4.0,purity
relevance,5,qwen:72b,conservative,4.0,purity
relevance,5,qwen:72b,conservative,4.0,purity
relevance,5,qwen:72b,conservative,5.0,purity
relevance,5,qwen:72b,conservative,4.0,purity
relevance,5,qwen:72b,conservative,4.0,purity
relevance,5,qwen:72b,conservative,5.0,purity
relevance,5,qwen:72b,conservative,5.0,purity
relevance,5,qwen:72b,conservative,4.0,purity
relevance,5,qwen:72b,moderate,5.0,purity
relevance,5,qwen:72b,moderate,0.0,purity
relevance,5,qwen:72b,moderate,0.0,purity
relevance,5,qwen:72b,moderate,1.0,purity
relevance,5,qwen:72b,moderate,0.0,purity
relevance,5,qwen:72b,moderate,0.0,purity
relevance,5,qwen:72b,moderate,0.0,purity
relevance,5,qwen:72b,moderate,0.0,purity
relevance,5,qwen:72b,moderate,0.0,purity
relevance,5,qwen:72b,moderate,0.0,purity
relevance,5,qwen:72b,moderate,5.0,purity
relevance,5,qwen:72b,moderate,2.0,purity
relevance,5,qwen:72b,moderate,5.0,purity
relevance,5,qwen:72b,moderate,5.0,purity
relevance,5,qwen:72b,moderate,0.0,purity
relevance,5,qwen:72b,moderate,0.0,purity
relevance,5,qwen:72b,moderate,0.0,purity
relevance,5,qwen:72b,moderate,5.0,purity
relevance,5,qwen:72b,moderate,0.0,purity
relevance,5,qwen:72b,moderate,2.0,purity
relevance,5,qwen:72b,moderate,0.0,purity
relevance,5,qwen:72b,moderate,0.0,purity
relevance,5,qwen:72b,moderate,0.0,purity
relevance,5,qwen:72b,moderate,5.0,purity
relevance,5,qwen:72b,moderate,0.0,purity
relevance,5,qwen:72b,moderate,5.0,purity
relevance,5,qwen:72b,moderate,5.0,purity
relevance,5,qwen:72b,moderate,0.0,purity
relevance,5,qwen:72b,moderate,0.0,purity
relevance,5,qwen:72b,moderate,0.0,purity
relevance,5,qwen:72b,moderate,5.0,purity
relevance,5,qwen:72b,moderate,5.0,purity
relevance,5,qwen:72b,moderate,0.0,purity
relevance,5,qwen:72b,moderate,0.0,purity
relevance,5,qwen:72b,moderate,5.0,purity
relevance,5,qwen:72b,moderate,0.0,purity
relevance,5,qwen:72b,moderate,0.0,purity
relevance,5,qwen:72b,moderate,0.0,purity
relevance,5,qwen:72b,moderate,0.0,purity
relevance,5,qwen:72b,moderate,0.0,purity
relevance,5,qwen:72b,moderate,1.0,purity
relevance,5,qwen:72b,moderate,5.0,purity
relevance,5,qwen:72b,moderate,5.0,purity
relevance,5,qwen:72b,moderate,0.0,purity
relevance,5,qwen:72b,moderate,5.0,purity
relevance,5,qwen:72b,moderate,1.0,purity
relevance,5,qwen:72b,moderate,5.0,purity
relevance,5,qwen:72b,moderate,1.0,purity
relevance,5,qwen:72b,moderate,5.0,purity
relevance,5,qwen:72b,moderate,5.0,purity
relevance,5,qwen:72b,liberal,0.0,purity
relevance,5,qwen:72b,liberal,1.0,purity
relevance,5,qwen:72b,liberal,5.0,purity
relevance,5,qwen:72b,liberal,1.0,purity
relevance,5,qwen:72b,liberal,1.0,purity
relevance,5,qwen:72b,liberal,1.0,purity
relevance,5,qwen:72b,liberal,5.0,purity
relevance,5,qwen:72b,liberal,5.0,purity
relevance,5,qwen:72b,liberal,1.0,purity
relevance,5,qwen:72b,liberal,1.0,purity
relevance,5,qwen:72b,liberal,2.0,purity
relevance,5,qwen:72b,liberal,1.0,purity
relevance,5,qwen:72b,liberal,1.0,purity
relevance,5,qwen:72b,liberal,1.0,purity
relevance,5,qwen:72b,liberal,5.0,purity
relevance,5,qwen:72b,liberal,1.0,purity
relevance,5,qwen:72b,liberal,1.0,purity
relevance,5,qwen:72b,liberal,5.0,purity
relevance,5,qwen:72b,liberal,1.0,purity
relevance,5,qwen:72b,liberal,1.0,purity
relevance,5,qwen:72b,liberal,5.0,purity
relevance,5,qwen:72b,liberal,5.0,purity
relevance,5,qwen:72b,liberal,1.0,purity
relevance,5,qwen:72b,liberal,5.0,purity
relevance,5,qwen:72b,liberal,2.0,purity
relevance,5,qwen:72b,liberal,1.0,purity
relevance,5,qwen:72b,liberal,2.0,purity
relevance,5,qwen:72b,liberal,1.0,purity
relevance,5,qwen:72b,liberal,0.0,purity
relevance,5,qwen:72b,liberal,2.0,purity
relevance,5,qwen:72b,liberal,5.0,purity
relevance,5,qwen:72b,liberal,5.0,purity
relevance,5,qwen:72b,liberal,5.0,purity
relevance,5,qwen:72b,liberal,2.0,purity
relevance,5,qwen:72b,liberal,0.0,purity
relevance,5,qwen:72b,liberal,5.0,purity
relevance,5,qwen:72b,liberal,2.0,purity
relevance,5,qwen:72b,liberal,1.0,purity
relevance,5,qwen:72b,liberal,5.0,purity
relevance,5,qwen:72b,liberal,5.0,purity
relevance,5,qwen:72b,liberal,5.0,purity
relevance,5,qwen:72b,liberal,1.0,purity
relevance,5,qwen:72b,liberal,1.0,purity
relevance,5,qwen:72b,liberal,1.0,purity
relevance,5,qwen:72b,liberal,1.0,purity
relevance,5,qwen:72b,liberal,1.0,purity
relevance,5,qwen:72b,liberal,5.0,purity
relevance,5,qwen:72b,liberal,2.0,purity
relevance,5,qwen:72b,liberal,1.0,purity
relevance,5,qwen:72b,liberal,5.0,purity
relevance,5,qwen2:72b,conservative,5.0,purity
relevance,5,qwen2:72b,conservative,5.0,purity
relevance,5,qwen2:72b,conservative,5.0,purity
relevance,5,qwen2:72b,conservative,5.0,purity
relevance,5,qwen2:72b,conservative,5.0,purity
relevance,5,qwen2:72b,conservative,5.0,purity
relevance,5,qwen2:72b,conservative,5.0,purity
relevance,5,qwen2:72b,conservative,5.0,purity
relevance,5,qwen2:72b,conservative,5.0,purity
relevance,5,qwen2:72b,conservative,5.0,purity
relevance,5,qwen2:72b,conservative,5.0,purity
relevance,5,qwen2:72b,conservative,5.0,purity
relevance,5,qwen2:72b,conservative,5.0,purity
relevance,5,qwen2:72b,conservative,5.0,purity
relevance,5,qwen2:72b,conservative,5.0,purity
relevance,5,qwen2:72b,conservative,5.0,purity
relevance,5,qwen2:72b,conservative,5.0,purity
relevance,5,qwen2:72b,conservative,5.0,purity
relevance,5,qwen2:72b,conservative,5.0,purity
relevance,5,qwen2:72b,conservative,5.0,purity
relevance,5,qwen2:72b,conservative,5.0,purity
relevance,5,qwen2:72b,conservative,5.0,purity
relevance,5,qwen2:72b,conservative,5.0,purity
relevance,5,qwen2:72b,conservative,5.0,purity
relevance,5,qwen2:72b,conservative,5.0,purity
relevance,5,qwen2:72b,conservative,5.0,purity
relevance,5,qwen2:72b,conservative,5.0,purity
relevance,5,qwen2:72b,conservative,5.0,purity
relevance,5,qwen2:72b,conservative,5.0,purity
relevance,5,qwen2:72b,conservative,5.0,purity
relevance,5,qwen2:72b,conservative,5.0,purity
relevance,5,qwen2:72b,conservative,5.0,purity
relevance,5,qwen2:72b,conservative,5.0,purity
relevance,5,qwen2:72b,conservative,5.0,purity
relevance,5,qwen2:72b,conservative,5.0,purity
relevance,5,qwen2:72b,conservative,5.0,purity
relevance,5,qwen2:72b,conservative,5.0,purity
relevance,5,qwen2:72b,conservative,5.0,purity
relevance,5,qwen2:72b,conservative,5.0,purity
relevance,5,qwen2:72b,conservative,5.0,purity
relevance,5,qwen2:72b,conservative,5.0,purity
relevance,5,qwen2:72b,conservative,5.0,purity
relevance,5,qwen2:72b,conservative,5.0,purity
relevance,5,qwen2:72b,conservative,5.0,purity
relevance,5,qwen2:72b,conservative,5.0,purity
relevance,5,qwen2:72b,conservative,5.0,purity
relevance,5,qwen2:72b,conservative,5.0,purity
relevance,5,qwen2:72b,conservative,5.0,purity
relevance,5,qwen2:72b,conservative,5.0,purity
relevance,5,qwen2:72b,conservative,5.0,purity
relevance,5,qwen2:72b,moderate,4.0,purity
relevance,5,qwen2:72b,moderate,4.0,purity
relevance,5,qwen2:72b,moderate,5.0,purity
relevance,5,qwen2:72b,moderate,4.0,purity
relevance,5,qwen2:72b,moderate,4.0,purity
relevance,5,qwen2:72b,moderate,4.0,purity
relevance,5,qwen2:72b,moderate,4.0,purity
relevance,5,qwen2:72b,moderate,4.0,purity
relevance,5,qwen2:72b,moderate,4.0,purity
relevance,5,qwen2:72b,moderate,4.0,purity
relevance,5,qwen2:72b,moderate,4.0,purity
relevance,5,qwen2:72b,moderate,4.0,purity
relevance,5,qwen2:72b,moderate,5.0,purity
relevance,5,qwen2:72b,moderate,4.0,purity
relevance,5,qwen2:72b,moderate,5.0,purity
relevance,5,qwen2:72b,moderate,4.0,purity
relevance,5,qwen2:72b,moderate,4.0,purity
relevance,5,qwen2:72b,moderate,4.0,purity
relevance,5,qwen2:72b,moderate,4.0,purity
relevance,5,qwen2:72b,moderate,4.0,purity
relevance,5,qwen2:72b,moderate,4.0,purity
relevance,5,qwen2:72b,moderate,4.0,purity
relevance,5,qwen2:72b,moderate,4.0,purity
relevance,5,qwen2:72b,moderate,5.0,purity
relevance,5,qwen2:72b,moderate,5.0,purity
relevance,5,qwen2:72b,moderate,5.0,purity
relevance,5,qwen2:72b,moderate,4.0,purity
relevance,5,qwen2:72b,moderate,4.0,purity
relevance,5,qwen2:72b,moderate,4.0,purity
relevance,5,qwen2:72b,moderate,4.0,purity
relevance,5,qwen2:72b,moderate,4.0,purity
relevance,5,qwen2:72b,moderate,4.0,purity
relevance,5,qwen2:72b,moderate,5.0,purity
relevance,5,qwen2:72b,moderate,5.0,purity
relevance,5,qwen2:72b,moderate,5.0,purity
relevance,5,qwen2:72b,moderate,4.0,purity
relevance,5,qwen2:72b,moderate,4.0,purity
relevance,5,qwen2:72b,moderate,4.0,purity
relevance,5,qwen2:72b,moderate,4.0,purity
relevance,5,qwen2:72b,moderate,4.0,purity
relevance,5,qwen2:72b,moderate,4.0,purity
relevance,5,qwen2:72b,moderate,5.0,purity
relevance,5,qwen2:72b,moderate,5.0,purity
relevance,5,qwen2:72b,moderate,4.0,purity
relevance,5,qwen2:72b,moderate,5.0,purity
relevance,5,qwen2:72b,moderate,4.0,purity
relevance,5,qwen2:72b,moderate,4.0,purity
relevance,5,qwen2:72b,moderate,4.0,purity
relevance,5,qwen2:72b,moderate,4.0,purity
relevance,5,qwen2:72b,moderate,5.0,purity
relevance,5,qwen2:72b,liberal,4.0,purity
relevance,5,qwen2:72b,liberal,3.0,purity
relevance,5,qwen2:72b,liberal,4.0,purity
relevance,5,qwen2:72b,liberal,4.0,purity
relevance,5,qwen2:72b,liberal,4.0,purity
relevance,5,qwen2:72b,liberal,4.0,purity
relevance,5,qwen2:72b,liberal,3.0,purity
relevance,5,qwen2:72b,liberal,3.0,purity
relevance,5,qwen2:72b,liberal,4.0,purity
relevance,5,qwen2:72b,liberal,4.0,purity
relevance,5,qwen2:72b,liberal,4.0,purity
relevance,5,qwen2:72b,liberal,3.0,purity
relevance,5,qwen2:72b,liberal,4.0,purity
relevance,5,qwen2:72b,liberal,4.0,purity
relevance,5,qwen2:72b,liberal,3.0,purity
relevance,5,qwen2:72b,liberal,4.0,purity
relevance,5,qwen2:72b,liberal,4.0,purity
relevance,5,qwen2:72b,liberal,4.0,purity
relevance,5,qwen2:72b,liberal,4.0,purity
relevance,5,qwen2:72b,liberal,3.0,purity
relevance,5,qwen2:72b,liberal,4.0,purity
relevance,5,qwen2:72b,liberal,3.0,purity
relevance,5,qwen2:72b,liberal,4.0,purity
relevance,5,qwen2:72b,liberal,4.0,purity
relevance,5,qwen2:72b,liberal,3.0,purity
relevance,5,qwen2:72b,liberal,3.0,purity
relevance,5,qwen2:72b,liberal,3.0,purity
relevance,5,qwen2:72b,liberal,4.0,purity
relevance,5,qwen2:72b,liberal,3.0,purity
relevance,5,qwen2:72b,liberal,3.0,purity
relevance,5,qwen2:72b,liberal,3.0,purity
relevance,5,qwen2:72b,liberal,4.0,purity
relevance,5,qwen2:72b,liberal,4.0,purity
relevance,5,qwen2:72b,liberal,3.0,purity
relevance,5,qwen2:72b,liberal,4.0,purity
relevance,5,qwen2:72b,liberal,4.0,purity
relevance,5,qwen2:72b,liberal,2.0,purity
relevance,5,qwen2:72b,liberal,4.0,purity
relevance,5,qwen2:72b,liberal,4.0,purity
relevance,5,qwen2:72b,liberal,3.0,purity
relevance,5,qwen2:72b,liberal,4.0,purity
relevance,5,qwen2:72b,liberal,2.0,purity
relevance,5,qwen2:72b,liberal,4.0,purity
relevance,5,qwen2:72b,liberal,4.0,purity
relevance,5,qwen2:72b,liberal,4.0,purity
relevance,5,qwen2:72b,liberal,4.0,purity
relevance,5,qwen2:72b,liberal,4.0,purity
relevance,5,qwen2:72b,liberal,4.0,purity
relevance,5,qwen2:72b,liberal,3.0,purity
relevance,5,qwen2:72b,liberal,4.0,purity
relevance,6,llama3.1:8b,conservative,0.0,catch
relevance,6,llama3.1:8b,conservative,0.0,catch
relevance,6,llama3.1:8b,conservative,1.0,catch
relevance,6,llama3.1:8b,conservative,0.0,catch
relevance,6,llama3.1:8b,conservative,0.0,catch
relevance,6,llama3.1:8b,conservative,0.0,catch
relevance,6,llama3.1:8b,conservative,0.0,catch
relevance,6,llama3.1:8b,conservative,1.0,catch
relevance,6,llama3.1:8b,conservative,0.0,catch
relevance,6,llama3.1:8b,conservative,0.0,catch
relevance,6,llama3.1:8b,conservative,0.0,catch
relevance,6,llama3.1:8b,conservative,0.0,catch
relevance,6,llama3.1:8b,conservative,0.0,catch
relevance,6,llama3.1:8b,conservative,0.0,catch
relevance,6,llama3.1:8b,conservative,0.0,catch
relevance,6,llama3.1:8b,conservative,0.0,catch
relevance,6,llama3.1:8b,conservative,0.0,catch
relevance,6,llama3.1:8b,conservative,0.0,catch
relevance,6,llama3.1:8b,conservative,1.0,catch
relevance,6,llama3.1:8b,conservative,0.0,catch
relevance,6,llama3.1:8b,conservative,0.0,catch
relevance,6,llama3.1:8b,conservative,0.0,catch
relevance,6,llama3.1:8b,conservative,0.0,catch
relevance,6,llama3.1:8b,conservative,0.0,catch
relevance,6,llama3.1:8b,conservative,0.0,catch
relevance,6,llama3.1:8b,conservative,0.0,catch
relevance,6,llama3.1:8b,conservative,0.0,catch
relevance,6,llama3.1:8b,conservative,1.0,catch
relevance,6,llama3.1:8b,conservative,0.0,catch
relevance,6,llama3.1:8b,conservative,0.0,catch
relevance,6,llama3.1:8b,conservative,0.0,catch
relevance,6,llama3.1:8b,conservative,0.0,catch
relevance,6,llama3.1:8b,conservative,0.0,catch
relevance,6,llama3.1:8b,conservative,0.0,catch
relevance,6,llama3.1:8b,conservative,0.0,catch
relevance,6,llama3.1:8b,conservative,0.0,catch
relevance,6,llama3.1:8b,conservative,0.0,catch
relevance,6,llama3.1:8b,conservative,0.0,catch
relevance,6,llama3.1:8b,conservative,0.0,catch
relevance,6,llama3.1:8b,conservative,0.0,catch
relevance,6,llama3.1:8b,conservative,0.0,catch
relevance,6,llama3.1:8b,conservative,0.0,catch
relevance,6,llama3.1:8b,conservative,0.0,catch
relevance,6,llama3.1:8b,conservative,0.0,catch
relevance,6,llama3.1:8b,conservative,0.0,catch
relevance,6,llama3.1:8b,conservative,0.0,catch
relevance,6,llama3.1:8b,conservative,0.0,catch
relevance,6,llama3.1:8b,conservative,0.0,catch
relevance,6,llama3.1:8b,conservative,1.0,catch
relevance,6,llama3.1:8b,conservative,0.0,catch
relevance,6,llama3.1:8b,moderate,0.0,catch
relevance,6,llama3.1:8b,moderate,0.0,catch
relevance,6,llama3.1:8b,moderate,0.0,catch
relevance,6,llama3.1:8b,moderate,0.0,catch
relevance,6,llama3.1:8b,moderate,1.0,catch
relevance,6,llama3.1:8b,moderate,0.0,catch
relevance,6,llama3.1:8b,moderate,0.0,catch
relevance,6,llama3.1:8b,moderate,0.0,catch
relevance,6,llama3.1:8b,moderate,0.0,catch
relevance,6,llama3.1:8b,moderate,1.0,catch
relevance,6,llama3.1:8b,moderate,0.0,catch
relevance,6,llama3.1:8b,moderate,0.0,catch
relevance,6,llama3.1:8b,moderate,0.0,catch
relevance,6,llama3.1:8b,moderate,0.0,catch
relevance,6,llama3.1:8b,moderate,0.0,catch
relevance,6,llama3.1:8b,moderate,0.0,catch
relevance,6,llama3.1:8b,moderate,0.0,catch
relevance,6,llama3.1:8b,moderate,0.0,catch
relevance,6,llama3.1:8b,moderate,0.0,catch
relevance,6,llama3.1:8b,moderate,1.0,catch
relevance,6,llama3.1:8b,moderate,0.0,catch
relevance,6,llama3.1:8b,moderate,0.0,catch
relevance,6,llama3.1:8b,moderate,0.0,catch
relevance,6,llama3.1:8b,moderate,0.0,catch
relevance,6,llama3.1:8b,moderate,1.0,catch
relevance,6,llama3.1:8b,moderate,0.0,catch
relevance,6,llama3.1:8b,moderate,0.0,catch
relevance,6,llama3.1:8b,moderate,0.0,catch
relevance,6,llama3.1:8b,moderate,0.0,catch
relevance,6,llama3.1:8b,moderate,1.0,catch
relevance,6,llama3.1:8b,moderate,0.0,catch
relevance,6,llama3.1:8b,moderate,0.0,catch
relevance,6,llama3.1:8b,moderate,0.0,catch
relevance,6,llama3.1:8b,moderate,0.0,catch
relevance,6,llama3.1:8b,moderate,0.0,catch
relevance,6,llama3.1:8b,moderate,0.0,catch
relevance,6,llama3.1:8b,moderate,0.0,catch
relevance,6,llama3.1:8b,moderate,0.0,catch
relevance,6,llama3.1:8b,moderate,0.0,catch
relevance,6,llama3.1:8b,moderate,0.0,catch
relevance,6,llama3.1:8b,moderate,0.0,catch
relevance,6,llama3.1:8b,moderate,0.0,catch
relevance,6,llama3.1:8b,moderate,0.0,catch
relevance,6,llama3.1:8b,moderate,0.0,catch
relevance,6,llama3.1:8b,moderate,0.0,catch
relevance,6,llama3.1:8b,moderate,0.0,catch
relevance,6,llama3.1:8b,moderate,0.0,catch
relevance,6,llama3.1:8b,moderate,0.0,catch
relevance,6,llama3.1:8b,moderate,0.0,catch
relevance,6,llama3.1:8b,moderate,1.0,catch
relevance,6,llama3.1:8b,liberal,0.0,catch
relevance,6,llama3.1:8b,liberal,0.0,catch
relevance,6,llama3.1:8b,liberal,0.0,catch
relevance,6,llama3.1:8b,liberal,1.0,catch
relevance,6,llama3.1:8b,liberal,0.0,catch
relevance,6,llama3.1:8b,liberal,0.0,catch
relevance,6,llama3.1:8b,liberal,0.0,catch
relevance,6,llama3.1:8b,liberal,0.0,catch
relevance,6,llama3.1:8b,liberal,0.0,catch
relevance,6,llama3.1:8b,liberal,0.0,catch
relevance,6,llama3.1:8b,liberal,0.0,catch
relevance,6,llama3.1:8b,liberal,0.0,catch
relevance,6,llama3.1:8b,liberal,0.0,catch
relevance,6,llama3.1:8b,liberal,0.0,catch
relevance,6,llama3.1:8b,liberal,0.0,catch
relevance,6,llama3.1:8b,liberal,0.0,catch
relevance,6,llama3.1:8b,liberal,1.0,catch
relevance,6,llama3.1:8b,liberal,0.0,catch
relevance,6,llama3.1:8b,liberal,0.0,catch
relevance,6,llama3.1:8b,liberal,0.0,catch
relevance,6,llama3.1:8b,liberal,0.0,catch
relevance,6,llama3.1:8b,liberal,0.0,catch
relevance,6,llama3.1:8b,liberal,1.0,catch
relevance,6,llama3.1:8b,liberal,0.0,catch
relevance,6,llama3.1:8b,liberal,0.0,catch
relevance,6,llama3.1:8b,liberal,1.0,catch
relevance,6,llama3.1:8b,liberal,0.0,catch
relevance,6,llama3.1:8b,liberal,0.0,catch
relevance,6,llama3.1:8b,liberal,0.0,catch
relevance,6,llama3.1:8b,liberal,1.0,catch
relevance,6,llama3.1:8b,liberal,0.0,catch
relevance,6,llama3.1:8b,liberal,0.0,catch
relevance,6,llama3.1:8b,liberal,1.0,catch
relevance,6,llama3.1:8b,liberal,0.0,catch
relevance,6,llama3.1:8b,liberal,0.0,catch
relevance,6,llama3.1:8b,liberal,1.0,catch
relevance,6,llama3.1:8b,liberal,0.0,catch
relevance,6,llama3.1:8b,liberal,0.0,catch
relevance,6,llama3.1:8b,liberal,0.0,catch
relevance,6,llama3.1:8b,liberal,0.0,catch
relevance,6,llama3.1:8b,liberal,0.0,catch
relevance,6,llama3.1:8b,liberal,0.0,catch
relevance,6,llama3.1:8b,liberal,0.0,catch
relevance,6,llama3.1:8b,liberal,0.0,catch
relevance,6,llama3.1:8b,liberal,0.0,catch
relevance,6,llama3.1:8b,liberal,0.0,catch
relevance,6,llama3.1:8b,liberal,0.0,catch
relevance,6,llama3.1:8b,liberal,0.0,catch
relevance,6,llama3.1:8b,liberal,0.0,catch
relevance,6,llama3.1:8b,liberal,0.0,catch
relevance,6,llama2:70b,conservative,1.0,catch
relevance,6,llama2:70b,conservative,1.0,catch
relevance,6,llama2:70b,conservative,1.0,catch
relevance,6,llama2:70b,conservative,1.0,catch
relevance,6,llama2:70b,conservative,1.0,catch
relevance,6,llama2:70b,conservative,1.0,catch
relevance,6,llama2:70b,conservative,1.0,catch
relevance,6,llama2:70b,conservative,1.0,catch
relevance,6,llama2:70b,conservative,1.0,catch
relevance,6,llama2:70b,conservative,1.0,catch
relevance,6,llama2:70b,conservative,1.0,catch
relevance,6,llama2:70b,conservative,1.0,catch
relevance,6,llama2:70b,conservative,1.0,catch
relevance,6,llama2:70b,conservative,1.0,catch
relevance,6,llama2:70b,conservative,1.0,catch
relevance,6,llama2:70b,conservative,1.0,catch
relevance,6,llama2:70b,conservative,1.0,catch
relevance,6,llama2:70b,conservative,1.0,catch
relevance,6,llama2:70b,conservative,1.0,catch
relevance,6,llama2:70b,conservative,1.0,catch
relevance,6,llama2:70b,conservative,1.0,catch
relevance,6,llama2:70b,conservative,1.0,catch
relevance,6,llama2:70b,conservative,1.0,catch
relevance,6,llama2:70b,conservative,1.0,catch
relevance,6,llama2:70b,conservative,1.0,catch
relevance,6,llama2:70b,conservative,1.0,catch
relevance,6,llama2:70b,conservative,1.0,catch
relevance,6,llama2:70b,conservative,1.0,catch
relevance,6,llama2:70b,conservative,1.0,catch
relevance,6,llama2:70b,conservative,1.0,catch
relevance,6,llama2:70b,conservative,1.0,catch
relevance,6,llama2:70b,conservative,1.0,catch
relevance,6,llama2:70b,conservative,1.0,catch
relevance,6,llama2:70b,conservative,1.0,catch
relevance,6,llama2:70b,conservative,1.0,catch
relevance,6,llama2:70b,conservative,1.0,catch
relevance,6,llama2:70b,conservative,1.0,catch
relevance,6,llama2:70b,conservative,1.0,catch
relevance,6,llama2:70b,conservative,1.0,catch
relevance,6,llama2:70b,conservative,1.0,catch
relevance,6,llama2:70b,conservative,1.0,catch
relevance,6,llama2:70b,conservative,1.0,catch
relevance,6,llama2:70b,conservative,1.0,catch
relevance,6,llama2:70b,conservative,1.0,catch
relevance,6,llama2:70b,conservative,1.0,catch
relevance,6,llama2:70b,conservative,1.0,catch
relevance,6,llama2:70b,conservative,1.0,catch
relevance,6,llama2:70b,conservative,1.0,catch
relevance,6,llama2:70b,conservative,1.0,catch
relevance,6,llama2:70b,conservative,1.0,catch
relevance,6,llama2:70b,moderate,3.0,catch
relevance,6,llama2:70b,moderate,1.0,catch
relevance,6,llama2:70b,moderate,1.0,catch
relevance,6,llama2:70b,moderate,1.0,catch
relevance,6,llama2:70b,moderate,1.0,catch
relevance,6,llama2:70b,moderate,1.0,catch
relevance,6,llama2:70b,moderate,2.0,catch
relevance,6,llama2:70b,moderate,4.0,catch
relevance,6,llama2:70b,moderate,1.0,catch
relevance,6,llama2:70b,moderate,1.0,catch
relevance,6,llama2:70b,moderate,1.0,catch
relevance,6,llama2:70b,moderate,3.0,catch
relevance,6,llama2:70b,moderate,1.0,catch
relevance,6,llama2:70b,moderate,1.0,catch
relevance,6,llama2:70b,moderate,1.0,catch
relevance,6,llama2:70b,moderate,1.0,catch
relevance,6,llama2:70b,moderate,1.0,catch
relevance,6,llama2:70b,moderate,1.0,catch
relevance,6,llama2:70b,moderate,1.0,catch
relevance,6,llama2:70b,moderate,1.0,catch
relevance,6,llama2:70b,moderate,1.0,catch
relevance,6,llama2:70b,moderate,1.0,catch
relevance,6,llama2:70b,moderate,1.0,catch
relevance,6,llama2:70b,moderate,1.0,catch
relevance,6,llama2:70b,moderate,1.0,catch
relevance,6,llama2:70b,moderate,1.0,catch
relevance,6,llama2:70b,moderate,1.0,catch
relevance,6,llama2:70b,moderate,1.0,catch
relevance,6,llama2:70b,moderate,1.0,catch
relevance,6,llama2:70b,moderate,1.0,catch
relevance,6,llama2:70b,moderate,1.0,catch
relevance,6,llama2:70b,moderate,1.0,catch
relevance,6,llama2:70b,moderate,1.0,catch
relevance,6,llama2:70b,moderate,1.0,catch
relevance,6,llama2:70b,moderate,1.0,catch
relevance,6,llama2:70b,moderate,1.0,catch
relevance,6,llama2:70b,moderate,1.0,catch
relevance,6,llama2:70b,moderate,4.0,catch
relevance,6,llama2:70b,moderate,1.0,catch
relevance,6,llama2:70b,moderate,1.0,catch
relevance,6,llama2:70b,moderate,1.0,catch
relevance,6,llama2:70b,moderate,1.0,catch
relevance,6,llama2:70b,moderate,1.0,catch
relevance,6,llama2:70b,moderate,1.0,catch
relevance,6,llama2:70b,moderate,1.0,catch
relevance,6,llama2:70b,moderate,1.0,catch
relevance,6,llama2:70b,moderate,1.0,catch
relevance,6,llama2:70b,moderate,1.0,catch
relevance,6,llama2:70b,moderate,1.0,catch
relevance,6,llama2:70b,moderate,1.0,catch
relevance,6,llama2:70b,liberal,1.0,catch
relevance,6,llama2:70b,liberal,1.0,catch
relevance,6,llama2:70b,liberal,1.0,catch
relevance,6,llama2:70b,liberal,1.0,catch
relevance,6,llama2:70b,liberal,1.0,catch
relevance,6,llama2:70b,liberal,1.0,catch
relevance,6,llama2:70b,liberal,1.0,catch
relevance,6,llama2:70b,liberal,1.0,catch
relevance,6,llama2:70b,liberal,1.0,catch
relevance,6,llama2:70b,liberal,1.0,catch
relevance,6,llama2:70b,liberal,1.0,catch
relevance,6,llama2:70b,liberal,1.0,catch
relevance,6,llama2:70b,liberal,1.0,catch
relevance,6,llama2:70b,liberal,1.0,catch
relevance,6,llama2:70b,liberal,1.0,catch
relevance,6,llama2:70b,liberal,1.0,catch
relevance,6,llama2:70b,liberal,1.0,catch
relevance,6,llama2:70b,liberal,1.0,catch
relevance,6,llama2:70b,liberal,1.0,catch
relevance,6,llama2:70b,liberal,1.0,catch
relevance,6,llama2:70b,liberal,1.0,catch
relevance,6,llama2:70b,liberal,1.0,catch
relevance,6,llama2:70b,liberal,1.0,catch
relevance,6,llama2:70b,liberal,1.0,catch
relevance,6,llama2:70b,liberal,1.0,catch
relevance,6,llama2:70b,liberal,1.0,catch
relevance,6,llama2:70b,liberal,1.0,catch
relevance,6,llama2:70b,liberal,1.0,catch
relevance,6,llama2:70b,liberal,1.0,catch
relevance,6,llama2:70b,liberal,1.0,catch
relevance,6,llama2:70b,liberal,1.0,catch
relevance,6,llama2:70b,liberal,1.0,catch
relevance,6,llama2:70b,liberal,1.0,catch
relevance,6,llama2:70b,liberal,1.0,catch
relevance,6,llama2:70b,liberal,1.0,catch
relevance,6,llama2:70b,liberal,1.0,catch
relevance,6,llama2:70b,liberal,1.0,catch
relevance,6,llama2:70b,liberal,1.0,catch
relevance,6,llama2:70b,liberal,1.0,catch
relevance,6,llama2:70b,liberal,1.0,catch
relevance,6,llama2:70b,liberal,1.0,catch
relevance,6,llama2:70b,liberal,1.0,catch
relevance,6,llama2:70b,liberal,1.0,catch
relevance,6,llama2:70b,liberal,1.0,catch
relevance,6,llama2:70b,liberal,1.0,catch
relevance,6,llama2:70b,liberal,1.0,catch
relevance,6,llama2:70b,liberal,1.0,catch
relevance,6,llama2:70b,liberal,1.0,catch
relevance,6,llama2:70b,liberal,1.0,catch
relevance,6,llama2:70b,liberal,1.0,catch
relevance,6,llama3:70b,conservative,0.0,catch
relevance,6,llama3:70b,conservative,0.0,catch
relevance,6,llama3:70b,conservative,0.0,catch
relevance,6,llama3:70b,conservative,0.0,catch
relevance,6,llama3:70b,conservative,0.0,catch
relevance,6,llama3:70b,conservative,0.0,catch
relevance,6,llama3:70b,conservative,0.0,catch
relevance,6,llama3:70b,conservative,0.0,catch
relevance,6,llama3:70b,conservative,0.0,catch
relevance,6,llama3:70b,conservative,0.0,catch
relevance,6,llama3:70b,conservative,0.0,catch
relevance,6,llama3:70b,conservative,0.0,catch
relevance,6,llama3:70b,conservative,0.0,catch
relevance,6,llama3:70b,conservative,0.0,catch
relevance,6,llama3:70b,conservative,0.0,catch
relevance,6,llama3:70b,conservative,0.0,catch
relevance,6,llama3:70b,conservative,0.0,catch
relevance,6,llama3:70b,conservative,0.0,catch
relevance,6,llama3:70b,conservative,0.0,catch
relevance,6,llama3:70b,conservative,0.0,catch
relevance,6,llama3:70b,conservative,0.0,catch
relevance,6,llama3:70b,conservative,0.0,catch
relevance,6,llama3:70b,conservative,0.0,catch
relevance,6,llama3:70b,conservative,0.0,catch
relevance,6,llama3:70b,conservative,0.0,catch
relevance,6,llama3:70b,conservative,0.0,catch
relevance,6,llama3:70b,conservative,0.0,catch
relevance,6,llama3:70b,conservative,0.0,catch
relevance,6,llama3:70b,conservative,0.0,catch
relevance,6,llama3:70b,conservative,0.0,catch
relevance,6,llama3:70b,conservative,0.0,catch
relevance,6,llama3:70b,conservative,0.0,catch
relevance,6,llama3:70b,conservative,0.0,catch
relevance,6,llama3:70b,conservative,0.0,catch
relevance,6,llama3:70b,conservative,0.0,catch
relevance,6,llama3:70b,conservative,0.0,catch
relevance,6,llama3:70b,conservative,0.0,catch
relevance,6,llama3:70b,conservative,0.0,catch
relevance,6,llama3:70b,conservative,0.0,catch
relevance,6,llama3:70b,conservative,0.0,catch
relevance,6,llama3:70b,conservative,0.0,catch
relevance,6,llama3:70b,conservative,0.0,catch
relevance,6,llama3:70b,conservative,0.0,catch
relevance,6,llama3:70b,conservative,0.0,catch
relevance,6,llama3:70b,conservative,0.0,catch
relevance,6,llama3:70b,conservative,0.0,catch
relevance,6,llama3:70b,conservative,0.0,catch
relevance,6,llama3:70b,conservative,0.0,catch
relevance,6,llama3:70b,conservative,0.0,catch
relevance,6,llama3:70b,conservative,0.0,catch
relevance,6,llama3:70b,moderate,0.0,catch
relevance,6,llama3:70b,moderate,0.0,catch
relevance,6,llama3:70b,moderate,0.0,catch
relevance,6,llama3:70b,moderate,0.0,catch
relevance,6,llama3:70b,moderate,0.0,catch
relevance,6,llama3:70b,moderate,0.0,catch
relevance,6,llama3:70b,moderate,1.0,catch
relevance,6,llama3:70b,moderate,0.0,catch
relevance,6,llama3:70b,moderate,0.0,catch
relevance,6,llama3:70b,moderate,0.0,catch
relevance,6,llama3:70b,moderate,0.0,catch
relevance,6,llama3:70b,moderate,0.0,catch
relevance,6,llama3:70b,moderate,0.0,catch
relevance,6,llama3:70b,moderate,1.0,catch
relevance,6,llama3:70b,moderate,0.0,catch
relevance,6,llama3:70b,moderate,0.0,catch
relevance,6,llama3:70b,moderate,0.0,catch
relevance,6,llama3:70b,moderate,0.0,catch
relevance,6,llama3:70b,moderate,0.0,catch
relevance,6,llama3:70b,moderate,0.0,catch
relevance,6,llama3:70b,moderate,0.0,catch
relevance,6,llama3:70b,moderate,0.0,catch
relevance,6,llama3:70b,moderate,1.0,catch
relevance,6,llama3:70b,moderate,0.0,catch
relevance,6,llama3:70b,moderate,0.0,catch
relevance,6,llama3:70b,moderate,0.0,catch
relevance,6,llama3:70b,moderate,0.0,catch
relevance,6,llama3:70b,moderate,0.0,catch
relevance,6,llama3:70b,moderate,0.0,catch
relevance,6,llama3:70b,moderate,0.0,catch
relevance,6,llama3:70b,moderate,0.0,catch
relevance,6,llama3:70b,moderate,0.0,catch
relevance,6,llama3:70b,moderate,0.0,catch
relevance,6,llama3:70b,moderate,1.0,catch
relevance,6,llama3:70b,moderate,0.0,catch
relevance,6,llama3:70b,moderate,0.0,catch
relevance,6,llama3:70b,moderate,1.0,catch
relevance,6,llama3:70b,moderate,0.0,catch
relevance,6,llama3:70b,moderate,0.0,catch
relevance,6,llama3:70b,moderate,0.0,catch
relevance,6,llama3:70b,moderate,0.0,catch
relevance,6,llama3:70b,moderate,0.0,catch
relevance,6,llama3:70b,moderate,0.0,catch
relevance,6,llama3:70b,moderate,0.0,catch
relevance,6,llama3:70b,moderate,0.0,catch
relevance,6,llama3:70b,moderate,0.0,catch
relevance,6,llama3:70b,moderate,0.0,catch
relevance,6,llama3:70b,moderate,0.0,catch
relevance,6,llama3:70b,moderate,0.0,catch
relevance,6,llama3:70b,moderate,0.0,catch
relevance,6,llama3:70b,liberal,0.0,catch
relevance,6,llama3:70b,liberal,0.0,catch
relevance,6,llama3:70b,liberal,0.0,catch
relevance,6,llama3:70b,liberal,0.0,catch
relevance,6,llama3:70b,liberal,0.0,catch
relevance,6,llama3:70b,liberal,0.0,catch
relevance,6,llama3:70b,liberal,0.0,catch
relevance,6,llama3:70b,liberal,0.0,catch
relevance,6,llama3:70b,liberal,0.0,catch
relevance,6,llama3:70b,liberal,0.0,catch
relevance,6,llama3:70b,liberal,0.0,catch
relevance,6,llama3:70b,liberal,0.0,catch
relevance,6,llama3:70b,liberal,0.0,catch
relevance,6,llama3:70b,liberal,0.0,catch
relevance,6,llama3:70b,liberal,0.0,catch
relevance,6,llama3:70b,liberal,0.0,catch
relevance,6,llama3:70b,liberal,0.0,catch
relevance,6,llama3:70b,liberal,0.0,catch
relevance,6,llama3:70b,liberal,0.0,catch
relevance,6,llama3:70b,liberal,0.0,catch
relevance,6,llama3:70b,liberal,0.0,catch
relevance,6,llama3:70b,liberal,0.0,catch
relevance,6,llama3:70b,liberal,0.0,catch
relevance,6,llama3:70b,liberal,0.0,catch
relevance,6,llama3:70b,liberal,0.0,catch
relevance,6,llama3:70b,liberal,0.0,catch
relevance,6,llama3:70b,liberal,0.0,catch
relevance,6,llama3:70b,liberal,0.0,catch
relevance,6,llama3:70b,liberal,0.0,catch
relevance,6,llama3:70b,liberal,0.0,catch
relevance,6,llama3:70b,liberal,0.0,catch
relevance,6,llama3:70b,liberal,0.0,catch
relevance,6,llama3:70b,liberal,0.0,catch
relevance,6,llama3:70b,liberal,0.0,catch
relevance,6,llama3:70b,liberal,0.0,catch
relevance,6,llama3:70b,liberal,0.0,catch
relevance,6,llama3:70b,liberal,0.0,catch
relevance,6,llama3:70b,liberal,0.0,catch
relevance,6,llama3:70b,liberal,0.0,catch
relevance,6,llama3:70b,liberal,0.0,catch
relevance,6,llama3:70b,liberal,0.0,catch
relevance,6,llama3:70b,liberal,0.0,catch
relevance,6,llama3:70b,liberal,0.0,catch
relevance,6,llama3:70b,liberal,0.0,catch
relevance,6,llama3:70b,liberal,0.0,catch
relevance,6,llama3:70b,liberal,0.0,catch
relevance,6,llama3:70b,liberal,0.0,catch
relevance,6,llama3:70b,liberal,0.0,catch
relevance,6,llama3:70b,liberal,0.0,catch
relevance,6,llama3:70b,liberal,0.0,catch
relevance,6,llama3.1:70b,conservative,0.0,catch
relevance,6,llama3.1:70b,conservative,0.0,catch
relevance,6,llama3.1:70b,conservative,0.0,catch
relevance,6,llama3.1:70b,conservative,0.0,catch
relevance,6,llama3.1:70b,conservative,0.0,catch
relevance,6,llama3.1:70b,conservative,0.0,catch
relevance,6,llama3.1:70b,conservative,0.0,catch
relevance,6,llama3.1:70b,conservative,0.0,catch
relevance,6,llama3.1:70b,conservative,0.0,catch
relevance,6,llama3.1:70b,conservative,0.0,catch
relevance,6,llama3.1:70b,conservative,0.0,catch
relevance,6,llama3.1:70b,conservative,0.0,catch
relevance,6,llama3.1:70b,conservative,0.0,catch
relevance,6,llama3.1:70b,conservative,0.0,catch
relevance,6,llama3.1:70b,conservative,0.0,catch
relevance,6,llama3.1:70b,conservative,0.0,catch
relevance,6,llama3.1:70b,conservative,0.0,catch
relevance,6,llama3.1:70b,conservative,1.0,catch
relevance,6,llama3.1:70b,conservative,1.0,catch
relevance,6,llama3.1:70b,conservative,0.0,catch
relevance,6,llama3.1:70b,conservative,0.0,catch
relevance,6,llama3.1:70b,conservative,0.0,catch
relevance,6,llama3.1:70b,conservative,0.0,catch
relevance,6,llama3.1:70b,conservative,1.0,catch
relevance,6,llama3.1:70b,conservative,0.0,catch
relevance,6,llama3.1:70b,conservative,0.0,catch
relevance,6,llama3.1:70b,conservative,1.0,catch
relevance,6,llama3.1:70b,conservative,0.0,catch
relevance,6,llama3.1:70b,conservative,0.0,catch
relevance,6,llama3.1:70b,conservative,0.0,catch
relevance,6,llama3.1:70b,conservative,0.0,catch
relevance,6,llama3.1:70b,conservative,0.0,catch
relevance,6,llama3.1:70b,conservative,0.0,catch
relevance,6,llama3.1:70b,conservative,0.0,catch
relevance,6,llama3.1:70b,conservative,0.0,catch
relevance,6,llama3.1:70b,conservative,1.0,catch
relevance,6,llama3.1:70b,conservative,0.0,catch
relevance,6,llama3.1:70b,conservative,0.0,catch
relevance,6,llama3.1:70b,conservative,0.0,catch
relevance,6,llama3.1:70b,conservative,0.0,catch
relevance,6,llama3.1:70b,conservative,1.0,catch
relevance,6,llama3.1:70b,conservative,1.0,catch
relevance,6,llama3.1:70b,conservative,0.0,catch
relevance,6,llama3.1:70b,conservative,0.0,catch
relevance,6,llama3.1:70b,conservative,0.0,catch
relevance,6,llama3.1:70b,conservative,0.0,catch
relevance,6,llama3.1:70b,conservative,0.0,catch
relevance,6,llama3.1:70b,conservative,0.0,catch
relevance,6,llama3.1:70b,conservative,0.0,catch
relevance,6,llama3.1:70b,conservative,1.0,catch
relevance,6,llama3.1:70b,moderate,0.0,catch
relevance,6,llama3.1:70b,moderate,0.0,catch
relevance,6,llama3.1:70b,moderate,0.0,catch
relevance,6,llama3.1:70b,moderate,0.0,catch
relevance,6,llama3.1:70b,moderate,0.0,catch
relevance,6,llama3.1:70b,moderate,0.0,catch
relevance,6,llama3.1:70b,moderate,0.0,catch
relevance,6,llama3.1:70b,moderate,0.0,catch
relevance,6,llama3.1:70b,moderate,0.0,catch
relevance,6,llama3.1:70b,moderate,0.0,catch
relevance,6,llama3.1:70b,moderate,0.0,catch
relevance,6,llama3.1:70b,moderate,0.0,catch
relevance,6,llama3.1:70b,moderate,0.0,catch
relevance,6,llama3.1:70b,moderate,0.0,catch
relevance,6,llama3.1:70b,moderate,0.0,catch
relevance,6,llama3.1:70b,moderate,0.0,catch
relevance,6,llama3.1:70b,moderate,0.0,catch
relevance,6,llama3.1:70b,moderate,0.0,catch
relevance,6,llama3.1:70b,moderate,0.0,catch
relevance,6,llama3.1:70b,moderate,0.0,catch
relevance,6,llama3.1:70b,moderate,0.0,catch
relevance,6,llama3.1:70b,moderate,0.0,catch
relevance,6,llama3.1:70b,moderate,1.0,catch
relevance,6,llama3.1:70b,moderate,0.0,catch
relevance,6,llama3.1:70b,moderate,0.0,catch
relevance,6,llama3.1:70b,moderate,0.0,catch
relevance,6,llama3.1:70b,moderate,0.0,catch
relevance,6,llama3.1:70b,moderate,1.0,catch
relevance,6,llama3.1:70b,moderate,0.0,catch
relevance,6,llama3.1:70b,moderate,0.0,catch
relevance,6,llama3.1:70b,moderate,0.0,catch
relevance,6,llama3.1:70b,moderate,0.0,catch
relevance,6,llama3.1:70b,moderate,0.0,catch
relevance,6,llama3.1:70b,moderate,0.0,catch
relevance,6,llama3.1:70b,moderate,0.0,catch
relevance,6,llama3.1:70b,moderate,0.0,catch
relevance,6,llama3.1:70b,moderate,1.0,catch
relevance,6,llama3.1:70b,moderate,0.0,catch
relevance,6,llama3.1:70b,moderate,0.0,catch
relevance,6,llama3.1:70b,moderate,0.0,catch
relevance,6,llama3.1:70b,moderate,0.0,catch
relevance,6,llama3.1:70b,moderate,0.0,catch
relevance,6,llama3.1:70b,moderate,0.0,catch
relevance,6,llama3.1:70b,moderate,0.0,catch
relevance,6,llama3.1:70b,moderate,0.0,catch
relevance,6,llama3.1:70b,moderate,1.0,catch
relevance,6,llama3.1:70b,moderate,1.0,catch
relevance,6,llama3.1:70b,moderate,0.0,catch
relevance,6,llama3.1:70b,moderate,1.0,catch
relevance,6,llama3.1:70b,moderate,1.0,catch
relevance,6,llama3.1:70b,liberal,0.0,catch
relevance,6,llama3.1:70b,liberal,0.0,catch
relevance,6,llama3.1:70b,liberal,0.0,catch
relevance,6,llama3.1:70b,liberal,1.0,catch
relevance,6,llama3.1:70b,liberal,0.0,catch
relevance,6,llama3.1:70b,liberal,0.0,catch
relevance,6,llama3.1:70b,liberal,0.0,catch
relevance,6,llama3.1:70b,liberal,0.0,catch
relevance,6,llama3.1:70b,liberal,0.0,catch
relevance,6,llama3.1:70b,liberal,0.0,catch
relevance,6,llama3.1:70b,liberal,0.0,catch
relevance,6,llama3.1:70b,liberal,0.0,catch
relevance,6,llama3.1:70b,liberal,0.0,catch
relevance,6,llama3.1:70b,liberal,0.0,catch
relevance,6,llama3.1:70b,liberal,0.0,catch
relevance,6,llama3.1:70b,liberal,0.0,catch
relevance,6,llama3.1:70b,liberal,0.0,catch
relevance,6,llama3.1:70b,liberal,0.0,catch
relevance,6,llama3.1:70b,liberal,0.0,catch
relevance,6,llama3.1:70b,liberal,0.0,catch
relevance,6,llama3.1:70b,liberal,1.0,catch
relevance,6,llama3.1:70b,liberal,0.0,catch
relevance,6,llama3.1:70b,liberal,1.0,catch
relevance,6,llama3.1:70b,liberal,0.0,catch
relevance,6,llama3.1:70b,liberal,0.0,catch
relevance,6,llama3.1:70b,liberal,0.0,catch
relevance,6,llama3.1:70b,liberal,0.0,catch
relevance,6,llama3.1:70b,liberal,0.0,catch
relevance,6,llama3.1:70b,liberal,0.0,catch
relevance,6,llama3.1:70b,liberal,0.0,catch
relevance,6,llama3.1:70b,liberal,0.0,catch
relevance,6,llama3.1:70b,liberal,0.0,catch
relevance,6,llama3.1:70b,liberal,0.0,catch
relevance,6,llama3.1:70b,liberal,0.0,catch
relevance,6,llama3.1:70b,liberal,0.0,catch
relevance,6,llama3.1:70b,liberal,0.0,catch
relevance,6,llama3.1:70b,liberal,1.0,catch
relevance,6,llama3.1:70b,liberal,0.0,catch
relevance,6,llama3.1:70b,liberal,0.0,catch
relevance,6,llama3.1:70b,liberal,0.0,catch
relevance,6,llama3.1:70b,liberal,0.0,catch
relevance,6,llama3.1:70b,liberal,0.0,catch
relevance,6,llama3.1:70b,liberal,0.0,catch
relevance,6,llama3.1:70b,liberal,0.0,catch
relevance,6,llama3.1:70b,liberal,0.0,catch
relevance,6,llama3.1:70b,liberal,0.0,catch
relevance,6,llama3.1:70b,liberal,0.0,catch
relevance,6,llama3.1:70b,liberal,1.0,catch
relevance,6,llama3.1:70b,liberal,0.0,catch
relevance,6,llama3.1:70b,liberal,0.0,catch
relevance,6,mistral:7b,conservative,0.0,catch
relevance,6,mistral:7b,conservative,0.0,catch
relevance,6,mistral:7b,conservative,0.0,catch
relevance,6,mistral:7b,conservative,0.0,catch
relevance,6,mistral:7b,conservative,0.0,catch
relevance,6,mistral:7b,conservative,0.0,catch
relevance,6,mistral:7b,conservative,0.0,catch
relevance,6,mistral:7b,conservative,0.0,catch
relevance,6,mistral:7b,conservative,0.0,catch
relevance,6,mistral:7b,conservative,0.0,catch
relevance,6,mistral:7b,conservative,0.0,catch
relevance,6,mistral:7b,conservative,0.0,catch
relevance,6,mistral:7b,conservative,0.0,catch
relevance,6,mistral:7b,conservative,0.0,catch
relevance,6,mistral:7b,conservative,0.0,catch
relevance,6,mistral:7b,conservative,0.0,catch
relevance,6,mistral:7b,conservative,0.0,catch
relevance,6,mistral:7b,conservative,0.0,catch
relevance,6,mistral:7b,conservative,0.0,catch
relevance,6,mistral:7b,conservative,0.0,catch
relevance,6,mistral:7b,conservative,0.0,catch
relevance,6,mistral:7b,conservative,0.0,catch
relevance,6,mistral:7b,conservative,0.0,catch
relevance,6,mistral:7b,conservative,0.0,catch
relevance,6,mistral:7b,conservative,0.0,catch
relevance,6,mistral:7b,conservative,0.0,catch
relevance,6,mistral:7b,conservative,0.0,catch
relevance,6,mistral:7b,conservative,0.0,catch
relevance,6,mistral:7b,conservative,1.0,catch
relevance,6,mistral:7b,conservative,0.0,catch
relevance,6,mistral:7b,conservative,0.0,catch
relevance,6,mistral:7b,conservative,0.0,catch
relevance,6,mistral:7b,conservative,0.0,catch
relevance,6,mistral:7b,conservative,0.0,catch
relevance,6,mistral:7b,conservative,0.0,catch
relevance,6,mistral:7b,conservative,0.0,catch
relevance,6,mistral:7b,conservative,0.0,catch
relevance,6,mistral:7b,conservative,0.0,catch
relevance,6,mistral:7b,conservative,0.0,catch
relevance,6,mistral:7b,conservative,0.0,catch
relevance,6,mistral:7b,conservative,0.0,catch
relevance,6,mistral:7b,conservative,0.0,catch
relevance,6,mistral:7b,conservative,0.0,catch
relevance,6,mistral:7b,conservative,0.0,catch
relevance,6,mistral:7b,conservative,0.0,catch
relevance,6,mistral:7b,conservative,0.0,catch
relevance,6,mistral:7b,conservative,0.0,catch
relevance,6,mistral:7b,conservative,0.0,catch
relevance,6,mistral:7b,conservative,0.0,catch
relevance,6,mistral:7b,conservative,0.0,catch
relevance,6,mistral:7b,moderate,0.0,catch
relevance,6,mistral:7b,moderate,0.0,catch
relevance,6,mistral:7b,moderate,0.0,catch
relevance,6,mistral:7b,moderate,0.0,catch
relevance,6,mistral:7b,moderate,0.0,catch
relevance,6,mistral:7b,moderate,0.0,catch
relevance,6,mistral:7b,moderate,0.0,catch
relevance,6,mistral:7b,moderate,0.0,catch
relevance,6,mistral:7b,moderate,0.0,catch
relevance,6,mistral:7b,moderate,0.0,catch
relevance,6,mistral:7b,moderate,0.0,catch
relevance,6,mistral:7b,moderate,0.0,catch
relevance,6,mistral:7b,moderate,0.0,catch
relevance,6,mistral:7b,moderate,0.0,catch
relevance,6,mistral:7b,moderate,0.0,catch
relevance,6,mistral:7b,moderate,0.0,catch
relevance,6,mistral:7b,moderate,0.0,catch
relevance,6,mistral:7b,moderate,0.0,catch
relevance,6,mistral:7b,moderate,0.0,catch
relevance,6,mistral:7b,moderate,0.0,catch
relevance,6,mistral:7b,moderate,0.0,catch
relevance,6,mistral:7b,moderate,0.0,catch
relevance,6,mistral:7b,moderate,0.0,catch
relevance,6,mistral:7b,moderate,0.0,catch
relevance,6,mistral:7b,moderate,0.0,catch
relevance,6,mistral:7b,moderate,0.0,catch
relevance,6,mistral:7b,moderate,0.0,catch
relevance,6,mistral:7b,moderate,0.0,catch
relevance,6,mistral:7b,moderate,0.0,catch
relevance,6,mistral:7b,moderate,0.0,catch
relevance,6,mistral:7b,moderate,0.0,catch
relevance,6,mistral:7b,moderate,0.0,catch
relevance,6,mistral:7b,moderate,0.0,catch
relevance,6,mistral:7b,moderate,0.0,catch
relevance,6,mistral:7b,moderate,0.0,catch
relevance,6,mistral:7b,moderate,0.0,catch
relevance,6,mistral:7b,moderate,0.0,catch
relevance,6,mistral:7b,moderate,0.0,catch
relevance,6,mistral:7b,moderate,0.0,catch
relevance,6,mistral:7b,moderate,0.0,catch
relevance,6,mistral:7b,moderate,0.0,catch
relevance,6,mistral:7b,moderate,0.0,catch
relevance,6,mistral:7b,moderate,0.0,catch
relevance,6,mistral:7b,moderate,0.0,catch
relevance,6,mistral:7b,moderate,0.0,catch
relevance,6,mistral:7b,moderate,0.0,catch
relevance,6,mistral:7b,moderate,0.0,catch
relevance,6,mistral:7b,moderate,0.0,catch
relevance,6,mistral:7b,moderate,0.0,catch
relevance,6,mistral:7b,moderate,0.0,catch
relevance,6,mistral:7b,liberal,0.0,catch
relevance,6,mistral:7b,liberal,0.0,catch
relevance,6,mistral:7b,liberal,0.0,catch
relevance,6,mistral:7b,liberal,0.0,catch
relevance,6,mistral:7b,liberal,0.0,catch
relevance,6,mistral:7b,liberal,0.0,catch
relevance,6,mistral:7b,liberal,0.0,catch
relevance,6,mistral:7b,liberal,0.0,catch
relevance,6,mistral:7b,liberal,0.0,catch
relevance,6,mistral:7b,liberal,0.0,catch
relevance,6,mistral:7b,liberal,0.0,catch
relevance,6,mistral:7b,liberal,0.0,catch
relevance,6,mistral:7b,liberal,0.0,catch
relevance,6,mistral:7b,liberal,0.0,catch
relevance,6,mistral:7b,liberal,0.0,catch
relevance,6,mistral:7b,liberal,0.0,catch
relevance,6,mistral:7b,liberal,0.0,catch
relevance,6,mistral:7b,liberal,0.0,catch
relevance,6,mistral:7b,liberal,0.0,catch
relevance,6,mistral:7b,liberal,0.0,catch
relevance,6,mistral:7b,liberal,0.0,catch
relevance,6,mistral:7b,liberal,0.0,catch
relevance,6,mistral:7b,liberal,0.0,catch
relevance,6,mistral:7b,liberal,0.0,catch
relevance,6,mistral:7b,liberal,0.0,catch
relevance,6,mistral:7b,liberal,0.0,catch
relevance,6,mistral:7b,liberal,0.0,catch
relevance,6,mistral:7b,liberal,0.0,catch
relevance,6,mistral:7b,liberal,0.0,catch
relevance,6,mistral:7b,liberal,0.0,catch
relevance,6,mistral:7b,liberal,0.0,catch
relevance,6,mistral:7b,liberal,0.0,catch
relevance,6,mistral:7b,liberal,0.0,catch
relevance,6,mistral:7b,liberal,0.0,catch
relevance,6,mistral:7b,liberal,0.0,catch
relevance,6,mistral:7b,liberal,0.0,catch
relevance,6,mistral:7b,liberal,0.0,catch
relevance,6,mistral:7b,liberal,0.0,catch
relevance,6,mistral:7b,liberal,0.0,catch
relevance,6,mistral:7b,liberal,0.0,catch
relevance,6,mistral:7b,liberal,0.0,catch
relevance,6,mistral:7b,liberal,0.0,catch
relevance,6,mistral:7b,liberal,0.0,catch
relevance,6,mistral:7b,liberal,0.0,catch
relevance,6,mistral:7b,liberal,0.0,catch
relevance,6,mistral:7b,liberal,0.0,catch
relevance,6,mistral:7b,liberal,0.0,catch
relevance,6,mistral:7b,liberal,0.0,catch
relevance,6,mistral:7b,liberal,0.0,catch
relevance,6,mistral:7b,liberal,0.0,catch
relevance,6,mixtral:8x22b,conservative,1.0,catch
relevance,6,mixtral:8x22b,conservative,1.0,catch
relevance,6,mixtral:8x22b,conservative,1.0,catch
relevance,6,mixtral:8x22b,conservative,1.0,catch
relevance,6,mixtral:8x22b,conservative,1.0,catch
relevance,6,mixtral:8x22b,conservative,1.0,catch
relevance,6,mixtral:8x22b,conservative,1.0,catch
relevance,6,mixtral:8x22b,conservative,1.0,catch
relevance,6,mixtral:8x22b,conservative,1.0,catch
relevance,6,mixtral:8x22b,conservative,1.0,catch
relevance,6,mixtral:8x22b,conservative,1.0,catch
relevance,6,mixtral:8x22b,conservative,1.0,catch
relevance,6,mixtral:8x22b,conservative,1.0,catch
relevance,6,mixtral:8x22b,conservative,1.0,catch
relevance,6,mixtral:8x22b,conservative,1.0,catch
relevance,6,mixtral:8x22b,conservative,1.0,catch
relevance,6,mixtral:8x22b,conservative,1.0,catch
relevance,6,mixtral:8x22b,conservative,1.0,catch
relevance,6,mixtral:8x22b,conservative,1.0,catch
relevance,6,mixtral:8x22b,conservative,1.0,catch
relevance,6,mixtral:8x22b,conservative,1.0,catch
relevance,6,mixtral:8x22b,conservative,1.0,catch
relevance,6,mixtral:8x22b,conservative,1.0,catch
relevance,6,mixtral:8x22b,conservative,1.0,catch
relevance,6,mixtral:8x22b,conservative,1.0,catch
relevance,6,mixtral:8x22b,conservative,1.0,catch
relevance,6,mixtral:8x22b,conservative,1.0,catch
relevance,6,mixtral:8x22b,conservative,1.0,catch
relevance,6,mixtral:8x22b,conservative,1.0,catch
relevance,6,mixtral:8x22b,conservative,1.0,catch
relevance,6,mixtral:8x22b,conservative,1.0,catch
relevance,6,mixtral:8x22b,conservative,1.0,catch
relevance,6,mixtral:8x22b,conservative,1.0,catch
relevance,6,mixtral:8x22b,conservative,1.0,catch
relevance,6,mixtral:8x22b,conservative,1.0,catch
relevance,6,mixtral:8x22b,conservative,1.0,catch
relevance,6,mixtral:8x22b,conservative,1.0,catch
relevance,6,mixtral:8x22b,conservative,1.0,catch
relevance,6,mixtral:8x22b,conservative,1.0,catch
relevance,6,mixtral:8x22b,conservative,1.0,catch
relevance,6,mixtral:8x22b,conservative,1.0,catch
relevance,6,mixtral:8x22b,conservative,1.0,catch
relevance,6,mixtral:8x22b,conservative,1.0,catch
relevance,6,mixtral:8x22b,conservative,1.0,catch
relevance,6,mixtral:8x22b,conservative,1.0,catch
relevance,6,mixtral:8x22b,conservative,1.0,catch
relevance,6,mixtral:8x22b,conservative,1.0,catch
relevance,6,mixtral:8x22b,conservative,1.0,catch
relevance,6,mixtral:8x22b,conservative,1.0,catch
relevance,6,mixtral:8x22b,conservative,1.0,catch
relevance,6,mixtral:8x22b,moderate,1.0,catch
relevance,6,mixtral:8x22b,moderate,1.0,catch
relevance,6,mixtral:8x22b,moderate,0.0,catch
relevance,6,mixtral:8x22b,moderate,1.0,catch
relevance,6,mixtral:8x22b,moderate,1.0,catch
relevance,6,mixtral:8x22b,moderate,1.0,catch
relevance,6,mixtral:8x22b,moderate,1.0,catch
relevance,6,mixtral:8x22b,moderate,1.0,catch
relevance,6,mixtral:8x22b,moderate,1.0,catch
relevance,6,mixtral:8x22b,moderate,1.0,catch
relevance,6,mixtral:8x22b,moderate,1.0,catch
relevance,6,mixtral:8x22b,moderate,1.0,catch
relevance,6,mixtral:8x22b,moderate,1.0,catch
relevance,6,mixtral:8x22b,moderate,1.0,catch
relevance,6,mixtral:8x22b,moderate,1.0,catch
relevance,6,mixtral:8x22b,moderate,1.0,catch
relevance,6,mixtral:8x22b,moderate,1.0,catch
relevance,6,mixtral:8x22b,moderate,1.0,catch
relevance,6,mixtral:8x22b,moderate,1.0,catch
relevance,6,mixtral:8x22b,moderate,1.0,catch
relevance,6,mixtral:8x22b,moderate,1.0,catch
relevance,6,mixtral:8x22b,moderate,1.0,catch
relevance,6,mixtral:8x22b,moderate,1.0,catch
relevance,6,mixtral:8x22b,moderate,1.0,catch
relevance,6,mixtral:8x22b,moderate,0.0,catch
relevance,6,mixtral:8x22b,moderate,1.0,catch
relevance,6,mixtral:8x22b,moderate,1.0,catch
relevance,6,mixtral:8x22b,moderate,1.0,catch
relevance,6,mixtral:8x22b,moderate,1.0,catch
relevance,6,mixtral:8x22b,moderate,1.0,catch
relevance,6,mixtral:8x22b,moderate,1.0,catch
relevance,6,mixtral:8x22b,moderate,1.0,catch
relevance,6,mixtral:8x22b,moderate,1.0,catch
relevance,6,mixtral:8x22b,moderate,1.0,catch
relevance,6,mixtral:8x22b,moderate,1.0,catch
relevance,6,mixtral:8x22b,moderate,1.0,catch
relevance,6,mixtral:8x22b,moderate,1.0,catch
relevance,6,mixtral:8x22b,moderate,1.0,catch
relevance,6,mixtral:8x22b,moderate,1.0,catch
relevance,6,mixtral:8x22b,moderate,1.0,catch
relevance,6,mixtral:8x22b,moderate,1.0,catch
relevance,6,mixtral:8x22b,moderate,1.0,catch
relevance,6,mixtral:8x22b,moderate,1.0,catch
relevance,6,mixtral:8x22b,moderate,1.0,catch
relevance,6,mixtral:8x22b,moderate,1.0,catch
relevance,6,mixtral:8x22b,moderate,1.0,catch
relevance,6,mixtral:8x22b,moderate,1.0,catch
relevance,6,mixtral:8x22b,moderate,1.0,catch
relevance,6,mixtral:8x22b,moderate,1.0,catch
relevance,6,mixtral:8x22b,moderate,1.0,catch
relevance,6,mixtral:8x22b,liberal,1.0,catch
relevance,6,mixtral:8x22b,liberal,1.0,catch
relevance,6,mixtral:8x22b,liberal,1.0,catch
relevance,6,mixtral:8x22b,liberal,1.0,catch
relevance,6,mixtral:8x22b,liberal,1.0,catch
relevance,6,mixtral:8x22b,liberal,1.0,catch
relevance,6,mixtral:8x22b,liberal,0.0,catch
relevance,6,mixtral:8x22b,liberal,1.0,catch
relevance,6,mixtral:8x22b,liberal,0.0,catch
relevance,6,mixtral:8x22b,liberal,1.0,catch
relevance,6,mixtral:8x22b,liberal,1.0,catch
relevance,6,mixtral:8x22b,liberal,1.0,catch
relevance,6,mixtral:8x22b,liberal,1.0,catch
relevance,6,mixtral:8x22b,liberal,1.0,catch
relevance,6,mixtral:8x22b,liberal,1.0,catch
relevance,6,mixtral:8x22b,liberal,1.0,catch
relevance,6,mixtral:8x22b,liberal,1.0,catch
relevance,6,mixtral:8x22b,liberal,1.0,catch
relevance,6,mixtral:8x22b,liberal,1.0,catch
relevance,6,mixtral:8x22b,liberal,1.0,catch
relevance,6,mixtral:8x22b,liberal,1.0,catch
relevance,6,mixtral:8x22b,liberal,1.0,catch
relevance,6,mixtral:8x22b,liberal,1.0,catch
relevance,6,mixtral:8x22b,liberal,1.0,catch
relevance,6,mixtral:8x22b,liberal,1.0,catch
relevance,6,mixtral:8x22b,liberal,1.0,catch
relevance,6,mixtral:8x22b,liberal,1.0,catch
relevance,6,mixtral:8x22b,liberal,1.0,catch
relevance,6,mixtral:8x22b,liberal,1.0,catch
relevance,6,mixtral:8x22b,liberal,1.0,catch
relevance,6,mixtral:8x22b,liberal,1.0,catch
relevance,6,mixtral:8x22b,liberal,0.0,catch
relevance,6,mixtral:8x22b,liberal,1.0,catch
relevance,6,mixtral:8x22b,liberal,0.0,catch
relevance,6,mixtral:8x22b,liberal,1.0,catch
relevance,6,mixtral:8x22b,liberal,1.0,catch
relevance,6,mixtral:8x22b,liberal,1.0,catch
relevance,6,mixtral:8x22b,liberal,1.0,catch
relevance,6,mixtral:8x22b,liberal,1.0,catch
relevance,6,mixtral:8x22b,liberal,1.0,catch
relevance,6,mixtral:8x22b,liberal,1.0,catch
relevance,6,mixtral:8x22b,liberal,1.0,catch
relevance,6,mixtral:8x22b,liberal,1.0,catch
relevance,6,mixtral:8x22b,liberal,1.0,catch
relevance,6,mixtral:8x22b,liberal,1.0,catch
relevance,6,mixtral:8x22b,liberal,1.0,catch
relevance,6,mixtral:8x22b,liberal,1.0,catch
relevance,6,mixtral:8x22b,liberal,1.0,catch
relevance,6,mixtral:8x22b,liberal,1.0,catch
relevance,6,mixtral:8x22b,liberal,1.0,catch
relevance,6,mixtral:8x7b,conservative,1.0,catch
relevance,6,mixtral:8x7b,conservative,1.0,catch
relevance,6,mixtral:8x7b,conservative,1.0,catch
relevance,6,mixtral:8x7b,conservative,1.0,catch
relevance,6,mixtral:8x7b,conservative,1.0,catch
relevance,6,mixtral:8x7b,conservative,1.0,catch
relevance,6,mixtral:8x7b,conservative,1.0,catch
relevance,6,mixtral:8x7b,conservative,1.0,catch
relevance,6,mixtral:8x7b,conservative,1.0,catch
relevance,6,mixtral:8x7b,conservative,1.0,catch
relevance,6,mixtral:8x7b,conservative,1.0,catch
relevance,6,mixtral:8x7b,conservative,1.0,catch
relevance,6,mixtral:8x7b,conservative,1.0,catch
relevance,6,mixtral:8x7b,conservative,1.0,catch
relevance,6,mixtral:8x7b,conservative,1.0,catch
relevance,6,mixtral:8x7b,conservative,1.0,catch
relevance,6,mixtral:8x7b,conservative,1.0,catch
relevance,6,mixtral:8x7b,conservative,1.0,catch
relevance,6,mixtral:8x7b,conservative,1.0,catch
relevance,6,mixtral:8x7b,conservative,1.0,catch
relevance,6,mixtral:8x7b,conservative,1.0,catch
relevance,6,mixtral:8x7b,conservative,1.0,catch
relevance,6,mixtral:8x7b,conservative,1.0,catch
relevance,6,mixtral:8x7b,conservative,1.0,catch
relevance,6,mixtral:8x7b,conservative,1.0,catch
relevance,6,mixtral:8x7b,conservative,1.0,catch
relevance,6,mixtral:8x7b,conservative,1.0,catch
relevance,6,mixtral:8x7b,conservative,1.0,catch
relevance,6,mixtral:8x7b,conservative,1.0,catch
relevance,6,mixtral:8x7b,conservative,1.0,catch
relevance,6,mixtral:8x7b,conservative,1.0,catch
relevance,6,mixtral:8x7b,conservative,1.0,catch
relevance,6,mixtral:8x7b,conservative,1.0,catch
relevance,6,mixtral:8x7b,conservative,1.0,catch
relevance,6,mixtral:8x7b,conservative,1.0,catch
relevance,6,mixtral:8x7b,conservative,1.0,catch
relevance,6,mixtral:8x7b,conservative,1.0,catch
relevance,6,mixtral:8x7b,conservative,1.0,catch
relevance,6,mixtral:8x7b,conservative,1.0,catch
relevance,6,mixtral:8x7b,conservative,1.0,catch
relevance,6,mixtral:8x7b,conservative,1.0,catch
relevance,6,mixtral:8x7b,conservative,1.0,catch
relevance,6,mixtral:8x7b,conservative,1.0,catch
relevance,6,mixtral:8x7b,conservative,1.0,catch
relevance,6,mixtral:8x7b,conservative,1.0,catch
relevance,6,mixtral:8x7b,conservative,1.0,catch
relevance,6,mixtral:8x7b,conservative,1.0,catch
relevance,6,mixtral:8x7b,conservative,1.0,catch
relevance,6,mixtral:8x7b,conservative,1.0,catch
relevance,6,mixtral:8x7b,conservative,1.0,catch
relevance,6,mixtral:8x7b,moderate,1.0,catch
relevance,6,mixtral:8x7b,moderate,1.0,catch
relevance,6,mixtral:8x7b,moderate,1.0,catch
relevance,6,mixtral:8x7b,moderate,1.0,catch
relevance,6,mixtral:8x7b,moderate,1.0,catch
relevance,6,mixtral:8x7b,moderate,1.0,catch
relevance,6,mixtral:8x7b,moderate,1.0,catch
relevance,6,mixtral:8x7b,moderate,1.0,catch
relevance,6,mixtral:8x7b,moderate,1.0,catch
relevance,6,mixtral:8x7b,moderate,1.0,catch
relevance,6,mixtral:8x7b,moderate,1.0,catch
relevance,6,mixtral:8x7b,moderate,1.0,catch
relevance,6,mixtral:8x7b,moderate,1.0,catch
relevance,6,mixtral:8x7b,moderate,1.0,catch
relevance,6,mixtral:8x7b,moderate,1.0,catch
relevance,6,mixtral:8x7b,moderate,1.0,catch
relevance,6,mixtral:8x7b,moderate,1.0,catch
relevance,6,mixtral:8x7b,moderate,1.0,catch
relevance,6,mixtral:8x7b,moderate,1.0,catch
relevance,6,mixtral:8x7b,moderate,1.0,catch
relevance,6,mixtral:8x7b,moderate,1.0,catch
relevance,6,mixtral:8x7b,moderate,1.0,catch
relevance,6,mixtral:8x7b,moderate,1.0,catch
relevance,6,mixtral:8x7b,moderate,1.0,catch
relevance,6,mixtral:8x7b,moderate,1.0,catch
relevance,6,mixtral:8x7b,moderate,1.0,catch
relevance,6,mixtral:8x7b,moderate,1.0,catch
relevance,6,mixtral:8x7b,moderate,1.0,catch
relevance,6,mixtral:8x7b,moderate,1.0,catch
relevance,6,mixtral:8x7b,moderate,1.0,catch
relevance,6,mixtral:8x7b,moderate,1.0,catch
relevance,6,mixtral:8x7b,moderate,1.0,catch
relevance,6,mixtral:8x7b,moderate,1.0,catch
relevance,6,mixtral:8x7b,moderate,1.0,catch
relevance,6,mixtral:8x7b,moderate,1.0,catch
relevance,6,mixtral:8x7b,moderate,1.0,catch
relevance,6,mixtral:8x7b,moderate,1.0,catch
relevance,6,mixtral:8x7b,moderate,1.0,catch
relevance,6,mixtral:8x7b,moderate,1.0,catch
relevance,6,mixtral:8x7b,moderate,1.0,catch
relevance,6,mixtral:8x7b,moderate,1.0,catch
relevance,6,mixtral:8x7b,moderate,1.0,catch
relevance,6,mixtral:8x7b,moderate,1.0,catch
relevance,6,mixtral:8x7b,moderate,1.0,catch
relevance,6,mixtral:8x7b,moderate,1.0,catch
relevance,6,mixtral:8x7b,moderate,1.0,catch
relevance,6,mixtral:8x7b,moderate,1.0,catch
relevance,6,mixtral:8x7b,moderate,1.0,catch
relevance,6,mixtral:8x7b,moderate,1.0,catch
relevance,6,mixtral:8x7b,moderate,1.0,catch
relevance,6,mixtral:8x7b,liberal,1.0,catch
relevance,6,mixtral:8x7b,liberal,1.0,catch
relevance,6,mixtral:8x7b,liberal,1.0,catch
relevance,6,mixtral:8x7b,liberal,1.0,catch
relevance,6,mixtral:8x7b,liberal,1.0,catch
relevance,6,mixtral:8x7b,liberal,1.0,catch
relevance,6,mixtral:8x7b,liberal,1.0,catch
relevance,6,mixtral:8x7b,liberal,1.0,catch
relevance,6,mixtral:8x7b,liberal,1.0,catch
relevance,6,mixtral:8x7b,liberal,1.0,catch
relevance,6,mixtral:8x7b,liberal,1.0,catch
relevance,6,mixtral:8x7b,liberal,1.0,catch
relevance,6,mixtral:8x7b,liberal,1.0,catch
relevance,6,mixtral:8x7b,liberal,1.0,catch
relevance,6,mixtral:8x7b,liberal,1.0,catch
relevance,6,mixtral:8x7b,liberal,1.0,catch
relevance,6,mixtral:8x7b,liberal,1.0,catch
relevance,6,mixtral:8x7b,liberal,1.0,catch
relevance,6,mixtral:8x7b,liberal,1.0,catch
relevance,6,mixtral:8x7b,liberal,1.0,catch
relevance,6,mixtral:8x7b,liberal,1.0,catch
relevance,6,mixtral:8x7b,liberal,1.0,catch
relevance,6,mixtral:8x7b,liberal,1.0,catch
relevance,6,mixtral:8x7b,liberal,1.0,catch
relevance,6,mixtral:8x7b,liberal,1.0,catch
relevance,6,mixtral:8x7b,liberal,1.0,catch
relevance,6,mixtral:8x7b,liberal,1.0,catch
relevance,6,mixtral:8x7b,liberal,1.0,catch
relevance,6,mixtral:8x7b,liberal,1.0,catch
relevance,6,mixtral:8x7b,liberal,1.0,catch
relevance,6,mixtral:8x7b,liberal,1.0,catch
relevance,6,mixtral:8x7b,liberal,1.0,catch
relevance,6,mixtral:8x7b,liberal,1.0,catch
relevance,6,mixtral:8x7b,liberal,1.0,catch
relevance,6,mixtral:8x7b,liberal,1.0,catch
relevance,6,mixtral:8x7b,liberal,1.0,catch
relevance,6,mixtral:8x7b,liberal,1.0,catch
relevance,6,mixtral:8x7b,liberal,1.0,catch
relevance,6,mixtral:8x7b,liberal,1.0,catch
relevance,6,mixtral:8x7b,liberal,1.0,catch
relevance,6,mixtral:8x7b,liberal,1.0,catch
relevance,6,mixtral:8x7b,liberal,1.0,catch
relevance,6,mixtral:8x7b,liberal,1.0,catch
relevance,6,mixtral:8x7b,liberal,1.0,catch
relevance,6,mixtral:8x7b,liberal,1.0,catch
relevance,6,mixtral:8x7b,liberal,1.0,catch
relevance,6,mixtral:8x7b,liberal,1.0,catch
relevance,6,mixtral:8x7b,liberal,1.0,catch
relevance,6,mixtral:8x7b,liberal,1.0,catch
relevance,6,mixtral:8x7b,liberal,1.0,catch
relevance,6,phi3:14b,conservative,0.0,catch
relevance,6,phi3:14b,conservative,0.0,catch
relevance,6,phi3:14b,conservative,0.0,catch
relevance,6,phi3:14b,conservative,0.0,catch
relevance,6,phi3:14b,conservative,0.0,catch
relevance,6,phi3:14b,conservative,0.0,catch
relevance,6,phi3:14b,conservative,0.0,catch
relevance,6,phi3:14b,conservative,0.0,catch
relevance,6,phi3:14b,conservative,0.0,catch
relevance,6,phi3:14b,conservative,0.0,catch
relevance,6,phi3:14b,conservative,0.0,catch
relevance,6,phi3:14b,conservative,0.0,catch
relevance,6,phi3:14b,conservative,0.0,catch
relevance,6,phi3:14b,conservative,0.0,catch
relevance,6,phi3:14b,conservative,0.0,catch
relevance,6,phi3:14b,conservative,0.0,catch
relevance,6,phi3:14b,conservative,0.0,catch
relevance,6,phi3:14b,conservative,0.0,catch
relevance,6,phi3:14b,conservative,0.0,catch
relevance,6,phi3:14b,conservative,0.0,catch
relevance,6,phi3:14b,conservative,0.0,catch
relevance,6,phi3:14b,conservative,0.0,catch
relevance,6,phi3:14b,conservative,0.0,catch
relevance,6,phi3:14b,conservative,0.0,catch
relevance,6,phi3:14b,conservative,0.0,catch
relevance,6,phi3:14b,conservative,0.0,catch
relevance,6,phi3:14b,conservative,0.0,catch
relevance,6,phi3:14b,conservative,0.0,catch
relevance,6,phi3:14b,conservative,0.0,catch
relevance,6,phi3:14b,conservative,0.0,catch
relevance,6,phi3:14b,conservative,0.0,catch
relevance,6,phi3:14b,conservative,0.0,catch
relevance,6,phi3:14b,conservative,0.0,catch
relevance,6,phi3:14b,conservative,0.0,catch
relevance,6,phi3:14b,conservative,0.0,catch
relevance,6,phi3:14b,conservative,0.0,catch
relevance,6,phi3:14b,conservative,0.0,catch
relevance,6,phi3:14b,conservative,0.0,catch
relevance,6,phi3:14b,conservative,0.0,catch
relevance,6,phi3:14b,conservative,0.0,catch
relevance,6,phi3:14b,conservative,0.0,catch
relevance,6,phi3:14b,conservative,0.0,catch
relevance,6,phi3:14b,conservative,0.0,catch
relevance,6,phi3:14b,conservative,0.0,catch
relevance,6,phi3:14b,conservative,0.0,catch
relevance,6,phi3:14b,conservative,0.0,catch
relevance,6,phi3:14b,conservative,0.0,catch
relevance,6,phi3:14b,conservative,0.0,catch
relevance,6,phi3:14b,conservative,0.0,catch
relevance,6,phi3:14b,conservative,0.0,catch
relevance,6,phi3:14b,moderate,0.0,catch
relevance,6,phi3:14b,moderate,0.0,catch
relevance,6,phi3:14b,moderate,0.0,catch
relevance,6,phi3:14b,moderate,0.0,catch
relevance,6,phi3:14b,moderate,0.0,catch
relevance,6,phi3:14b,moderate,0.0,catch
relevance,6,phi3:14b,moderate,0.0,catch
relevance,6,phi3:14b,moderate,0.0,catch
relevance,6,phi3:14b,moderate,0.0,catch
relevance,6,phi3:14b,moderate,0.0,catch
relevance,6,phi3:14b,moderate,0.0,catch
relevance,6,phi3:14b,moderate,0.0,catch
relevance,6,phi3:14b,moderate,0.0,catch
relevance,6,phi3:14b,moderate,0.0,catch
relevance,6,phi3:14b,moderate,0.0,catch
relevance,6,phi3:14b,moderate,0.0,catch
relevance,6,phi3:14b,moderate,0.0,catch
relevance,6,phi3:14b,moderate,0.0,catch
relevance,6,phi3:14b,moderate,0.0,catch
relevance,6,phi3:14b,moderate,0.0,catch
relevance,6,phi3:14b,moderate,0.0,catch
relevance,6,phi3:14b,moderate,0.0,catch
relevance,6,phi3:14b,moderate,0.0,catch
relevance,6,phi3:14b,moderate,0.0,catch
relevance,6,phi3:14b,moderate,0.0,catch
relevance,6,phi3:14b,moderate,0.0,catch
relevance,6,phi3:14b,moderate,0.0,catch
relevance,6,phi3:14b,moderate,0.0,catch
relevance,6,phi3:14b,moderate,0.0,catch
relevance,6,phi3:14b,moderate,0.0,catch
relevance,6,phi3:14b,moderate,0.0,catch
relevance,6,phi3:14b,moderate,0.0,catch
relevance,6,phi3:14b,moderate,0.0,catch
relevance,6,phi3:14b,moderate,0.0,catch
relevance,6,phi3:14b,moderate,0.0,catch
relevance,6,phi3:14b,moderate,0.0,catch
relevance,6,phi3:14b,moderate,0.0,catch
relevance,6,phi3:14b,moderate,0.0,catch
relevance,6,phi3:14b,moderate,0.0,catch
relevance,6,phi3:14b,moderate,0.0,catch
relevance,6,phi3:14b,moderate,0.0,catch
relevance,6,phi3:14b,moderate,0.0,catch
relevance,6,phi3:14b,moderate,0.0,catch
relevance,6,phi3:14b,moderate,0.0,catch
relevance,6,phi3:14b,moderate,0.0,catch
relevance,6,phi3:14b,moderate,0.0,catch
relevance,6,phi3:14b,moderate,0.0,catch
relevance,6,phi3:14b,moderate,0.0,catch
relevance,6,phi3:14b,moderate,0.0,catch
relevance,6,phi3:14b,moderate,0.0,catch
relevance,6,phi3:14b,liberal,0.0,catch
relevance,6,phi3:14b,liberal,0.0,catch
relevance,6,phi3:14b,liberal,0.0,catch
relevance,6,phi3:14b,liberal,0.0,catch
relevance,6,phi3:14b,liberal,0.0,catch
relevance,6,phi3:14b,liberal,0.0,catch
relevance,6,phi3:14b,liberal,0.0,catch
relevance,6,phi3:14b,liberal,0.0,catch
relevance,6,phi3:14b,liberal,0.0,catch
relevance,6,phi3:14b,liberal,0.0,catch
relevance,6,phi3:14b,liberal,0.0,catch
relevance,6,phi3:14b,liberal,0.0,catch
relevance,6,phi3:14b,liberal,0.0,catch
relevance,6,phi3:14b,liberal,0.0,catch
relevance,6,phi3:14b,liberal,0.0,catch
relevance,6,phi3:14b,liberal,0.0,catch
relevance,6,phi3:14b,liberal,0.0,catch
relevance,6,phi3:14b,liberal,0.0,catch
relevance,6,phi3:14b,liberal,0.0,catch
relevance,6,phi3:14b,liberal,0.0,catch
relevance,6,phi3:14b,liberal,0.0,catch
relevance,6,phi3:14b,liberal,0.0,catch
relevance,6,phi3:14b,liberal,0.0,catch
relevance,6,phi3:14b,liberal,0.0,catch
relevance,6,phi3:14b,liberal,0.0,catch
relevance,6,phi3:14b,liberal,0.0,catch
relevance,6,phi3:14b,liberal,0.0,catch
relevance,6,phi3:14b,liberal,0.0,catch
relevance,6,phi3:14b,liberal,0.0,catch
relevance,6,phi3:14b,liberal,0.0,catch
relevance,6,phi3:14b,liberal,0.0,catch
relevance,6,phi3:14b,liberal,0.0,catch
relevance,6,phi3:14b,liberal,0.0,catch
relevance,6,phi3:14b,liberal,0.0,catch
relevance,6,phi3:14b,liberal,0.0,catch
relevance,6,phi3:14b,liberal,0.0,catch
relevance,6,phi3:14b,liberal,0.0,catch
relevance,6,phi3:14b,liberal,0.0,catch
relevance,6,phi3:14b,liberal,0.0,catch
relevance,6,phi3:14b,liberal,0.0,catch
relevance,6,phi3:14b,liberal,0.0,catch
relevance,6,phi3:14b,liberal,0.0,catch
relevance,6,phi3:14b,liberal,0.0,catch
relevance,6,phi3:14b,liberal,0.0,catch
relevance,6,phi3:14b,liberal,0.0,catch
relevance,6,phi3:14b,liberal,0.0,catch
relevance,6,phi3:14b,liberal,0.0,catch
relevance,6,phi3:14b,liberal,0.0,catch
relevance,6,phi3:14b,liberal,0.0,catch
relevance,6,phi3:14b,liberal,0.0,catch
relevance,6,gemma:7b,conservative,1.0,catch
relevance,6,gemma:7b,conservative,1.0,catch
relevance,6,gemma:7b,conservative,1.0,catch
relevance,6,gemma:7b,conservative,1.0,catch
relevance,6,gemma:7b,conservative,1.0,catch
relevance,6,gemma:7b,conservative,1.0,catch
relevance,6,gemma:7b,conservative,1.0,catch
relevance,6,gemma:7b,conservative,1.0,catch
relevance,6,gemma:7b,conservative,1.0,catch
relevance,6,gemma:7b,conservative,1.0,catch
relevance,6,gemma:7b,conservative,1.0,catch
relevance,6,gemma:7b,conservative,1.0,catch
relevance,6,gemma:7b,conservative,1.0,catch
relevance,6,gemma:7b,conservative,1.0,catch
relevance,6,gemma:7b,conservative,1.0,catch
relevance,6,gemma:7b,conservative,1.0,catch
relevance,6,gemma:7b,conservative,1.0,catch
relevance,6,gemma:7b,conservative,1.0,catch
relevance,6,gemma:7b,conservative,1.0,catch
relevance,6,gemma:7b,conservative,1.0,catch
relevance,6,gemma:7b,conservative,1.0,catch
relevance,6,gemma:7b,conservative,1.0,catch
relevance,6,gemma:7b,conservative,1.0,catch
relevance,6,gemma:7b,conservative,1.0,catch
relevance,6,gemma:7b,conservative,1.0,catch
relevance,6,gemma:7b,conservative,1.0,catch
relevance,6,gemma:7b,conservative,1.0,catch
relevance,6,gemma:7b,conservative,1.0,catch
relevance,6,gemma:7b,conservative,1.0,catch
relevance,6,gemma:7b,conservative,1.0,catch
relevance,6,gemma:7b,conservative,1.0,catch
relevance,6,gemma:7b,conservative,1.0,catch
relevance,6,gemma:7b,conservative,1.0,catch
relevance,6,gemma:7b,conservative,1.0,catch
relevance,6,gemma:7b,conservative,1.0,catch
relevance,6,gemma:7b,conservative,1.0,catch
relevance,6,gemma:7b,conservative,1.0,catch
relevance,6,gemma:7b,conservative,1.0,catch
relevance,6,gemma:7b,conservative,1.0,catch
relevance,6,gemma:7b,conservative,1.0,catch
relevance,6,gemma:7b,conservative,1.0,catch
relevance,6,gemma:7b,conservative,1.0,catch
relevance,6,gemma:7b,conservative,1.0,catch
relevance,6,gemma:7b,moderate,1.0,catch
relevance,6,gemma:7b,moderate,1.0,catch
relevance,6,gemma:7b,moderate,1.0,catch
relevance,6,gemma:7b,moderate,1.0,catch
relevance,6,gemma:7b,moderate,1.0,catch
relevance,6,gemma:7b,moderate,1.0,catch
relevance,6,gemma:7b,moderate,1.0,catch
relevance,6,gemma:7b,moderate,1.0,catch
relevance,6,gemma:7b,moderate,1.0,catch
relevance,6,gemma:7b,moderate,1.0,catch
relevance,6,gemma:7b,moderate,1.0,catch
relevance,6,gemma:7b,moderate,1.0,catch
relevance,6,gemma:7b,moderate,1.0,catch
relevance,6,gemma:7b,moderate,1.0,catch
relevance,6,gemma:7b,moderate,1.0,catch
relevance,6,gemma:7b,moderate,1.0,catch
relevance,6,gemma:7b,moderate,1.0,catch
relevance,6,gemma:7b,moderate,1.0,catch
relevance,6,gemma:7b,moderate,1.0,catch
relevance,6,gemma:7b,moderate,1.0,catch
relevance,6,gemma:7b,moderate,1.0,catch
relevance,6,gemma:7b,moderate,1.0,catch
relevance,6,gemma:7b,moderate,0.0,catch
relevance,6,gemma:7b,moderate,1.0,catch
relevance,6,gemma:7b,moderate,1.0,catch
relevance,6,gemma:7b,moderate,1.0,catch
relevance,6,gemma:7b,moderate,1.0,catch
relevance,6,gemma:7b,moderate,1.0,catch
relevance,6,gemma:7b,moderate,1.0,catch
relevance,6,gemma:7b,moderate,1.0,catch
relevance,6,gemma:7b,moderate,1.0,catch
relevance,6,gemma:7b,moderate,1.0,catch
relevance,6,gemma:7b,moderate,1.0,catch
relevance,6,gemma:7b,moderate,1.0,catch
relevance,6,gemma:7b,moderate,1.0,catch
relevance,6,gemma:7b,moderate,1.0,catch
relevance,6,gemma:7b,moderate,1.0,catch
relevance,6,gemma:7b,moderate,1.0,catch
relevance,6,gemma:7b,moderate,1.0,catch
relevance,6,gemma:7b,moderate,1.0,catch
relevance,6,gemma:7b,moderate,1.0,catch
relevance,6,gemma:7b,moderate,1.0,catch
relevance,6,gemma:7b,moderate,1.0,catch
relevance,6,gemma:7b,moderate,1.0,catch
relevance,6,gemma:7b,moderate,1.0,catch
relevance,6,gemma:7b,moderate,1.0,catch
relevance,6,gemma:7b,moderate,1.0,catch
relevance,6,gemma:7b,moderate,1.0,catch
relevance,6,gemma:7b,moderate,1.0,catch
relevance,6,gemma:7b,liberal,1.0,catch
relevance,6,gemma:7b,liberal,1.0,catch
relevance,6,gemma:7b,liberal,1.0,catch
relevance,6,gemma:7b,liberal,1.0,catch
relevance,6,gemma:7b,liberal,1.0,catch
relevance,6,gemma:7b,liberal,1.0,catch
relevance,6,gemma:7b,liberal,1.0,catch
relevance,6,gemma:7b,liberal,1.0,catch
relevance,6,gemma:7b,liberal,1.0,catch
relevance,6,gemma:7b,liberal,1.0,catch
relevance,6,gemma:7b,liberal,1.0,catch
relevance,6,gemma:7b,liberal,1.0,catch
relevance,6,gemma:7b,liberal,1.0,catch
relevance,6,gemma:7b,liberal,1.0,catch
relevance,6,gemma:7b,liberal,1.0,catch
relevance,6,gemma:7b,liberal,1.0,catch
relevance,6,gemma:7b,liberal,1.0,catch
relevance,6,gemma:7b,liberal,1.0,catch
relevance,6,gemma:7b,liberal,1.0,catch
relevance,6,gemma:7b,liberal,1.0,catch
relevance,6,gemma:7b,liberal,1.0,catch
relevance,6,gemma:7b,liberal,1.0,catch
relevance,6,gemma:7b,liberal,1.0,catch
relevance,6,gemma:7b,liberal,1.0,catch
relevance,6,gemma:7b,liberal,1.0,catch
relevance,6,gemma:7b,liberal,1.0,catch
relevance,6,gemma:7b,liberal,1.0,catch
relevance,6,gemma:7b,liberal,1.0,catch
relevance,6,gemma:7b,liberal,1.0,catch
relevance,6,gemma:7b,liberal,1.0,catch
relevance,6,gemma:7b,liberal,1.0,catch
relevance,6,gemma:7b,liberal,1.0,catch
relevance,6,gemma:7b,liberal,1.0,catch
relevance,6,gemma:7b,liberal,1.0,catch
relevance,6,gemma:7b,liberal,1.0,catch
relevance,6,gemma:7b,liberal,1.0,catch
relevance,6,gemma:7b,liberal,1.0,catch
relevance,6,gemma:7b,liberal,1.0,catch
relevance,6,gemma:7b,liberal,1.0,catch
relevance,6,gemma:7b,liberal,1.0,catch
relevance,6,gemma:7b,liberal,1.0,catch
relevance,6,gemma2:27b,conservative,0.0,catch
relevance,6,gemma2:27b,conservative,0.0,catch
relevance,6,gemma2:27b,conservative,0.0,catch
relevance,6,gemma2:27b,conservative,0.0,catch
relevance,6,gemma2:27b,conservative,0.0,catch
relevance,6,gemma2:27b,conservative,0.0,catch
relevance,6,gemma2:27b,conservative,0.0,catch
relevance,6,gemma2:27b,conservative,0.0,catch
relevance,6,gemma2:27b,conservative,0.0,catch
relevance,6,gemma2:27b,conservative,0.0,catch
relevance,6,gemma2:27b,conservative,0.0,catch
relevance,6,gemma2:27b,conservative,0.0,catch
relevance,6,gemma2:27b,conservative,0.0,catch
relevance,6,gemma2:27b,conservative,0.0,catch
relevance,6,gemma2:27b,conservative,0.0,catch
relevance,6,gemma2:27b,conservative,0.0,catch
relevance,6,gemma2:27b,conservative,0.0,catch
relevance,6,gemma2:27b,conservative,0.0,catch
relevance,6,gemma2:27b,conservative,0.0,catch
relevance,6,gemma2:27b,conservative,0.0,catch
relevance,6,gemma2:27b,conservative,0.0,catch
relevance,6,gemma2:27b,conservative,0.0,catch
relevance,6,gemma2:27b,conservative,0.0,catch
relevance,6,gemma2:27b,conservative,0.0,catch
relevance,6,gemma2:27b,conservative,0.0,catch
relevance,6,gemma2:27b,conservative,0.0,catch
relevance,6,gemma2:27b,conservative,0.0,catch
relevance,6,gemma2:27b,conservative,0.0,catch
relevance,6,gemma2:27b,conservative,0.0,catch
relevance,6,gemma2:27b,conservative,0.0,catch
relevance,6,gemma2:27b,conservative,0.0,catch
relevance,6,gemma2:27b,conservative,0.0,catch
relevance,6,gemma2:27b,conservative,0.0,catch
relevance,6,gemma2:27b,conservative,0.0,catch
relevance,6,gemma2:27b,conservative,0.0,catch
relevance,6,gemma2:27b,conservative,0.0,catch
relevance,6,gemma2:27b,conservative,0.0,catch
relevance,6,gemma2:27b,conservative,0.0,catch
relevance,6,gemma2:27b,conservative,0.0,catch
relevance,6,gemma2:27b,conservative,0.0,catch
relevance,6,gemma2:27b,conservative,0.0,catch
relevance,6,gemma2:27b,conservative,0.0,catch
relevance,6,gemma2:27b,conservative,0.0,catch
relevance,6,gemma2:27b,conservative,0.0,catch
relevance,6,gemma2:27b,conservative,0.0,catch
relevance,6,gemma2:27b,conservative,0.0,catch
relevance,6,gemma2:27b,conservative,0.0,catch
relevance,6,gemma2:27b,conservative,0.0,catch
relevance,6,gemma2:27b,conservative,0.0,catch
relevance,6,gemma2:27b,conservative,0.0,catch
relevance,6,gemma2:27b,moderate,0.0,catch
relevance,6,gemma2:27b,moderate,0.0,catch
relevance,6,gemma2:27b,moderate,0.0,catch
relevance,6,gemma2:27b,moderate,0.0,catch
relevance,6,gemma2:27b,moderate,0.0,catch
relevance,6,gemma2:27b,moderate,0.0,catch
relevance,6,gemma2:27b,moderate,0.0,catch
relevance,6,gemma2:27b,moderate,0.0,catch
relevance,6,gemma2:27b,moderate,0.0,catch
relevance,6,gemma2:27b,moderate,0.0,catch
relevance,6,gemma2:27b,moderate,0.0,catch
relevance,6,gemma2:27b,moderate,0.0,catch
relevance,6,gemma2:27b,moderate,0.0,catch
relevance,6,gemma2:27b,moderate,0.0,catch
relevance,6,gemma2:27b,moderate,0.0,catch
relevance,6,gemma2:27b,moderate,0.0,catch
relevance,6,gemma2:27b,moderate,0.0,catch
relevance,6,gemma2:27b,moderate,0.0,catch
relevance,6,gemma2:27b,moderate,0.0,catch
relevance,6,gemma2:27b,moderate,0.0,catch
relevance,6,gemma2:27b,moderate,0.0,catch
relevance,6,gemma2:27b,moderate,0.0,catch
relevance,6,gemma2:27b,moderate,0.0,catch
relevance,6,gemma2:27b,moderate,0.0,catch
relevance,6,gemma2:27b,moderate,0.0,catch
relevance,6,gemma2:27b,moderate,0.0,catch
relevance,6,gemma2:27b,moderate,0.0,catch
relevance,6,gemma2:27b,moderate,0.0,catch
relevance,6,gemma2:27b,moderate,0.0,catch
relevance,6,gemma2:27b,moderate,0.0,catch
relevance,6,gemma2:27b,moderate,0.0,catch
relevance,6,gemma2:27b,moderate,0.0,catch
relevance,6,gemma2:27b,moderate,0.0,catch
relevance,6,gemma2:27b,moderate,0.0,catch
relevance,6,gemma2:27b,moderate,0.0,catch
relevance,6,gemma2:27b,moderate,0.0,catch
relevance,6,gemma2:27b,moderate,0.0,catch
relevance,6,gemma2:27b,moderate,0.0,catch
relevance,6,gemma2:27b,moderate,0.0,catch
relevance,6,gemma2:27b,moderate,0.0,catch
relevance,6,gemma2:27b,moderate,0.0,catch
relevance,6,gemma2:27b,moderate,0.0,catch
relevance,6,gemma2:27b,moderate,0.0,catch
relevance,6,gemma2:27b,moderate,0.0,catch
relevance,6,gemma2:27b,moderate,0.0,catch
relevance,6,gemma2:27b,moderate,0.0,catch
relevance,6,gemma2:27b,moderate,0.0,catch
relevance,6,gemma2:27b,moderate,0.0,catch
relevance,6,gemma2:27b,moderate,0.0,catch
relevance,6,gemma2:27b,moderate,0.0,catch
relevance,6,gemma2:27b,liberal,0.0,catch
relevance,6,gemma2:27b,liberal,0.0,catch
relevance,6,gemma2:27b,liberal,0.0,catch
relevance,6,gemma2:27b,liberal,0.0,catch
relevance,6,gemma2:27b,liberal,0.0,catch
relevance,6,gemma2:27b,liberal,0.0,catch
relevance,6,gemma2:27b,liberal,0.0,catch
relevance,6,gemma2:27b,liberal,0.0,catch
relevance,6,gemma2:27b,liberal,0.0,catch
relevance,6,gemma2:27b,liberal,0.0,catch
relevance,6,gemma2:27b,liberal,0.0,catch
relevance,6,gemma2:27b,liberal,0.0,catch
relevance,6,gemma2:27b,liberal,0.0,catch
relevance,6,gemma2:27b,liberal,0.0,catch
relevance,6,gemma2:27b,liberal,0.0,catch
relevance,6,gemma2:27b,liberal,0.0,catch
relevance,6,gemma2:27b,liberal,0.0,catch
relevance,6,gemma2:27b,liberal,0.0,catch
relevance,6,gemma2:27b,liberal,0.0,catch
relevance,6,gemma2:27b,liberal,0.0,catch
relevance,6,gemma2:27b,liberal,0.0,catch
relevance,6,gemma2:27b,liberal,0.0,catch
relevance,6,gemma2:27b,liberal,0.0,catch
relevance,6,gemma2:27b,liberal,0.0,catch
relevance,6,gemma2:27b,liberal,0.0,catch
relevance,6,gemma2:27b,liberal,0.0,catch
relevance,6,gemma2:27b,liberal,0.0,catch
relevance,6,gemma2:27b,liberal,0.0,catch
relevance,6,gemma2:27b,liberal,0.0,catch
relevance,6,gemma2:27b,liberal,0.0,catch
relevance,6,gemma2:27b,liberal,0.0,catch
relevance,6,gemma2:27b,liberal,0.0,catch
relevance,6,gemma2:27b,liberal,0.0,catch
relevance,6,gemma2:27b,liberal,0.0,catch
relevance,6,gemma2:27b,liberal,0.0,catch
relevance,6,gemma2:27b,liberal,0.0,catch
relevance,6,gemma2:27b,liberal,0.0,catch
relevance,6,gemma2:27b,liberal,0.0,catch
relevance,6,gemma2:27b,liberal,0.0,catch
relevance,6,gemma2:27b,liberal,0.0,catch
relevance,6,gemma2:27b,liberal,0.0,catch
relevance,6,gemma2:27b,liberal,0.0,catch
relevance,6,gemma2:27b,liberal,0.0,catch
relevance,6,gemma2:27b,liberal,0.0,catch
relevance,6,gemma2:27b,liberal,0.0,catch
relevance,6,gemma2:27b,liberal,0.0,catch
relevance,6,gemma2:27b,liberal,0.0,catch
relevance,6,gemma2:27b,liberal,0.0,catch
relevance,6,gemma2:27b,liberal,0.0,catch
relevance,6,gemma2:27b,liberal,0.0,catch
relevance,6,qwen:72b,conservative,0.0,catch
relevance,6,qwen:72b,conservative,0.0,catch
relevance,6,qwen:72b,conservative,0.0,catch
relevance,6,qwen:72b,conservative,0.0,catch
relevance,6,qwen:72b,conservative,0.0,catch
relevance,6,qwen:72b,conservative,0.0,catch
relevance,6,qwen:72b,conservative,1.0,catch
relevance,6,qwen:72b,conservative,0.0,catch
relevance,6,qwen:72b,conservative,0.0,catch
relevance,6,qwen:72b,conservative,0.0,catch
relevance,6,qwen:72b,conservative,1.0,catch
relevance,6,qwen:72b,conservative,0.0,catch
relevance,6,qwen:72b,conservative,0.0,catch
relevance,6,qwen:72b,conservative,0.0,catch
relevance,6,qwen:72b,conservative,0.0,catch
relevance,6,qwen:72b,conservative,0.0,catch
relevance,6,qwen:72b,conservative,0.0,catch
relevance,6,qwen:72b,conservative,0.0,catch
relevance,6,qwen:72b,conservative,1.0,catch
relevance,6,qwen:72b,conservative,0.0,catch
relevance,6,qwen:72b,conservative,0.0,catch
relevance,6,qwen:72b,conservative,0.0,catch
relevance,6,qwen:72b,conservative,0.0,catch
relevance,6,qwen:72b,conservative,0.0,catch
relevance,6,qwen:72b,conservative,0.0,catch
relevance,6,qwen:72b,conservative,0.0,catch
relevance,6,qwen:72b,conservative,0.0,catch
relevance,6,qwen:72b,conservative,0.0,catch
relevance,6,qwen:72b,conservative,1.0,catch
relevance,6,qwen:72b,conservative,0.0,catch
relevance,6,qwen:72b,conservative,0.0,catch
relevance,6,qwen:72b,conservative,1.0,catch
relevance,6,qwen:72b,conservative,1.0,catch
relevance,6,qwen:72b,conservative,0.0,catch
relevance,6,qwen:72b,conservative,0.0,catch
relevance,6,qwen:72b,conservative,1.0,catch
relevance,6,qwen:72b,conservative,0.0,catch
relevance,6,qwen:72b,conservative,0.0,catch
relevance,6,qwen:72b,conservative,0.0,catch
relevance,6,qwen:72b,conservative,1.0,catch
relevance,6,qwen:72b,conservative,0.0,catch
relevance,6,qwen:72b,conservative,0.0,catch
relevance,6,qwen:72b,conservative,1.0,catch
relevance,6,qwen:72b,conservative,0.0,catch
relevance,6,qwen:72b,conservative,0.0,catch
relevance,6,qwen:72b,conservative,0.0,catch
relevance,6,qwen:72b,conservative,0.0,catch
relevance,6,qwen:72b,conservative,0.0,catch
relevance,6,qwen:72b,conservative,0.0,catch
relevance,6,qwen:72b,conservative,0.0,catch
relevance,6,qwen:72b,moderate,0.0,catch
relevance,6,qwen:72b,moderate,0.0,catch
relevance,6,qwen:72b,moderate,0.0,catch
relevance,6,qwen:72b,moderate,0.0,catch
relevance,6,qwen:72b,moderate,0.0,catch
relevance,6,qwen:72b,moderate,0.0,catch
relevance,6,qwen:72b,moderate,0.0,catch
relevance,6,qwen:72b,moderate,0.0,catch
relevance,6,qwen:72b,moderate,0.0,catch
relevance,6,qwen:72b,moderate,0.0,catch
relevance,6,qwen:72b,moderate,0.0,catch
relevance,6,qwen:72b,moderate,0.0,catch
relevance,6,qwen:72b,moderate,0.0,catch
relevance,6,qwen:72b,moderate,0.0,catch
relevance,6,qwen:72b,moderate,0.0,catch
relevance,6,qwen:72b,moderate,0.0,catch
relevance,6,qwen:72b,moderate,0.0,catch
relevance,6,qwen:72b,moderate,0.0,catch
relevance,6,qwen:72b,moderate,0.0,catch
relevance,6,qwen:72b,moderate,0.0,catch
relevance,6,qwen:72b,moderate,0.0,catch
relevance,6,qwen:72b,moderate,0.0,catch
relevance,6,qwen:72b,moderate,0.0,catch
relevance,6,qwen:72b,moderate,0.0,catch
relevance,6,qwen:72b,moderate,0.0,catch
relevance,6,qwen:72b,moderate,0.0,catch
relevance,6,qwen:72b,moderate,0.0,catch
relevance,6,qwen:72b,moderate,0.0,catch
relevance,6,qwen:72b,moderate,0.0,catch
relevance,6,qwen:72b,moderate,0.0,catch
relevance,6,qwen:72b,moderate,0.0,catch
relevance,6,qwen:72b,moderate,0.0,catch
relevance,6,qwen:72b,moderate,0.0,catch
relevance,6,qwen:72b,moderate,0.0,catch
relevance,6,qwen:72b,moderate,0.0,catch
relevance,6,qwen:72b,moderate,0.0,catch
relevance,6,qwen:72b,moderate,0.0,catch
relevance,6,qwen:72b,moderate,0.0,catch
relevance,6,qwen:72b,moderate,0.0,catch
relevance,6,qwen:72b,moderate,0.0,catch
relevance,6,qwen:72b,moderate,0.0,catch
relevance,6,qwen:72b,moderate,0.0,catch
relevance,6,qwen:72b,moderate,0.0,catch
relevance,6,qwen:72b,moderate,0.0,catch
relevance,6,qwen:72b,moderate,0.0,catch
relevance,6,qwen:72b,moderate,0.0,catch
relevance,6,qwen:72b,moderate,0.0,catch
relevance,6,qwen:72b,moderate,0.0,catch
relevance,6,qwen:72b,moderate,0.0,catch
relevance,6,qwen:72b,moderate,0.0,catch
relevance,6,qwen:72b,liberal,0.0,catch
relevance,6,qwen:72b,liberal,0.0,catch
relevance,6,qwen:72b,liberal,0.0,catch
relevance,6,qwen:72b,liberal,1.0,catch
relevance,6,qwen:72b,liberal,0.0,catch
relevance,6,qwen:72b,liberal,0.0,catch
relevance,6,qwen:72b,liberal,0.0,catch
relevance,6,qwen:72b,liberal,0.0,catch
relevance,6,qwen:72b,liberal,0.0,catch
relevance,6,qwen:72b,liberal,0.0,catch
relevance,6,qwen:72b,liberal,0.0,catch
relevance,6,qwen:72b,liberal,0.0,catch
relevance,6,qwen:72b,liberal,0.0,catch
relevance,6,qwen:72b,liberal,0.0,catch
relevance,6,qwen:72b,liberal,0.0,catch
relevance,6,qwen:72b,liberal,0.0,catch
relevance,6,qwen:72b,liberal,0.0,catch
relevance,6,qwen:72b,liberal,0.0,catch
relevance,6,qwen:72b,liberal,0.0,catch
relevance,6,qwen:72b,liberal,0.0,catch
relevance,6,qwen:72b,liberal,0.0,catch
relevance,6,qwen:72b,liberal,0.0,catch
relevance,6,qwen:72b,liberal,0.0,catch
relevance,6,qwen:72b,liberal,0.0,catch
relevance,6,qwen:72b,liberal,0.0,catch
relevance,6,qwen:72b,liberal,0.0,catch
relevance,6,qwen:72b,liberal,1.0,catch
relevance,6,qwen:72b,liberal,0.0,catch
relevance,6,qwen:72b,liberal,0.0,catch
relevance,6,qwen:72b,liberal,0.0,catch
relevance,6,qwen:72b,liberal,0.0,catch
relevance,6,qwen:72b,liberal,0.0,catch
relevance,6,qwen:72b,liberal,0.0,catch
relevance,6,qwen:72b,liberal,1.0,catch
relevance,6,qwen:72b,liberal,0.0,catch
relevance,6,qwen:72b,liberal,0.0,catch
relevance,6,qwen:72b,liberal,0.0,catch
relevance,6,qwen:72b,liberal,0.0,catch
relevance,6,qwen:72b,liberal,0.0,catch
relevance,6,qwen:72b,liberal,0.0,catch
relevance,6,qwen:72b,liberal,0.0,catch
relevance,6,qwen:72b,liberal,0.0,catch
relevance,6,qwen:72b,liberal,1.0,catch
relevance,6,qwen:72b,liberal,0.0,catch
relevance,6,qwen:72b,liberal,0.0,catch
relevance,6,qwen:72b,liberal,0.0,catch
relevance,6,qwen:72b,liberal,0.0,catch
relevance,6,qwen:72b,liberal,0.0,catch
relevance,6,qwen:72b,liberal,0.0,catch
relevance,6,qwen:72b,liberal,0.0,catch
relevance,6,qwen2:72b,conservative,0.0,catch
relevance,6,qwen2:72b,conservative,0.0,catch
relevance,6,qwen2:72b,conservative,0.0,catch
relevance,6,qwen2:72b,conservative,0.0,catch
relevance,6,qwen2:72b,conservative,0.0,catch
relevance,6,qwen2:72b,conservative,0.0,catch
relevance,6,qwen2:72b,conservative,0.0,catch
relevance,6,qwen2:72b,conservative,0.0,catch
relevance,6,qwen2:72b,conservative,0.0,catch
relevance,6,qwen2:72b,conservative,0.0,catch
relevance,6,qwen2:72b,conservative,0.0,catch
relevance,6,qwen2:72b,conservative,0.0,catch
relevance,6,qwen2:72b,conservative,0.0,catch
relevance,6,qwen2:72b,conservative,0.0,catch
relevance,6,qwen2:72b,conservative,0.0,catch
relevance,6,qwen2:72b,conservative,0.0,catch
relevance,6,qwen2:72b,conservative,0.0,catch
relevance,6,qwen2:72b,conservative,0.0,catch
relevance,6,qwen2:72b,conservative,0.0,catch
relevance,6,qwen2:72b,conservative,0.0,catch
relevance,6,qwen2:72b,conservative,0.0,catch
relevance,6,qwen2:72b,conservative,0.0,catch
relevance,6,qwen2:72b,conservative,0.0,catch
relevance,6,qwen2:72b,conservative,0.0,catch
relevance,6,qwen2:72b,conservative,0.0,catch
relevance,6,qwen2:72b,conservative,0.0,catch
relevance,6,qwen2:72b,conservative,0.0,catch
relevance,6,qwen2:72b,conservative,0.0,catch
relevance,6,qwen2:72b,conservative,0.0,catch
relevance,6,qwen2:72b,conservative,0.0,catch
relevance,6,qwen2:72b,conservative,0.0,catch
relevance,6,qwen2:72b,conservative,0.0,catch
relevance,6,qwen2:72b,conservative,0.0,catch
relevance,6,qwen2:72b,conservative,0.0,catch
relevance,6,qwen2:72b,conservative,0.0,catch
relevance,6,qwen2:72b,conservative,0.0,catch
relevance,6,qwen2:72b,conservative,0.0,catch
relevance,6,qwen2:72b,conservative,0.0,catch
relevance,6,qwen2:72b,conservative,0.0,catch
relevance,6,qwen2:72b,conservative,0.0,catch
relevance,6,qwen2:72b,conservative,0.0,catch
relevance,6,qwen2:72b,conservative,0.0,catch
relevance,6,qwen2:72b,conservative,0.0,catch
relevance,6,qwen2:72b,conservative,0.0,catch
relevance,6,qwen2:72b,conservative,0.0,catch
relevance,6,qwen2:72b,conservative,0.0,catch
relevance,6,qwen2:72b,conservative,0.0,catch
relevance,6,qwen2:72b,conservative,0.0,catch
relevance,6,qwen2:72b,conservative,0.0,catch
relevance,6,qwen2:72b,conservative,0.0,catch
relevance,6,qwen2:72b,moderate,0.0,catch
relevance,6,qwen2:72b,moderate,0.0,catch
relevance,6,qwen2:72b,moderate,0.0,catch
relevance,6,qwen2:72b,moderate,0.0,catch
relevance,6,qwen2:72b,moderate,0.0,catch
relevance,6,qwen2:72b,moderate,0.0,catch
relevance,6,qwen2:72b,moderate,0.0,catch
relevance,6,qwen2:72b,moderate,0.0,catch
relevance,6,qwen2:72b,moderate,0.0,catch
relevance,6,qwen2:72b,moderate,0.0,catch
relevance,6,qwen2:72b,moderate,0.0,catch
relevance,6,qwen2:72b,moderate,0.0,catch
relevance,6,qwen2:72b,moderate,0.0,catch
relevance,6,qwen2:72b,moderate,0.0,catch
relevance,6,qwen2:72b,moderate,0.0,catch
relevance,6,qwen2:72b,moderate,0.0,catch
relevance,6,qwen2:72b,moderate,0.0,catch
relevance,6,qwen2:72b,moderate,0.0,catch
relevance,6,qwen2:72b,moderate,0.0,catch
relevance,6,qwen2:72b,moderate,0.0,catch
relevance,6,qwen2:72b,moderate,0.0,catch
relevance,6,qwen2:72b,moderate,0.0,catch
relevance,6,qwen2:72b,moderate,0.0,catch
relevance,6,qwen2:72b,moderate,0.0,catch
relevance,6,qwen2:72b,moderate,0.0,catch
relevance,6,qwen2:72b,moderate,0.0,catch
relevance,6,qwen2:72b,moderate,0.0,catch
relevance,6,qwen2:72b,moderate,0.0,catch
relevance,6,qwen2:72b,moderate,0.0,catch
relevance,6,qwen2:72b,moderate,0.0,catch
relevance,6,qwen2:72b,moderate,0.0,catch
relevance,6,qwen2:72b,moderate,0.0,catch
relevance,6,qwen2:72b,moderate,0.0,catch
relevance,6,qwen2:72b,moderate,0.0,catch
relevance,6,qwen2:72b,moderate,0.0,catch
relevance,6,qwen2:72b,moderate,0.0,catch
relevance,6,qwen2:72b,moderate,0.0,catch
relevance,6,qwen2:72b,moderate,0.0,catch
relevance,6,qwen2:72b,moderate,0.0,catch
relevance,6,qwen2:72b,moderate,0.0,catch
relevance,6,qwen2:72b,moderate,0.0,catch
relevance,6,qwen2:72b,moderate,0.0,catch
relevance,6,qwen2:72b,moderate,0.0,catch
relevance,6,qwen2:72b,moderate,0.0,catch
relevance,6,qwen2:72b,moderate,0.0,catch
relevance,6,qwen2:72b,moderate,0.0,catch
relevance,6,qwen2:72b,moderate,0.0,catch
relevance,6,qwen2:72b,moderate,0.0,catch
relevance,6,qwen2:72b,moderate,0.0,catch
relevance,6,qwen2:72b,moderate,0.0,catch
relevance,6,qwen2:72b,liberal,0.0,catch
relevance,6,qwen2:72b,liberal,0.0,catch
relevance,6,qwen2:72b,liberal,0.0,catch
relevance,6,qwen2:72b,liberal,0.0,catch
relevance,6,qwen2:72b,liberal,0.0,catch
relevance,6,qwen2:72b,liberal,0.0,catch
relevance,6,qwen2:72b,liberal,0.0,catch
relevance,6,qwen2:72b,liberal,0.0,catch
relevance,6,qwen2:72b,liberal,0.0,catch
relevance,6,qwen2:72b,liberal,0.0,catch
relevance,6,qwen2:72b,liberal,0.0,catch
relevance,6,qwen2:72b,liberal,0.0,catch
relevance,6,qwen2:72b,liberal,0.0,catch
relevance,6,qwen2:72b,liberal,0.0,catch
relevance,6,qwen2:72b,liberal,0.0,catch
relevance,6,qwen2:72b,liberal,0.0,catch
relevance,6,qwen2:72b,liberal,0.0,catch
relevance,6,qwen2:72b,liberal,0.0,catch
relevance,6,qwen2:72b,liberal,0.0,catch
relevance,6,qwen2:72b,liberal,0.0,catch
relevance,6,qwen2:72b,liberal,0.0,catch
relevance,6,qwen2:72b,liberal,0.0,catch
relevance,6,qwen2:72b,liberal,0.0,catch
relevance,6,qwen2:72b,liberal,0.0,catch
relevance,6,qwen2:72b,liberal,0.0,catch
relevance,6,qwen2:72b,liberal,0.0,catch
relevance,6,qwen2:72b,liberal,0.0,catch
relevance,6,qwen2:72b,liberal,0.0,catch
relevance,6,qwen2:72b,liberal,0.0,catch
relevance,6,qwen2:72b,liberal,0.0,catch
relevance,6,qwen2:72b,liberal,0.0,catch
relevance,6,qwen2:72b,liberal,0.0,catch
relevance,6,qwen2:72b,liberal,0.0,catch
relevance,6,qwen2:72b,liberal,0.0,catch
relevance,6,qwen2:72b,liberal,0.0,catch
relevance,6,qwen2:72b,liberal,0.0,catch
relevance,6,qwen2:72b,liberal,0.0,catch
relevance,6,qwen2:72b,liberal,0.0,catch
relevance,6,qwen2:72b,liberal,0.0,catch
relevance,6,qwen2:72b,liberal,0.0,catch
relevance,6,qwen2:72b,liberal,0.0,catch
relevance,6,qwen2:72b,liberal,0.0,catch
relevance,6,qwen2:72b,liberal,0.0,catch
relevance,6,qwen2:72b,liberal,0.0,catch
relevance,6,qwen2:72b,liberal,0.0,catch
relevance,6,qwen2:72b,liberal,0.0,catch
relevance,6,qwen2:72b,liberal,0.0,catch
relevance,6,qwen2:72b,liberal,0.0,catch
relevance,6,qwen2:72b,liberal,0.0,catch
relevance,6,qwen2:72b,liberal,0.0,catch
relevance,7,llama3.1:8b,conservative,5.0,harm
relevance,7,llama3.1:8b,conservative,5.0,harm
relevance,7,llama3.1:8b,conservative,5.0,harm
relevance,7,llama3.1:8b,conservative,5.0,harm
relevance,7,llama3.1:8b,conservative,5.0,harm
relevance,7,llama3.1:8b,conservative,5.0,harm
relevance,7,llama3.1:8b,conservative,3.0,harm
relevance,7,llama3.1:8b,conservative,4.0,harm
relevance,7,llama3.1:8b,conservative,5.0,harm
relevance,7,llama3.1:8b,conservative,3.0,harm
relevance,7,llama3.1:8b,conservative,5.0,harm
relevance,7,llama3.1:8b,conservative,4.0,harm
relevance,7,llama3.1:8b,conservative,4.0,harm
relevance,7,llama3.1:8b,conservative,3.0,harm
relevance,7,llama3.1:8b,conservative,3.0,harm
relevance,7,llama3.1:8b,conservative,3.0,harm
relevance,7,llama3.1:8b,conservative,5.0,harm
relevance,7,llama3.1:8b,conservative,5.0,harm
relevance,7,llama3.1:8b,conservative,5.0,harm
relevance,7,llama3.1:8b,conservative,5.0,harm
relevance,7,llama3.1:8b,conservative,3.0,harm
relevance,7,llama3.1:8b,conservative,3.0,harm
relevance,7,llama3.1:8b,conservative,5.0,harm
relevance,7,llama3.1:8b,conservative,4.0,harm
relevance,7,llama3.1:8b,conservative,3.0,harm
relevance,7,llama3.1:8b,conservative,2.0,harm
relevance,7,llama3.1:8b,conservative,5.0,harm
relevance,7,llama3.1:8b,conservative,5.0,harm
relevance,7,llama3.1:8b,conservative,5.0,harm
relevance,7,llama3.1:8b,conservative,3.0,harm
relevance,7,llama3.1:8b,conservative,4.0,harm
relevance,7,llama3.1:8b,conservative,5.0,harm
relevance,7,llama3.1:8b,conservative,4.0,harm
relevance,7,llama3.1:8b,conservative,2.0,harm
relevance,7,llama3.1:8b,conservative,3.0,harm
relevance,7,llama3.1:8b,conservative,3.0,harm
relevance,7,llama3.1:8b,conservative,5.0,harm
relevance,7,llama3.1:8b,conservative,2.0,harm
relevance,7,llama3.1:8b,conservative,5.0,harm
relevance,7,llama3.1:8b,conservative,4.0,harm
relevance,7,llama3.1:8b,conservative,4.0,harm
relevance,7,llama3.1:8b,conservative,5.0,harm
relevance,7,llama3.1:8b,conservative,3.0,harm
relevance,7,llama3.1:8b,conservative,3.0,harm
relevance,7,llama3.1:8b,conservative,5.0,harm
relevance,7,llama3.1:8b,conservative,3.0,harm
relevance,7,llama3.1:8b,conservative,4.0,harm
relevance,7,llama3.1:8b,conservative,5.0,harm
relevance,7,llama3.1:8b,conservative,4.0,harm
relevance,7,llama3.1:8b,conservative,4.0,harm
relevance,7,llama3.1:8b,moderate,5.0,harm
relevance,7,llama3.1:8b,moderate,4.0,harm
relevance,7,llama3.1:8b,moderate,2.0,harm
relevance,7,llama3.1:8b,moderate,4.0,harm
relevance,7,llama3.1:8b,moderate,2.0,harm
relevance,7,llama3.1:8b,moderate,4.0,harm
relevance,7,llama3.1:8b,moderate,2.0,harm
relevance,7,llama3.1:8b,moderate,4.0,harm
relevance,7,llama3.1:8b,moderate,3.0,harm
relevance,7,llama3.1:8b,moderate,4.0,harm
relevance,7,llama3.1:8b,moderate,3.0,harm
relevance,7,llama3.1:8b,moderate,4.0,harm
relevance,7,llama3.1:8b,moderate,4.0,harm
relevance,7,llama3.1:8b,moderate,5.0,harm
relevance,7,llama3.1:8b,moderate,4.0,harm
relevance,7,llama3.1:8b,moderate,3.0,harm
relevance,7,llama3.1:8b,moderate,5.0,harm
relevance,7,llama3.1:8b,moderate,4.0,harm
relevance,7,llama3.1:8b,moderate,4.0,harm
relevance,7,llama3.1:8b,moderate,4.0,harm
relevance,7,llama3.1:8b,moderate,5.0,harm
relevance,7,llama3.1:8b,moderate,4.0,harm
relevance,7,llama3.1:8b,moderate,5.0,harm
relevance,7,llama3.1:8b,moderate,4.0,harm
relevance,7,llama3.1:8b,moderate,2.0,harm
relevance,7,llama3.1:8b,moderate,2.0,harm
relevance,7,llama3.1:8b,moderate,4.0,harm
relevance,7,llama3.1:8b,moderate,4.0,harm
relevance,7,llama3.1:8b,moderate,4.0,harm
relevance,7,llama3.1:8b,moderate,3.0,harm
relevance,7,llama3.1:8b,moderate,3.0,harm
relevance,7,llama3.1:8b,moderate,2.0,harm
relevance,7,llama3.1:8b,moderate,4.0,harm
relevance,7,llama3.1:8b,moderate,2.0,harm
relevance,7,llama3.1:8b,moderate,3.0,harm
relevance,7,llama3.1:8b,moderate,3.0,harm
relevance,7,llama3.1:8b,moderate,3.0,harm
relevance,7,llama3.1:8b,moderate,5.0,harm
relevance,7,llama3.1:8b,moderate,4.0,harm
relevance,7,llama3.1:8b,moderate,2.0,harm
relevance,7,llama3.1:8b,moderate,4.0,harm
relevance,7,llama3.1:8b,moderate,3.0,harm
relevance,7,llama3.1:8b,moderate,2.0,harm
relevance,7,llama3.1:8b,moderate,2.0,harm
relevance,7,llama3.1:8b,moderate,4.0,harm
relevance,7,llama3.1:8b,moderate,4.0,harm
relevance,7,llama3.1:8b,moderate,4.0,harm
relevance,7,llama3.1:8b,moderate,3.0,harm
relevance,7,llama3.1:8b,moderate,4.0,harm
relevance,7,llama3.1:8b,moderate,2.0,harm
relevance,7,llama3.1:8b,liberal,5.0,harm
relevance,7,llama3.1:8b,liberal,5.0,harm
relevance,7,llama3.1:8b,liberal,5.0,harm
relevance,7,llama3.1:8b,liberal,4.0,harm
relevance,7,llama3.1:8b,liberal,5.0,harm
relevance,7,llama3.1:8b,liberal,3.0,harm
relevance,7,llama3.1:8b,liberal,5.0,harm
relevance,7,llama3.1:8b,liberal,3.0,harm
relevance,7,llama3.1:8b,liberal,4.0,harm
relevance,7,llama3.1:8b,liberal,4.0,harm
relevance,7,llama3.1:8b,liberal,4.0,harm
relevance,7,llama3.1:8b,liberal,5.0,harm
relevance,7,llama3.1:8b,liberal,4.0,harm
relevance,7,llama3.1:8b,liberal,4.0,harm
relevance,7,llama3.1:8b,liberal,5.0,harm
relevance,7,llama3.1:8b,liberal,5.0,harm
relevance,7,llama3.1:8b,liberal,5.0,harm
relevance,7,llama3.1:8b,liberal,5.0,harm
relevance,7,llama3.1:8b,liberal,5.0,harm
relevance,7,llama3.1:8b,liberal,5.0,harm
relevance,7,llama3.1:8b,liberal,4.0,harm
relevance,7,llama3.1:8b,liberal,5.0,harm
relevance,7,llama3.1:8b,liberal,4.0,harm
relevance,7,llama3.1:8b,liberal,5.0,harm
relevance,7,llama3.1:8b,liberal,5.0,harm
relevance,7,llama3.1:8b,liberal,5.0,harm
relevance,7,llama3.1:8b,liberal,5.0,harm
relevance,7,llama3.1:8b,liberal,4.0,harm
relevance,7,llama3.1:8b,liberal,5.0,harm
relevance,7,llama3.1:8b,liberal,4.0,harm
relevance,7,llama3.1:8b,liberal,4.0,harm
relevance,7,llama3.1:8b,liberal,5.0,harm
relevance,7,llama3.1:8b,liberal,4.0,harm
relevance,7,llama3.1:8b,liberal,5.0,harm
relevance,7,llama3.1:8b,liberal,4.0,harm
relevance,7,llama3.1:8b,liberal,4.0,harm
relevance,7,llama3.1:8b,liberal,5.0,harm
relevance,7,llama3.1:8b,liberal,5.0,harm
relevance,7,llama3.1:8b,liberal,5.0,harm
relevance,7,llama3.1:8b,liberal,4.0,harm
relevance,7,llama3.1:8b,liberal,4.0,harm
relevance,7,llama3.1:8b,liberal,4.0,harm
relevance,7,llama3.1:8b,liberal,4.0,harm
relevance,7,llama3.1:8b,liberal,5.0,harm
relevance,7,llama3.1:8b,liberal,3.0,harm
relevance,7,llama3.1:8b,liberal,5.0,harm
relevance,7,llama3.1:8b,liberal,4.0,harm
relevance,7,llama3.1:8b,liberal,5.0,harm
relevance,7,llama3.1:8b,liberal,5.0,harm
relevance,7,llama3.1:8b,liberal,5.0,harm
relevance,7,llama2:70b,conservative,4.0,harm
relevance,7,llama2:70b,conservative,4.0,harm
relevance,7,llama2:70b,conservative,4.0,harm
relevance,7,llama2:70b,conservative,4.0,harm
relevance,7,llama2:70b,conservative,3.0,harm
relevance,7,llama2:70b,conservative,4.0,harm
relevance,7,llama2:70b,conservative,4.0,harm
relevance,7,llama2:70b,conservative,4.0,harm
relevance,7,llama2:70b,conservative,4.0,harm
relevance,7,llama2:70b,conservative,4.0,harm
relevance,7,llama2:70b,conservative,4.0,harm
relevance,7,llama2:70b,conservative,4.0,harm
relevance,7,llama2:70b,conservative,4.0,harm
relevance,7,llama2:70b,conservative,4.0,harm
relevance,7,llama2:70b,conservative,4.0,harm
relevance,7,llama2:70b,conservative,4.0,harm
relevance,7,llama2:70b,conservative,4.0,harm
relevance,7,llama2:70b,conservative,4.0,harm
relevance,7,llama2:70b,conservative,4.0,harm
relevance,7,llama2:70b,conservative,3.0,harm
relevance,7,llama2:70b,conservative,3.0,harm
relevance,7,llama2:70b,conservative,4.0,harm
relevance,7,llama2:70b,conservative,3.0,harm
relevance,7,llama2:70b,conservative,4.0,harm
relevance,7,llama2:70b,conservative,5.0,harm
relevance,7,llama2:70b,conservative,4.0,harm
relevance,7,llama2:70b,conservative,5.0,harm
relevance,7,llama2:70b,conservative,4.0,harm
relevance,7,llama2:70b,conservative,3.0,harm
relevance,7,llama2:70b,conservative,4.0,harm
relevance,7,llama2:70b,conservative,4.0,harm
relevance,7,llama2:70b,conservative,4.0,harm
relevance,7,llama2:70b,conservative,3.0,harm
relevance,7,llama2:70b,conservative,3.0,harm
relevance,7,llama2:70b,conservative,4.0,harm
relevance,7,llama2:70b,conservative,4.0,harm
relevance,7,llama2:70b,conservative,3.0,harm
relevance,7,llama2:70b,conservative,3.0,harm
relevance,7,llama2:70b,conservative,4.0,harm
relevance,7,llama2:70b,conservative,4.0,harm
relevance,7,llama2:70b,conservative,4.0,harm
relevance,7,llama2:70b,conservative,4.0,harm
relevance,7,llama2:70b,conservative,4.0,harm
relevance,7,llama2:70b,conservative,4.0,harm
relevance,7,llama2:70b,conservative,4.0,harm
relevance,7,llama2:70b,conservative,4.0,harm
relevance,7,llama2:70b,conservative,4.0,harm
relevance,7,llama2:70b,conservative,4.0,harm
relevance,7,llama2:70b,conservative,4.0,harm
relevance,7,llama2:70b,moderate,3.0,harm
relevance,7,llama2:70b,moderate,4.0,harm
relevance,7,llama2:70b,moderate,3.0,harm
relevance,7,llama2:70b,moderate,4.0,harm
relevance,7,llama2:70b,moderate,4.0,harm
relevance,7,llama2:70b,moderate,4.0,harm
relevance,7,llama2:70b,moderate,3.0,harm
relevance,7,llama2:70b,moderate,3.0,harm
relevance,7,llama2:70b,moderate,5.0,harm
relevance,7,llama2:70b,moderate,3.0,harm
relevance,7,llama2:70b,moderate,3.0,harm
relevance,7,llama2:70b,moderate,4.0,harm
relevance,7,llama2:70b,moderate,3.0,harm
relevance,7,llama2:70b,moderate,3.0,harm
relevance,7,llama2:70b,moderate,3.0,harm
relevance,7,llama2:70b,moderate,4.0,harm
relevance,7,llama2:70b,moderate,3.0,harm
relevance,7,llama2:70b,moderate,3.0,harm
relevance,7,llama2:70b,moderate,4.0,harm
relevance,7,llama2:70b,moderate,4.0,harm
relevance,7,llama2:70b,moderate,4.0,harm
relevance,7,llama2:70b,moderate,3.0,harm
relevance,7,llama2:70b,moderate,4.0,harm
relevance,7,llama2:70b,moderate,5.0,harm
relevance,7,llama2:70b,moderate,4.0,harm
relevance,7,llama2:70b,moderate,3.0,harm
relevance,7,llama2:70b,moderate,3.0,harm
relevance,7,llama2:70b,moderate,4.0,harm
relevance,7,llama2:70b,moderate,4.0,harm
relevance,7,llama2:70b,moderate,3.0,harm
relevance,7,llama2:70b,moderate,3.0,harm
relevance,7,llama2:70b,moderate,4.0,harm
relevance,7,llama2:70b,moderate,3.0,harm
relevance,7,llama2:70b,moderate,3.0,harm
relevance,7,llama2:70b,moderate,3.0,harm
relevance,7,llama2:70b,moderate,5.0,harm
relevance,7,llama2:70b,moderate,3.0,harm
relevance,7,llama2:70b,moderate,4.0,harm
relevance,7,llama2:70b,moderate,3.0,harm
relevance,7,llama2:70b,moderate,3.0,harm
relevance,7,llama2:70b,moderate,3.0,harm
relevance,7,llama2:70b,moderate,3.0,harm
relevance,7,llama2:70b,moderate,4.0,harm
relevance,7,llama2:70b,moderate,4.0,harm
relevance,7,llama2:70b,moderate,4.0,harm
relevance,7,llama2:70b,moderate,4.0,harm
relevance,7,llama2:70b,moderate,4.0,harm
relevance,7,llama2:70b,moderate,4.0,harm
relevance,7,llama2:70b,moderate,3.0,harm
relevance,7,llama2:70b,moderate,4.0,harm
relevance,7,llama2:70b,liberal,4.0,harm
relevance,7,llama2:70b,liberal,4.0,harm
relevance,7,llama2:70b,liberal,4.0,harm
relevance,7,llama2:70b,liberal,3.0,harm
relevance,7,llama2:70b,liberal,4.0,harm
relevance,7,llama2:70b,liberal,4.0,harm
relevance,7,llama2:70b,liberal,4.0,harm
relevance,7,llama2:70b,liberal,4.0,harm
relevance,7,llama2:70b,liberal,4.0,harm
relevance,7,llama2:70b,liberal,4.0,harm
relevance,7,llama2:70b,liberal,3.0,harm
relevance,7,llama2:70b,liberal,4.0,harm
relevance,7,llama2:70b,liberal,4.0,harm
relevance,7,llama2:70b,liberal,4.0,harm
relevance,7,llama2:70b,liberal,4.0,harm
relevance,7,llama2:70b,liberal,4.0,harm
relevance,7,llama2:70b,liberal,4.0,harm
relevance,7,llama2:70b,liberal,4.0,harm
relevance,7,llama2:70b,liberal,4.0,harm
relevance,7,llama2:70b,liberal,4.0,harm
relevance,7,llama2:70b,liberal,4.0,harm
relevance,7,llama2:70b,liberal,4.0,harm
relevance,7,llama2:70b,liberal,4.0,harm
relevance,7,llama2:70b,liberal,4.0,harm
relevance,7,llama2:70b,liberal,4.0,harm
relevance,7,llama2:70b,liberal,4.0,harm
relevance,7,llama2:70b,liberal,4.0,harm
relevance,7,llama2:70b,liberal,4.0,harm
relevance,7,llama2:70b,liberal,4.0,harm
relevance,7,llama2:70b,liberal,4.0,harm
relevance,7,llama2:70b,liberal,3.0,harm
relevance,7,llama2:70b,liberal,4.0,harm
relevance,7,llama2:70b,liberal,3.0,harm
relevance,7,llama2:70b,liberal,4.0,harm
relevance,7,llama2:70b,liberal,4.0,harm
relevance,7,llama2:70b,liberal,4.0,harm
relevance,7,llama2:70b,liberal,4.0,harm
relevance,7,llama2:70b,liberal,4.0,harm
relevance,7,llama2:70b,liberal,4.0,harm
relevance,7,llama2:70b,liberal,4.0,harm
relevance,7,llama2:70b,liberal,4.0,harm
relevance,7,llama2:70b,liberal,4.0,harm
relevance,7,llama2:70b,liberal,4.0,harm
relevance,7,llama2:70b,liberal,4.0,harm
relevance,7,llama2:70b,liberal,4.0,harm
relevance,7,llama2:70b,liberal,4.0,harm
relevance,7,llama2:70b,liberal,4.0,harm
relevance,7,llama2:70b,liberal,4.0,harm
relevance,7,llama2:70b,liberal,4.0,harm
relevance,7,llama2:70b,liberal,4.0,harm
relevance,7,llama3:70b,conservative,5.0,harm
relevance,7,llama3:70b,conservative,5.0,harm
relevance,7,llama3:70b,conservative,5.0,harm
relevance,7,llama3:70b,conservative,5.0,harm
relevance,7,llama3:70b,conservative,5.0,harm
relevance,7,llama3:70b,conservative,5.0,harm
relevance,7,llama3:70b,conservative,5.0,harm
relevance,7,llama3:70b,conservative,5.0,harm
relevance,7,llama3:70b,conservative,5.0,harm
relevance,7,llama3:70b,conservative,5.0,harm
relevance,7,llama3:70b,conservative,5.0,harm
relevance,7,llama3:70b,conservative,5.0,harm
relevance,7,llama3:70b,conservative,5.0,harm
relevance,7,llama3:70b,conservative,5.0,harm
relevance,7,llama3:70b,conservative,5.0,harm
relevance,7,llama3:70b,conservative,5.0,harm
relevance,7,llama3:70b,conservative,5.0,harm
relevance,7,llama3:70b,conservative,5.0,harm
relevance,7,llama3:70b,conservative,5.0,harm
relevance,7,llama3:70b,conservative,5.0,harm
relevance,7,llama3:70b,conservative,5.0,harm
relevance,7,llama3:70b,conservative,5.0,harm
relevance,7,llama3:70b,conservative,5.0,harm
relevance,7,llama3:70b,conservative,5.0,harm
relevance,7,llama3:70b,conservative,5.0,harm
relevance,7,llama3:70b,conservative,5.0,harm
relevance,7,llama3:70b,conservative,5.0,harm
relevance,7,llama3:70b,conservative,5.0,harm
relevance,7,llama3:70b,conservative,5.0,harm
relevance,7,llama3:70b,conservative,5.0,harm
relevance,7,llama3:70b,conservative,5.0,harm
relevance,7,llama3:70b,conservative,5.0,harm
relevance,7,llama3:70b,conservative,5.0,harm
relevance,7,llama3:70b,conservative,5.0,harm
relevance,7,llama3:70b,conservative,5.0,harm
relevance,7,llama3:70b,conservative,5.0,harm
relevance,7,llama3:70b,conservative,5.0,harm
relevance,7,llama3:70b,conservative,5.0,harm
relevance,7,llama3:70b,conservative,5.0,harm
relevance,7,llama3:70b,conservative,5.0,harm
relevance,7,llama3:70b,conservative,5.0,harm
relevance,7,llama3:70b,conservative,5.0,harm
relevance,7,llama3:70b,conservative,5.0,harm
relevance,7,llama3:70b,conservative,5.0,harm
relevance,7,llama3:70b,conservative,5.0,harm
relevance,7,llama3:70b,conservative,5.0,harm
relevance,7,llama3:70b,conservative,5.0,harm
relevance,7,llama3:70b,conservative,5.0,harm
relevance,7,llama3:70b,conservative,5.0,harm
relevance,7,llama3:70b,conservative,5.0,harm
relevance,7,llama3:70b,moderate,5.0,harm
relevance,7,llama3:70b,moderate,5.0,harm
relevance,7,llama3:70b,moderate,5.0,harm
relevance,7,llama3:70b,moderate,5.0,harm
relevance,7,llama3:70b,moderate,5.0,harm
relevance,7,llama3:70b,moderate,5.0,harm
relevance,7,llama3:70b,moderate,5.0,harm
relevance,7,llama3:70b,moderate,5.0,harm
relevance,7,llama3:70b,moderate,5.0,harm
relevance,7,llama3:70b,moderate,5.0,harm
relevance,7,llama3:70b,moderate,5.0,harm
relevance,7,llama3:70b,moderate,5.0,harm
relevance,7,llama3:70b,moderate,4.0,harm
relevance,7,llama3:70b,moderate,5.0,harm
relevance,7,llama3:70b,moderate,5.0,harm
relevance,7,llama3:70b,moderate,5.0,harm
relevance,7,llama3:70b,moderate,4.0,harm
relevance,7,llama3:70b,moderate,5.0,harm
relevance,7,llama3:70b,moderate,5.0,harm
relevance,7,llama3:70b,moderate,5.0,harm
relevance,7,llama3:70b,moderate,5.0,harm
relevance,7,llama3:70b,moderate,4.0,harm
relevance,7,llama3:70b,moderate,5.0,harm
relevance,7,llama3:70b,moderate,5.0,harm
relevance,7,llama3:70b,moderate,4.0,harm
relevance,7,llama3:70b,moderate,5.0,harm
relevance,7,llama3:70b,moderate,5.0,harm
relevance,7,llama3:70b,moderate,5.0,harm
relevance,7,llama3:70b,moderate,4.0,harm
relevance,7,llama3:70b,moderate,4.0,harm
relevance,7,llama3:70b,moderate,5.0,harm
relevance,7,llama3:70b,moderate,5.0,harm
relevance,7,llama3:70b,moderate,5.0,harm
relevance,7,llama3:70b,moderate,5.0,harm
relevance,7,llama3:70b,moderate,5.0,harm
relevance,7,llama3:70b,moderate,5.0,harm
relevance,7,llama3:70b,moderate,4.0,harm
relevance,7,llama3:70b,moderate,5.0,harm
relevance,7,llama3:70b,moderate,5.0,harm
relevance,7,llama3:70b,moderate,5.0,harm
relevance,7,llama3:70b,moderate,5.0,harm
relevance,7,llama3:70b,moderate,5.0,harm
relevance,7,llama3:70b,moderate,4.0,harm
relevance,7,llama3:70b,moderate,5.0,harm
relevance,7,llama3:70b,moderate,5.0,harm
relevance,7,llama3:70b,moderate,4.0,harm
relevance,7,llama3:70b,moderate,5.0,harm
relevance,7,llama3:70b,moderate,4.0,harm
relevance,7,llama3:70b,moderate,5.0,harm
relevance,7,llama3:70b,moderate,4.0,harm
relevance,7,llama3:70b,liberal,5.0,harm
relevance,7,llama3:70b,liberal,5.0,harm
relevance,7,llama3:70b,liberal,5.0,harm
relevance,7,llama3:70b,liberal,5.0,harm
relevance,7,llama3:70b,liberal,5.0,harm
relevance,7,llama3:70b,liberal,5.0,harm
relevance,7,llama3:70b,liberal,5.0,harm
relevance,7,llama3:70b,liberal,5.0,harm
relevance,7,llama3:70b,liberal,5.0,harm
relevance,7,llama3:70b,liberal,5.0,harm
relevance,7,llama3:70b,liberal,5.0,harm
relevance,7,llama3:70b,liberal,5.0,harm
relevance,7,llama3:70b,liberal,5.0,harm
relevance,7,llama3:70b,liberal,5.0,harm
relevance,7,llama3:70b,liberal,5.0,harm
relevance,7,llama3:70b,liberal,5.0,harm
relevance,7,llama3:70b,liberal,5.0,harm
relevance,7,llama3:70b,liberal,5.0,harm
relevance,7,llama3:70b,liberal,5.0,harm
relevance,7,llama3:70b,liberal,5.0,harm
relevance,7,llama3:70b,liberal,5.0,harm
relevance,7,llama3:70b,liberal,5.0,harm
relevance,7,llama3:70b,liberal,5.0,harm
relevance,7,llama3:70b,liberal,5.0,harm
relevance,7,llama3:70b,liberal,5.0,harm
relevance,7,llama3:70b,liberal,5.0,harm
relevance,7,llama3:70b,liberal,5.0,harm
relevance,7,llama3:70b,liberal,5.0,harm
relevance,7,llama3:70b,liberal,5.0,harm
relevance,7,llama3:70b,liberal,5.0,harm
relevance,7,llama3:70b,liberal,5.0,harm
relevance,7,llama3:70b,liberal,5.0,harm
relevance,7,llama3:70b,liberal,5.0,harm
relevance,7,llama3:70b,liberal,5.0,harm
relevance,7,llama3:70b,liberal,5.0,harm
relevance,7,llama3:70b,liberal,5.0,harm
relevance,7,llama3:70b,liberal,5.0,harm
relevance,7,llama3:70b,liberal,5.0,harm
relevance,7,llama3:70b,liberal,5.0,harm
relevance,7,llama3:70b,liberal,5.0,harm
relevance,7,llama3:70b,liberal,5.0,harm
relevance,7,llama3:70b,liberal,5.0,harm
relevance,7,llama3:70b,liberal,5.0,harm
relevance,7,llama3:70b,liberal,5.0,harm
relevance,7,llama3:70b,liberal,5.0,harm
relevance,7,llama3:70b,liberal,5.0,harm
relevance,7,llama3:70b,liberal,5.0,harm
relevance,7,llama3:70b,liberal,5.0,harm
relevance,7,llama3:70b,liberal,5.0,harm
relevance,7,llama3:70b,liberal,5.0,harm
relevance,7,llama3.1:70b,conservative,5.0,harm
relevance,7,llama3.1:70b,conservative,5.0,harm
relevance,7,llama3.1:70b,conservative,5.0,harm
relevance,7,llama3.1:70b,conservative,5.0,harm
relevance,7,llama3.1:70b,conservative,5.0,harm
relevance,7,llama3.1:70b,conservative,4.0,harm
relevance,7,llama3.1:70b,conservative,5.0,harm
relevance,7,llama3.1:70b,conservative,5.0,harm
relevance,7,llama3.1:70b,conservative,5.0,harm
relevance,7,llama3.1:70b,conservative,4.0,harm
relevance,7,llama3.1:70b,conservative,5.0,harm
relevance,7,llama3.1:70b,conservative,5.0,harm
relevance,7,llama3.1:70b,conservative,5.0,harm
relevance,7,llama3.1:70b,conservative,5.0,harm
relevance,7,llama3.1:70b,conservative,5.0,harm
relevance,7,llama3.1:70b,conservative,5.0,harm
relevance,7,llama3.1:70b,conservative,5.0,harm
relevance,7,llama3.1:70b,conservative,5.0,harm
relevance,7,llama3.1:70b,conservative,5.0,harm
relevance,7,llama3.1:70b,conservative,5.0,harm
relevance,7,llama3.1:70b,conservative,4.0,harm
relevance,7,llama3.1:70b,conservative,5.0,harm
relevance,7,llama3.1:70b,conservative,5.0,harm
relevance,7,llama3.1:70b,conservative,5.0,harm
relevance,7,llama3.1:70b,conservative,5.0,harm
relevance,7,llama3.1:70b,conservative,5.0,harm
relevance,7,llama3.1:70b,conservative,5.0,harm
relevance,7,llama3.1:70b,conservative,4.0,harm
relevance,7,llama3.1:70b,conservative,5.0,harm
relevance,7,llama3.1:70b,conservative,5.0,harm
relevance,7,llama3.1:70b,conservative,5.0,harm
relevance,7,llama3.1:70b,conservative,5.0,harm
relevance,7,llama3.1:70b,conservative,5.0,harm
relevance,7,llama3.1:70b,conservative,5.0,harm
relevance,7,llama3.1:70b,conservative,5.0,harm
relevance,7,llama3.1:70b,conservative,5.0,harm
relevance,7,llama3.1:70b,conservative,5.0,harm
relevance,7,llama3.1:70b,conservative,5.0,harm
relevance,7,llama3.1:70b,conservative,5.0,harm
relevance,7,llama3.1:70b,conservative,4.0,harm
relevance,7,llama3.1:70b,conservative,5.0,harm
relevance,7,llama3.1:70b,conservative,5.0,harm
relevance,7,llama3.1:70b,conservative,5.0,harm
relevance,7,llama3.1:70b,conservative,5.0,harm
relevance,7,llama3.1:70b,conservative,5.0,harm
relevance,7,llama3.1:70b,conservative,5.0,harm
relevance,7,llama3.1:70b,conservative,5.0,harm
relevance,7,llama3.1:70b,conservative,5.0,harm
relevance,7,llama3.1:70b,conservative,5.0,harm
relevance,7,llama3.1:70b,conservative,5.0,harm
relevance,7,llama3.1:70b,moderate,5.0,harm
relevance,7,llama3.1:70b,moderate,5.0,harm
relevance,7,llama3.1:70b,moderate,5.0,harm
relevance,7,llama3.1:70b,moderate,5.0,harm
relevance,7,llama3.1:70b,moderate,5.0,harm
relevance,7,llama3.1:70b,moderate,5.0,harm
relevance,7,llama3.1:70b,moderate,5.0,harm
relevance,7,llama3.1:70b,moderate,5.0,harm
relevance,7,llama3.1:70b,moderate,5.0,harm
relevance,7,llama3.1:70b,moderate,5.0,harm
relevance,7,llama3.1:70b,moderate,5.0,harm
relevance,7,llama3.1:70b,moderate,5.0,harm
relevance,7,llama3.1:70b,moderate,5.0,harm
relevance,7,llama3.1:70b,moderate,5.0,harm
relevance,7,llama3.1:70b,moderate,5.0,harm
relevance,7,llama3.1:70b,moderate,5.0,harm
relevance,7,llama3.1:70b,moderate,5.0,harm
relevance,7,llama3.1:70b,moderate,5.0,harm
relevance,7,llama3.1:70b,moderate,5.0,harm
relevance,7,llama3.1:70b,moderate,5.0,harm
relevance,7,llama3.1:70b,moderate,5.0,harm
relevance,7,llama3.1:70b,moderate,5.0,harm
relevance,7,llama3.1:70b,moderate,5.0,harm
relevance,7,llama3.1:70b,moderate,5.0,harm
relevance,7,llama3.1:70b,moderate,5.0,harm
relevance,7,llama3.1:70b,moderate,5.0,harm
relevance,7,llama3.1:70b,moderate,5.0,harm
relevance,7,llama3.1:70b,moderate,5.0,harm
relevance,7,llama3.1:70b,moderate,5.0,harm
relevance,7,llama3.1:70b,moderate,5.0,harm
relevance,7,llama3.1:70b,moderate,5.0,harm
relevance,7,llama3.1:70b,moderate,5.0,harm
relevance,7,llama3.1:70b,moderate,5.0,harm
relevance,7,llama3.1:70b,moderate,5.0,harm
relevance,7,llama3.1:70b,moderate,5.0,harm
relevance,7,llama3.1:70b,moderate,5.0,harm
relevance,7,llama3.1:70b,moderate,5.0,harm
relevance,7,llama3.1:70b,moderate,5.0,harm
relevance,7,llama3.1:70b,moderate,5.0,harm
relevance,7,llama3.1:70b,moderate,5.0,harm
relevance,7,llama3.1:70b,moderate,5.0,harm
relevance,7,llama3.1:70b,moderate,5.0,harm
relevance,7,llama3.1:70b,moderate,5.0,harm
relevance,7,llama3.1:70b,moderate,5.0,harm
relevance,7,llama3.1:70b,moderate,5.0,harm
relevance,7,llama3.1:70b,moderate,5.0,harm
relevance,7,llama3.1:70b,moderate,5.0,harm
relevance,7,llama3.1:70b,moderate,5.0,harm
relevance,7,llama3.1:70b,moderate,5.0,harm
relevance,7,llama3.1:70b,moderate,5.0,harm
relevance,7,llama3.1:70b,liberal,5.0,harm
relevance,7,llama3.1:70b,liberal,5.0,harm
relevance,7,llama3.1:70b,liberal,5.0,harm
relevance,7,llama3.1:70b,liberal,5.0,harm
relevance,7,llama3.1:70b,liberal,5.0,harm
relevance,7,llama3.1:70b,liberal,5.0,harm
relevance,7,llama3.1:70b,liberal,5.0,harm
relevance,7,llama3.1:70b,liberal,5.0,harm
relevance,7,llama3.1:70b,liberal,5.0,harm
relevance,7,llama3.1:70b,liberal,5.0,harm
relevance,7,llama3.1:70b,liberal,5.0,harm
relevance,7,llama3.1:70b,liberal,5.0,harm
relevance,7,llama3.1:70b,liberal,5.0,harm
relevance,7,llama3.1:70b,liberal,5.0,harm
relevance,7,llama3.1:70b,liberal,5.0,harm
relevance,7,llama3.1:70b,liberal,5.0,harm
relevance,7,llama3.1:70b,liberal,5.0,harm
relevance,7,llama3.1:70b,liberal,5.0,harm
relevance,7,llama3.1:70b,liberal,5.0,harm
relevance,7,llama3.1:70b,liberal,5.0,harm
relevance,7,llama3.1:70b,liberal,5.0,harm
relevance,7,llama3.1:70b,liberal,5.0,harm
relevance,7,llama3.1:70b,liberal,5.0,harm
relevance,7,llama3.1:70b,liberal,5.0,harm
relevance,7,llama3.1:70b,liberal,5.0,harm
relevance,7,llama3.1:70b,liberal,5.0,harm
relevance,7,llama3.1:70b,liberal,5.0,harm
relevance,7,llama3.1:70b,liberal,5.0,harm
relevance,7,llama3.1:70b,liberal,5.0,harm
relevance,7,llama3.1:70b,liberal,5.0,harm
relevance,7,llama3.1:70b,liberal,5.0,harm
relevance,7,llama3.1:70b,liberal,5.0,harm
relevance,7,llama3.1:70b,liberal,5.0,harm
relevance,7,llama3.1:70b,liberal,5.0,harm
relevance,7,llama3.1:70b,liberal,5.0,harm
relevance,7,llama3.1:70b,liberal,5.0,harm
relevance,7,llama3.1:70b,liberal,5.0,harm
relevance,7,llama3.1:70b,liberal,5.0,harm
relevance,7,llama3.1:70b,liberal,5.0,harm
relevance,7,llama3.1:70b,liberal,5.0,harm
relevance,7,llama3.1:70b,liberal,5.0,harm
relevance,7,llama3.1:70b,liberal,5.0,harm
relevance,7,llama3.1:70b,liberal,5.0,harm
relevance,7,llama3.1:70b,liberal,5.0,harm
relevance,7,llama3.1:70b,liberal,5.0,harm
relevance,7,llama3.1:70b,liberal,5.0,harm
relevance,7,llama3.1:70b,liberal,5.0,harm
relevance,7,llama3.1:70b,liberal,5.0,harm
relevance,7,llama3.1:70b,liberal,5.0,harm
relevance,7,llama3.1:70b,liberal,5.0,harm
relevance,7,mistral:7b,conservative,3.0,harm
relevance,7,mistral:7b,conservative,3.0,harm
relevance,7,mistral:7b,conservative,3.0,harm
relevance,7,mistral:7b,conservative,3.0,harm
relevance,7,mistral:7b,conservative,3.0,harm
relevance,7,mistral:7b,conservative,3.0,harm
relevance,7,mistral:7b,conservative,3.0,harm
relevance,7,mistral:7b,conservative,3.0,harm
relevance,7,mistral:7b,conservative,3.0,harm
relevance,7,mistral:7b,conservative,3.0,harm
relevance,7,mistral:7b,conservative,3.0,harm
relevance,7,mistral:7b,conservative,3.0,harm
relevance,7,mistral:7b,conservative,3.0,harm
relevance,7,mistral:7b,conservative,3.0,harm
relevance,7,mistral:7b,conservative,3.0,harm
relevance,7,mistral:7b,conservative,3.0,harm
relevance,7,mistral:7b,conservative,3.0,harm
relevance,7,mistral:7b,conservative,3.0,harm
relevance,7,mistral:7b,conservative,3.0,harm
relevance,7,mistral:7b,conservative,3.0,harm
relevance,7,mistral:7b,conservative,3.0,harm
relevance,7,mistral:7b,conservative,3.0,harm
relevance,7,mistral:7b,conservative,3.0,harm
relevance,7,mistral:7b,conservative,3.0,harm
relevance,7,mistral:7b,conservative,3.0,harm
relevance,7,mistral:7b,conservative,3.0,harm
relevance,7,mistral:7b,conservative,3.0,harm
relevance,7,mistral:7b,conservative,3.0,harm
relevance,7,mistral:7b,conservative,3.0,harm
relevance,7,mistral:7b,conservative,3.0,harm
relevance,7,mistral:7b,conservative,3.0,harm
relevance,7,mistral:7b,conservative,3.0,harm
relevance,7,mistral:7b,conservative,3.0,harm
relevance,7,mistral:7b,conservative,3.0,harm
relevance,7,mistral:7b,conservative,3.0,harm
relevance,7,mistral:7b,conservative,3.0,harm
relevance,7,mistral:7b,conservative,3.0,harm
relevance,7,mistral:7b,conservative,3.0,harm
relevance,7,mistral:7b,conservative,3.0,harm
relevance,7,mistral:7b,conservative,3.0,harm
relevance,7,mistral:7b,conservative,3.0,harm
relevance,7,mistral:7b,conservative,3.0,harm
relevance,7,mistral:7b,conservative,3.0,harm
relevance,7,mistral:7b,conservative,3.0,harm
relevance,7,mistral:7b,conservative,3.0,harm
relevance,7,mistral:7b,conservative,3.0,harm
relevance,7,mistral:7b,conservative,3.0,harm
relevance,7,mistral:7b,conservative,3.0,harm
relevance,7,mistral:7b,conservative,3.0,harm
relevance,7,mistral:7b,moderate,3.0,harm
relevance,7,mistral:7b,moderate,3.0,harm
relevance,7,mistral:7b,moderate,3.0,harm
relevance,7,mistral:7b,moderate,3.0,harm
relevance,7,mistral:7b,moderate,3.0,harm
relevance,7,mistral:7b,moderate,3.0,harm
relevance,7,mistral:7b,moderate,3.0,harm
relevance,7,mistral:7b,moderate,3.0,harm
relevance,7,mistral:7b,moderate,3.0,harm
relevance,7,mistral:7b,moderate,3.0,harm
relevance,7,mistral:7b,moderate,3.0,harm
relevance,7,mistral:7b,moderate,3.0,harm
relevance,7,mistral:7b,moderate,3.0,harm
relevance,7,mistral:7b,moderate,3.0,harm
relevance,7,mistral:7b,moderate,3.0,harm
relevance,7,mistral:7b,moderate,3.0,harm
relevance,7,mistral:7b,moderate,3.0,harm
relevance,7,mistral:7b,moderate,3.0,harm
relevance,7,mistral:7b,moderate,3.0,harm
relevance,7,mistral:7b,moderate,3.0,harm
relevance,7,mistral:7b,moderate,3.0,harm
relevance,7,mistral:7b,moderate,3.0,harm
relevance,7,mistral:7b,moderate,3.0,harm
relevance,7,mistral:7b,moderate,3.0,harm
relevance,7,mistral:7b,moderate,3.0,harm
relevance,7,mistral:7b,moderate,3.0,harm
relevance,7,mistral:7b,moderate,3.0,harm
relevance,7,mistral:7b,moderate,3.0,harm
relevance,7,mistral:7b,moderate,3.0,harm
relevance,7,mistral:7b,moderate,3.0,harm
relevance,7,mistral:7b,moderate,3.0,harm
relevance,7,mistral:7b,moderate,3.0,harm
relevance,7,mistral:7b,moderate,3.0,harm
relevance,7,mistral:7b,moderate,3.0,harm
relevance,7,mistral:7b,moderate,3.0,harm
relevance,7,mistral:7b,moderate,3.0,harm
relevance,7,mistral:7b,moderate,3.0,harm
relevance,7,mistral:7b,moderate,3.0,harm
relevance,7,mistral:7b,moderate,3.0,harm
relevance,7,mistral:7b,moderate,3.0,harm
relevance,7,mistral:7b,moderate,3.0,harm
relevance,7,mistral:7b,moderate,3.0,harm
relevance,7,mistral:7b,moderate,3.0,harm
relevance,7,mistral:7b,moderate,3.0,harm
relevance,7,mistral:7b,moderate,3.0,harm
relevance,7,mistral:7b,moderate,3.0,harm
relevance,7,mistral:7b,moderate,3.0,harm
relevance,7,mistral:7b,moderate,3.0,harm
relevance,7,mistral:7b,moderate,3.0,harm
relevance,7,mistral:7b,moderate,3.0,harm
relevance,7,mistral:7b,liberal,3.0,harm
relevance,7,mistral:7b,liberal,3.0,harm
relevance,7,mistral:7b,liberal,3.0,harm
relevance,7,mistral:7b,liberal,3.0,harm
relevance,7,mistral:7b,liberal,3.0,harm
relevance,7,mistral:7b,liberal,3.0,harm
relevance,7,mistral:7b,liberal,3.0,harm
relevance,7,mistral:7b,liberal,3.0,harm
relevance,7,mistral:7b,liberal,3.0,harm
relevance,7,mistral:7b,liberal,3.0,harm
relevance,7,mistral:7b,liberal,3.0,harm
relevance,7,mistral:7b,liberal,3.0,harm
relevance,7,mistral:7b,liberal,3.0,harm
relevance,7,mistral:7b,liberal,3.0,harm
relevance,7,mistral:7b,liberal,3.0,harm
relevance,7,mistral:7b,liberal,3.0,harm
relevance,7,mistral:7b,liberal,3.0,harm
relevance,7,mistral:7b,liberal,3.0,harm
relevance,7,mistral:7b,liberal,3.0,harm
relevance,7,mistral:7b,liberal,3.0,harm
relevance,7,mistral:7b,liberal,3.0,harm
relevance,7,mistral:7b,liberal,3.0,harm
relevance,7,mistral:7b,liberal,3.0,harm
relevance,7,mistral:7b,liberal,3.0,harm
relevance,7,mistral:7b,liberal,3.0,harm
relevance,7,mistral:7b,liberal,3.0,harm
relevance,7,mistral:7b,liberal,3.0,harm
relevance,7,mistral:7b,liberal,3.0,harm
relevance,7,mistral:7b,liberal,3.0,harm
relevance,7,mistral:7b,liberal,3.0,harm
relevance,7,mistral:7b,liberal,3.0,harm
relevance,7,mistral:7b,liberal,3.0,harm
relevance,7,mistral:7b,liberal,3.0,harm
relevance,7,mistral:7b,liberal,3.0,harm
relevance,7,mistral:7b,liberal,3.0,harm
relevance,7,mistral:7b,liberal,3.0,harm
relevance,7,mistral:7b,liberal,3.0,harm
relevance,7,mistral:7b,liberal,3.0,harm
relevance,7,mistral:7b,liberal,3.0,harm
relevance,7,mistral:7b,liberal,3.0,harm
relevance,7,mistral:7b,liberal,3.0,harm
relevance,7,mistral:7b,liberal,3.0,harm
relevance,7,mistral:7b,liberal,3.0,harm
relevance,7,mistral:7b,liberal,3.0,harm
relevance,7,mistral:7b,liberal,3.0,harm
relevance,7,mistral:7b,liberal,3.0,harm
relevance,7,mistral:7b,liberal,3.0,harm
relevance,7,mistral:7b,liberal,3.0,harm
relevance,7,mistral:7b,liberal,3.0,harm
relevance,7,mistral:7b,liberal,3.0,harm
relevance,7,mixtral:8x22b,conservative,5.0,harm
relevance,7,mixtral:8x22b,conservative,5.0,harm
relevance,7,mixtral:8x22b,conservative,5.0,harm
relevance,7,mixtral:8x22b,conservative,5.0,harm
relevance,7,mixtral:8x22b,conservative,5.0,harm
relevance,7,mixtral:8x22b,conservative,5.0,harm
relevance,7,mixtral:8x22b,conservative,5.0,harm
relevance,7,mixtral:8x22b,conservative,5.0,harm
relevance,7,mixtral:8x22b,conservative,5.0,harm
relevance,7,mixtral:8x22b,conservative,5.0,harm
relevance,7,mixtral:8x22b,conservative,5.0,harm
relevance,7,mixtral:8x22b,conservative,5.0,harm
relevance,7,mixtral:8x22b,conservative,5.0,harm
relevance,7,mixtral:8x22b,conservative,5.0,harm
relevance,7,mixtral:8x22b,conservative,5.0,harm
relevance,7,mixtral:8x22b,conservative,5.0,harm
relevance,7,mixtral:8x22b,conservative,5.0,harm
relevance,7,mixtral:8x22b,conservative,5.0,harm
relevance,7,mixtral:8x22b,conservative,5.0,harm
relevance,7,mixtral:8x22b,conservative,5.0,harm
relevance,7,mixtral:8x22b,conservative,5.0,harm
relevance,7,mixtral:8x22b,conservative,5.0,harm
relevance,7,mixtral:8x22b,conservative,5.0,harm
relevance,7,mixtral:8x22b,conservative,5.0,harm
relevance,7,mixtral:8x22b,conservative,5.0,harm
relevance,7,mixtral:8x22b,conservative,5.0,harm
relevance,7,mixtral:8x22b,conservative,5.0,harm
relevance,7,mixtral:8x22b,conservative,5.0,harm
relevance,7,mixtral:8x22b,conservative,5.0,harm
relevance,7,mixtral:8x22b,conservative,5.0,harm
relevance,7,mixtral:8x22b,conservative,5.0,harm
relevance,7,mixtral:8x22b,conservative,5.0,harm
relevance,7,mixtral:8x22b,conservative,5.0,harm
relevance,7,mixtral:8x22b,conservative,5.0,harm
relevance,7,mixtral:8x22b,conservative,5.0,harm
relevance,7,mixtral:8x22b,conservative,5.0,harm
relevance,7,mixtral:8x22b,conservative,5.0,harm
relevance,7,mixtral:8x22b,conservative,5.0,harm
relevance,7,mixtral:8x22b,conservative,5.0,harm
relevance,7,mixtral:8x22b,conservative,5.0,harm
relevance,7,mixtral:8x22b,conservative,5.0,harm
relevance,7,mixtral:8x22b,conservative,5.0,harm
relevance,7,mixtral:8x22b,conservative,5.0,harm
relevance,7,mixtral:8x22b,conservative,5.0,harm
relevance,7,mixtral:8x22b,conservative,5.0,harm
relevance,7,mixtral:8x22b,conservative,5.0,harm
relevance,7,mixtral:8x22b,conservative,5.0,harm
relevance,7,mixtral:8x22b,conservative,5.0,harm
relevance,7,mixtral:8x22b,conservative,5.0,harm
relevance,7,mixtral:8x22b,conservative,5.0,harm
relevance,7,mixtral:8x22b,moderate,4.0,harm
relevance,7,mixtral:8x22b,moderate,4.0,harm
relevance,7,mixtral:8x22b,moderate,4.0,harm
relevance,7,mixtral:8x22b,moderate,4.0,harm
relevance,7,mixtral:8x22b,moderate,4.0,harm
relevance,7,mixtral:8x22b,moderate,4.0,harm
relevance,7,mixtral:8x22b,moderate,4.0,harm
relevance,7,mixtral:8x22b,moderate,4.0,harm
relevance,7,mixtral:8x22b,moderate,4.0,harm
relevance,7,mixtral:8x22b,moderate,4.0,harm
relevance,7,mixtral:8x22b,moderate,4.0,harm
relevance,7,mixtral:8x22b,moderate,4.0,harm
relevance,7,mixtral:8x22b,moderate,4.0,harm
relevance,7,mixtral:8x22b,moderate,4.0,harm
relevance,7,mixtral:8x22b,moderate,4.0,harm
relevance,7,mixtral:8x22b,moderate,4.0,harm
relevance,7,mixtral:8x22b,moderate,4.0,harm
relevance,7,mixtral:8x22b,moderate,4.0,harm
relevance,7,mixtral:8x22b,moderate,4.0,harm
relevance,7,mixtral:8x22b,moderate,4.0,harm
relevance,7,mixtral:8x22b,moderate,4.0,harm
relevance,7,mixtral:8x22b,moderate,4.0,harm
relevance,7,mixtral:8x22b,moderate,4.0,harm
relevance,7,mixtral:8x22b,moderate,4.0,harm
relevance,7,mixtral:8x22b,moderate,4.0,harm
relevance,7,mixtral:8x22b,moderate,4.0,harm
relevance,7,mixtral:8x22b,moderate,4.0,harm
relevance,7,mixtral:8x22b,moderate,4.0,harm
relevance,7,mixtral:8x22b,moderate,4.0,harm
relevance,7,mixtral:8x22b,moderate,4.0,harm
relevance,7,mixtral:8x22b,moderate,4.0,harm
relevance,7,mixtral:8x22b,moderate,4.0,harm
relevance,7,mixtral:8x22b,moderate,4.0,harm
relevance,7,mixtral:8x22b,moderate,4.0,harm
relevance,7,mixtral:8x22b,moderate,4.0,harm
relevance,7,mixtral:8x22b,moderate,4.0,harm
relevance,7,mixtral:8x22b,moderate,4.0,harm
relevance,7,mixtral:8x22b,moderate,4.0,harm
relevance,7,mixtral:8x22b,moderate,4.0,harm
relevance,7,mixtral:8x22b,moderate,4.0,harm
relevance,7,mixtral:8x22b,moderate,4.0,harm
relevance,7,mixtral:8x22b,moderate,4.0,harm
relevance,7,mixtral:8x22b,moderate,4.0,harm
relevance,7,mixtral:8x22b,moderate,4.0,harm
relevance,7,mixtral:8x22b,moderate,4.0,harm
relevance,7,mixtral:8x22b,moderate,4.0,harm
relevance,7,mixtral:8x22b,moderate,4.0,harm
relevance,7,mixtral:8x22b,moderate,4.0,harm
relevance,7,mixtral:8x22b,moderate,4.0,harm
relevance,7,mixtral:8x22b,moderate,4.0,harm
relevance,7,mixtral:8x22b,liberal,5.0,harm
relevance,7,mixtral:8x22b,liberal,5.0,harm
relevance,7,mixtral:8x22b,liberal,5.0,harm
relevance,7,mixtral:8x22b,liberal,5.0,harm
relevance,7,mixtral:8x22b,liberal,5.0,harm
relevance,7,mixtral:8x22b,liberal,5.0,harm
relevance,7,mixtral:8x22b,liberal,5.0,harm
relevance,7,mixtral:8x22b,liberal,5.0,harm
relevance,7,mixtral:8x22b,liberal,5.0,harm
relevance,7,mixtral:8x22b,liberal,5.0,harm
relevance,7,mixtral:8x22b,liberal,5.0,harm
relevance,7,mixtral:8x22b,liberal,5.0,harm
relevance,7,mixtral:8x22b,liberal,5.0,harm
relevance,7,mixtral:8x22b,liberal,5.0,harm
relevance,7,mixtral:8x22b,liberal,5.0,harm
relevance,7,mixtral:8x22b,liberal,5.0,harm
relevance,7,mixtral:8x22b,liberal,5.0,harm
relevance,7,mixtral:8x22b,liberal,5.0,harm
relevance,7,mixtral:8x22b,liberal,5.0,harm
relevance,7,mixtral:8x22b,liberal,5.0,harm
relevance,7,mixtral:8x22b,liberal,5.0,harm
relevance,7,mixtral:8x22b,liberal,5.0,harm
relevance,7,mixtral:8x22b,liberal,5.0,harm
relevance,7,mixtral:8x22b,liberal,5.0,harm
relevance,7,mixtral:8x22b,liberal,5.0,harm
relevance,7,mixtral:8x22b,liberal,5.0,harm
relevance,7,mixtral:8x22b,liberal,5.0,harm
relevance,7,mixtral:8x22b,liberal,5.0,harm
relevance,7,mixtral:8x22b,liberal,5.0,harm
relevance,7,mixtral:8x22b,liberal,5.0,harm
relevance,7,mixtral:8x22b,liberal,5.0,harm
relevance,7,mixtral:8x22b,liberal,5.0,harm
relevance,7,mixtral:8x22b,liberal,5.0,harm
relevance,7,mixtral:8x22b,liberal,5.0,harm
relevance,7,mixtral:8x22b,liberal,5.0,harm
relevance,7,mixtral:8x22b,liberal,5.0,harm
relevance,7,mixtral:8x22b,liberal,5.0,harm
relevance,7,mixtral:8x22b,liberal,5.0,harm
relevance,7,mixtral:8x22b,liberal,5.0,harm
relevance,7,mixtral:8x22b,liberal,5.0,harm
relevance,7,mixtral:8x22b,liberal,5.0,harm
relevance,7,mixtral:8x22b,liberal,5.0,harm
relevance,7,mixtral:8x22b,liberal,5.0,harm
relevance,7,mixtral:8x22b,liberal,5.0,harm
relevance,7,mixtral:8x22b,liberal,5.0,harm
relevance,7,mixtral:8x22b,liberal,5.0,harm
relevance,7,mixtral:8x22b,liberal,5.0,harm
relevance,7,mixtral:8x22b,liberal,5.0,harm
relevance,7,mixtral:8x22b,liberal,5.0,harm
relevance,7,mixtral:8x22b,liberal,5.0,harm
relevance,7,mixtral:8x7b,conservative,5.0,harm
relevance,7,mixtral:8x7b,conservative,5.0,harm
relevance,7,mixtral:8x7b,conservative,5.0,harm
relevance,7,mixtral:8x7b,conservative,5.0,harm
relevance,7,mixtral:8x7b,conservative,5.0,harm
relevance,7,mixtral:8x7b,conservative,5.0,harm
relevance,7,mixtral:8x7b,conservative,5.0,harm
relevance,7,mixtral:8x7b,conservative,5.0,harm
relevance,7,mixtral:8x7b,conservative,5.0,harm
relevance,7,mixtral:8x7b,conservative,5.0,harm
relevance,7,mixtral:8x7b,conservative,5.0,harm
relevance,7,mixtral:8x7b,conservative,5.0,harm
relevance,7,mixtral:8x7b,conservative,5.0,harm
relevance,7,mixtral:8x7b,conservative,5.0,harm
relevance,7,mixtral:8x7b,conservative,5.0,harm
relevance,7,mixtral:8x7b,conservative,5.0,harm
relevance,7,mixtral:8x7b,conservative,5.0,harm
relevance,7,mixtral:8x7b,conservative,5.0,harm
relevance,7,mixtral:8x7b,conservative,5.0,harm
relevance,7,mixtral:8x7b,conservative,5.0,harm
relevance,7,mixtral:8x7b,conservative,5.0,harm
relevance,7,mixtral:8x7b,conservative,5.0,harm
relevance,7,mixtral:8x7b,conservative,5.0,harm
relevance,7,mixtral:8x7b,conservative,5.0,harm
relevance,7,mixtral:8x7b,conservative,5.0,harm
relevance,7,mixtral:8x7b,conservative,5.0,harm
relevance,7,mixtral:8x7b,conservative,5.0,harm
relevance,7,mixtral:8x7b,conservative,5.0,harm
relevance,7,mixtral:8x7b,conservative,5.0,harm
relevance,7,mixtral:8x7b,conservative,5.0,harm
relevance,7,mixtral:8x7b,conservative,5.0,harm
relevance,7,mixtral:8x7b,conservative,5.0,harm
relevance,7,mixtral:8x7b,conservative,5.0,harm
relevance,7,mixtral:8x7b,conservative,5.0,harm
relevance,7,mixtral:8x7b,conservative,5.0,harm
relevance,7,mixtral:8x7b,conservative,5.0,harm
relevance,7,mixtral:8x7b,conservative,5.0,harm
relevance,7,mixtral:8x7b,conservative,5.0,harm
relevance,7,mixtral:8x7b,conservative,5.0,harm
relevance,7,mixtral:8x7b,conservative,5.0,harm
relevance,7,mixtral:8x7b,conservative,5.0,harm
relevance,7,mixtral:8x7b,conservative,5.0,harm
relevance,7,mixtral:8x7b,conservative,5.0,harm
relevance,7,mixtral:8x7b,conservative,5.0,harm
relevance,7,mixtral:8x7b,conservative,5.0,harm
relevance,7,mixtral:8x7b,conservative,5.0,harm
relevance,7,mixtral:8x7b,conservative,5.0,harm
relevance,7,mixtral:8x7b,conservative,5.0,harm
relevance,7,mixtral:8x7b,conservative,5.0,harm
relevance,7,mixtral:8x7b,conservative,5.0,harm
relevance,7,mixtral:8x7b,moderate,5.0,harm
relevance,7,mixtral:8x7b,moderate,5.0,harm
relevance,7,mixtral:8x7b,moderate,5.0,harm
relevance,7,mixtral:8x7b,moderate,5.0,harm
relevance,7,mixtral:8x7b,moderate,5.0,harm
relevance,7,mixtral:8x7b,moderate,5.0,harm
relevance,7,mixtral:8x7b,moderate,5.0,harm
relevance,7,mixtral:8x7b,moderate,5.0,harm
relevance,7,mixtral:8x7b,moderate,5.0,harm
relevance,7,mixtral:8x7b,moderate,5.0,harm
relevance,7,mixtral:8x7b,moderate,5.0,harm
relevance,7,mixtral:8x7b,moderate,5.0,harm
relevance,7,mixtral:8x7b,moderate,5.0,harm
relevance,7,mixtral:8x7b,moderate,5.0,harm
relevance,7,mixtral:8x7b,moderate,5.0,harm
relevance,7,mixtral:8x7b,moderate,5.0,harm
relevance,7,mixtral:8x7b,moderate,5.0,harm
relevance,7,mixtral:8x7b,moderate,5.0,harm
relevance,7,mixtral:8x7b,moderate,5.0,harm
relevance,7,mixtral:8x7b,moderate,5.0,harm
relevance,7,mixtral:8x7b,moderate,5.0,harm
relevance,7,mixtral:8x7b,moderate,5.0,harm
relevance,7,mixtral:8x7b,moderate,5.0,harm
relevance,7,mixtral:8x7b,moderate,5.0,harm
relevance,7,mixtral:8x7b,moderate,5.0,harm
relevance,7,mixtral:8x7b,moderate,5.0,harm
relevance,7,mixtral:8x7b,moderate,5.0,harm
relevance,7,mixtral:8x7b,moderate,5.0,harm
relevance,7,mixtral:8x7b,moderate,5.0,harm
relevance,7,mixtral:8x7b,moderate,5.0,harm
relevance,7,mixtral:8x7b,moderate,5.0,harm
relevance,7,mixtral:8x7b,moderate,5.0,harm
relevance,7,mixtral:8x7b,moderate,5.0,harm
relevance,7,mixtral:8x7b,moderate,5.0,harm
relevance,7,mixtral:8x7b,moderate,5.0,harm
relevance,7,mixtral:8x7b,moderate,5.0,harm
relevance,7,mixtral:8x7b,moderate,5.0,harm
relevance,7,mixtral:8x7b,moderate,5.0,harm
relevance,7,mixtral:8x7b,moderate,5.0,harm
relevance,7,mixtral:8x7b,moderate,5.0,harm
relevance,7,mixtral:8x7b,moderate,5.0,harm
relevance,7,mixtral:8x7b,moderate,5.0,harm
relevance,7,mixtral:8x7b,moderate,5.0,harm
relevance,7,mixtral:8x7b,moderate,5.0,harm
relevance,7,mixtral:8x7b,moderate,5.0,harm
relevance,7,mixtral:8x7b,moderate,5.0,harm
relevance,7,mixtral:8x7b,moderate,5.0,harm
relevance,7,mixtral:8x7b,moderate,5.0,harm
relevance,7,mixtral:8x7b,moderate,5.0,harm
relevance,7,mixtral:8x7b,moderate,5.0,harm
relevance,7,mixtral:8x7b,liberal,5.0,harm
relevance,7,mixtral:8x7b,liberal,5.0,harm
relevance,7,mixtral:8x7b,liberal,5.0,harm
relevance,7,mixtral:8x7b,liberal,5.0,harm
relevance,7,mixtral:8x7b,liberal,5.0,harm
relevance,7,mixtral:8x7b,liberal,5.0,harm
relevance,7,mixtral:8x7b,liberal,5.0,harm
relevance,7,mixtral:8x7b,liberal,5.0,harm
relevance,7,mixtral:8x7b,liberal,5.0,harm
relevance,7,mixtral:8x7b,liberal,5.0,harm
relevance,7,mixtral:8x7b,liberal,5.0,harm
relevance,7,mixtral:8x7b,liberal,5.0,harm
relevance,7,mixtral:8x7b,liberal,5.0,harm
relevance,7,mixtral:8x7b,liberal,5.0,harm
relevance,7,mixtral:8x7b,liberal,5.0,harm
relevance,7,mixtral:8x7b,liberal,5.0,harm
relevance,7,mixtral:8x7b,liberal,5.0,harm
relevance,7,mixtral:8x7b,liberal,5.0,harm
relevance,7,mixtral:8x7b,liberal,5.0,harm
relevance,7,mixtral:8x7b,liberal,5.0,harm
relevance,7,mixtral:8x7b,liberal,5.0,harm
relevance,7,mixtral:8x7b,liberal,5.0,harm
relevance,7,mixtral:8x7b,liberal,5.0,harm
relevance,7,mixtral:8x7b,liberal,5.0,harm
relevance,7,mixtral:8x7b,liberal,5.0,harm
relevance,7,mixtral:8x7b,liberal,5.0,harm
relevance,7,mixtral:8x7b,liberal,5.0,harm
relevance,7,mixtral:8x7b,liberal,5.0,harm
relevance,7,mixtral:8x7b,liberal,5.0,harm
relevance,7,mixtral:8x7b,liberal,5.0,harm
relevance,7,mixtral:8x7b,liberal,5.0,harm
relevance,7,mixtral:8x7b,liberal,5.0,harm
relevance,7,mixtral:8x7b,liberal,5.0,harm
relevance,7,mixtral:8x7b,liberal,5.0,harm
relevance,7,mixtral:8x7b,liberal,5.0,harm
relevance,7,mixtral:8x7b,liberal,5.0,harm
relevance,7,mixtral:8x7b,liberal,5.0,harm
relevance,7,mixtral:8x7b,liberal,5.0,harm
relevance,7,mixtral:8x7b,liberal,5.0,harm
relevance,7,mixtral:8x7b,liberal,5.0,harm
relevance,7,mixtral:8x7b,liberal,5.0,harm
relevance,7,mixtral:8x7b,liberal,5.0,harm
relevance,7,mixtral:8x7b,liberal,5.0,harm
relevance,7,mixtral:8x7b,liberal,5.0,harm
relevance,7,mixtral:8x7b,liberal,5.0,harm
relevance,7,mixtral:8x7b,liberal,5.0,harm
relevance,7,mixtral:8x7b,liberal,5.0,harm
relevance,7,mixtral:8x7b,liberal,5.0,harm
relevance,7,mixtral:8x7b,liberal,5.0,harm
relevance,7,mixtral:8x7b,liberal,5.0,harm
relevance,7,phi3:14b,conservative,4.0,harm
relevance,7,phi3:14b,conservative,5.0,harm
relevance,7,phi3:14b,conservative,4.0,harm
relevance,7,phi3:14b,conservative,4.0,harm
relevance,7,phi3:14b,conservative,5.0,harm
relevance,7,phi3:14b,conservative,5.0,harm
relevance,7,phi3:14b,conservative,4.0,harm
relevance,7,phi3:14b,conservative,4.0,harm
relevance,7,phi3:14b,conservative,3.0,harm
relevance,7,phi3:14b,conservative,4.0,harm
relevance,7,phi3:14b,conservative,5.0,harm
relevance,7,phi3:14b,conservative,4.0,harm
relevance,7,phi3:14b,conservative,4.0,harm
relevance,7,phi3:14b,conservative,5.0,harm
relevance,7,phi3:14b,conservative,5.0,harm
relevance,7,phi3:14b,conservative,3.0,harm
relevance,7,phi3:14b,conservative,5.0,harm
relevance,7,phi3:14b,conservative,4.0,harm
relevance,7,phi3:14b,conservative,4.0,harm
relevance,7,phi3:14b,conservative,4.0,harm
relevance,7,phi3:14b,conservative,5.0,harm
relevance,7,phi3:14b,conservative,4.0,harm
relevance,7,phi3:14b,conservative,4.0,harm
relevance,7,phi3:14b,conservative,5.0,harm
relevance,7,phi3:14b,conservative,4.0,harm
relevance,7,phi3:14b,conservative,5.0,harm
relevance,7,phi3:14b,conservative,5.0,harm
relevance,7,phi3:14b,conservative,5.0,harm
relevance,7,phi3:14b,conservative,4.0,harm
relevance,7,phi3:14b,conservative,4.0,harm
relevance,7,phi3:14b,conservative,5.0,harm
relevance,7,phi3:14b,conservative,4.0,harm
relevance,7,phi3:14b,conservative,4.0,harm
relevance,7,phi3:14b,conservative,4.0,harm
relevance,7,phi3:14b,conservative,5.0,harm
relevance,7,phi3:14b,conservative,5.0,harm
relevance,7,phi3:14b,conservative,4.0,harm
relevance,7,phi3:14b,conservative,4.0,harm
relevance,7,phi3:14b,conservative,5.0,harm
relevance,7,phi3:14b,conservative,5.0,harm
relevance,7,phi3:14b,conservative,4.0,harm
relevance,7,phi3:14b,conservative,5.0,harm
relevance,7,phi3:14b,conservative,4.0,harm
relevance,7,phi3:14b,conservative,4.0,harm
relevance,7,phi3:14b,conservative,4.0,harm
relevance,7,phi3:14b,conservative,4.0,harm
relevance,7,phi3:14b,conservative,4.0,harm
relevance,7,phi3:14b,conservative,4.0,harm
relevance,7,phi3:14b,conservative,4.0,harm
relevance,7,phi3:14b,conservative,5.0,harm
relevance,7,phi3:14b,moderate,4.0,harm
relevance,7,phi3:14b,moderate,4.0,harm
relevance,7,phi3:14b,moderate,4.0,harm
relevance,7,phi3:14b,moderate,4.0,harm
relevance,7,phi3:14b,moderate,4.0,harm
relevance,7,phi3:14b,moderate,4.0,harm
relevance,7,phi3:14b,moderate,4.0,harm
relevance,7,phi3:14b,moderate,4.0,harm
relevance,7,phi3:14b,moderate,5.0,harm
relevance,7,phi3:14b,moderate,5.0,harm
relevance,7,phi3:14b,moderate,4.0,harm
relevance,7,phi3:14b,moderate,5.0,harm
relevance,7,phi3:14b,moderate,4.0,harm
relevance,7,phi3:14b,moderate,4.0,harm
relevance,7,phi3:14b,moderate,4.0,harm
relevance,7,phi3:14b,moderate,4.0,harm
relevance,7,phi3:14b,moderate,4.0,harm
relevance,7,phi3:14b,moderate,4.0,harm
relevance,7,phi3:14b,moderate,5.0,harm
relevance,7,phi3:14b,moderate,5.0,harm
relevance,7,phi3:14b,moderate,5.0,harm
relevance,7,phi3:14b,moderate,4.0,harm
relevance,7,phi3:14b,moderate,5.0,harm
relevance,7,phi3:14b,moderate,4.0,harm
relevance,7,phi3:14b,moderate,4.0,harm
relevance,7,phi3:14b,moderate,5.0,harm
relevance,7,phi3:14b,moderate,4.0,harm
relevance,7,phi3:14b,moderate,4.0,harm
relevance,7,phi3:14b,moderate,4.0,harm
relevance,7,phi3:14b,moderate,5.0,harm
relevance,7,phi3:14b,moderate,4.0,harm
relevance,7,phi3:14b,moderate,5.0,harm
relevance,7,phi3:14b,moderate,4.0,harm
relevance,7,phi3:14b,moderate,4.0,harm
relevance,7,phi3:14b,moderate,4.0,harm
relevance,7,phi3:14b,moderate,4.0,harm
relevance,7,phi3:14b,moderate,4.0,harm
relevance,7,phi3:14b,moderate,5.0,harm
relevance,7,phi3:14b,moderate,4.0,harm
relevance,7,phi3:14b,moderate,4.0,harm
relevance,7,phi3:14b,moderate,4.0,harm
relevance,7,phi3:14b,moderate,5.0,harm
relevance,7,phi3:14b,moderate,4.0,harm
relevance,7,phi3:14b,moderate,4.0,harm
relevance,7,phi3:14b,moderate,4.0,harm
relevance,7,phi3:14b,moderate,3.0,harm
relevance,7,phi3:14b,moderate,4.0,harm
relevance,7,phi3:14b,moderate,4.0,harm
relevance,7,phi3:14b,moderate,4.0,harm
relevance,7,phi3:14b,moderate,4.0,harm
relevance,7,phi3:14b,liberal,4.0,harm
relevance,7,phi3:14b,liberal,5.0,harm
relevance,7,phi3:14b,liberal,4.0,harm
relevance,7,phi3:14b,liberal,5.0,harm
relevance,7,phi3:14b,liberal,4.0,harm
relevance,7,phi3:14b,liberal,4.0,harm
relevance,7,phi3:14b,liberal,5.0,harm
relevance,7,phi3:14b,liberal,4.0,harm
relevance,7,phi3:14b,liberal,5.0,harm
relevance,7,phi3:14b,liberal,4.0,harm
relevance,7,phi3:14b,liberal,4.0,harm
relevance,7,phi3:14b,liberal,5.0,harm
relevance,7,phi3:14b,liberal,4.0,harm
relevance,7,phi3:14b,liberal,4.0,harm
relevance,7,phi3:14b,liberal,4.0,harm
relevance,7,phi3:14b,liberal,5.0,harm
relevance,7,phi3:14b,liberal,5.0,harm
relevance,7,phi3:14b,liberal,5.0,harm
relevance,7,phi3:14b,liberal,5.0,harm
relevance,7,phi3:14b,liberal,5.0,harm
relevance,7,phi3:14b,liberal,4.0,harm
relevance,7,phi3:14b,liberal,4.0,harm
relevance,7,phi3:14b,liberal,4.0,harm
relevance,7,phi3:14b,liberal,4.0,harm
relevance,7,phi3:14b,liberal,4.0,harm
relevance,7,phi3:14b,liberal,5.0,harm
relevance,7,phi3:14b,liberal,4.0,harm
relevance,7,phi3:14b,liberal,4.0,harm
relevance,7,phi3:14b,liberal,4.0,harm
relevance,7,phi3:14b,liberal,4.0,harm
relevance,7,phi3:14b,liberal,5.0,harm
relevance,7,phi3:14b,liberal,5.0,harm
relevance,7,phi3:14b,liberal,5.0,harm
relevance,7,phi3:14b,liberal,4.0,harm
relevance,7,phi3:14b,liberal,5.0,harm
relevance,7,phi3:14b,liberal,5.0,harm
relevance,7,phi3:14b,liberal,4.0,harm
relevance,7,phi3:14b,liberal,4.0,harm
relevance,7,phi3:14b,liberal,5.0,harm
relevance,7,phi3:14b,liberal,5.0,harm
relevance,7,phi3:14b,liberal,4.0,harm
relevance,7,phi3:14b,liberal,5.0,harm
relevance,7,phi3:14b,liberal,4.0,harm
relevance,7,phi3:14b,liberal,4.0,harm
relevance,7,phi3:14b,liberal,5.0,harm
relevance,7,phi3:14b,liberal,4.0,harm
relevance,7,phi3:14b,liberal,5.0,harm
relevance,7,phi3:14b,liberal,5.0,harm
relevance,7,phi3:14b,liberal,5.0,harm
relevance,7,phi3:14b,liberal,4.0,harm
relevance,7,gemma:7b,conservative,3.0,harm
relevance,7,gemma:7b,conservative,3.0,harm
relevance,7,gemma:7b,conservative,3.0,harm
relevance,7,gemma:7b,conservative,3.0,harm
relevance,7,gemma:7b,conservative,3.0,harm
relevance,7,gemma:7b,conservative,4.0,harm
relevance,7,gemma:7b,conservative,3.0,harm
relevance,7,gemma:7b,conservative,3.0,harm
relevance,7,gemma:7b,conservative,3.0,harm
relevance,7,gemma:7b,conservative,3.0,harm
relevance,7,gemma:7b,conservative,4.0,harm
relevance,7,gemma:7b,conservative,3.0,harm
relevance,7,gemma:7b,conservative,3.0,harm
relevance,7,gemma:7b,conservative,3.0,harm
relevance,7,gemma:7b,conservative,3.0,harm
relevance,7,gemma:7b,conservative,3.0,harm
relevance,7,gemma:7b,conservative,4.0,harm
relevance,7,gemma:7b,conservative,3.0,harm
relevance,7,gemma:7b,conservative,3.0,harm
relevance,7,gemma:7b,conservative,3.0,harm
relevance,7,gemma:7b,conservative,3.0,harm
relevance,7,gemma:7b,conservative,3.0,harm
relevance,7,gemma:7b,conservative,3.0,harm
relevance,7,gemma:7b,conservative,4.0,harm
relevance,7,gemma:7b,conservative,3.0,harm
relevance,7,gemma:7b,conservative,4.0,harm
relevance,7,gemma:7b,conservative,3.0,harm
relevance,7,gemma:7b,conservative,3.0,harm
relevance,7,gemma:7b,conservative,3.0,harm
relevance,7,gemma:7b,conservative,3.0,harm
relevance,7,gemma:7b,conservative,3.0,harm
relevance,7,gemma:7b,conservative,4.0,harm
relevance,7,gemma:7b,conservative,3.0,harm
relevance,7,gemma:7b,conservative,3.0,harm
relevance,7,gemma:7b,conservative,3.0,harm
relevance,7,gemma:7b,conservative,3.0,harm
relevance,7,gemma:7b,conservative,3.0,harm
relevance,7,gemma:7b,conservative,4.0,harm
relevance,7,gemma:7b,conservative,4.0,harm
relevance,7,gemma:7b,conservative,4.0,harm
relevance,7,gemma:7b,conservative,3.0,harm
relevance,7,gemma:7b,conservative,3.0,harm
relevance,7,gemma:7b,conservative,3.0,harm
relevance,7,gemma:7b,conservative,4.0,harm
relevance,7,gemma:7b,conservative,3.0,harm
relevance,7,gemma:7b,conservative,3.0,harm
relevance,7,gemma:7b,conservative,3.0,harm
relevance,7,gemma:7b,conservative,3.0,harm
relevance,7,gemma:7b,moderate,3.0,harm
relevance,7,gemma:7b,moderate,3.0,harm
relevance,7,gemma:7b,moderate,3.0,harm
relevance,7,gemma:7b,moderate,3.0,harm
relevance,7,gemma:7b,moderate,3.0,harm
relevance,7,gemma:7b,moderate,3.0,harm
relevance,7,gemma:7b,moderate,3.0,harm
relevance,7,gemma:7b,moderate,3.0,harm
relevance,7,gemma:7b,moderate,3.0,harm
relevance,7,gemma:7b,moderate,3.0,harm
relevance,7,gemma:7b,moderate,3.0,harm
relevance,7,gemma:7b,moderate,3.0,harm
relevance,7,gemma:7b,moderate,3.0,harm
relevance,7,gemma:7b,moderate,3.0,harm
relevance,7,gemma:7b,moderate,3.0,harm
relevance,7,gemma:7b,moderate,3.0,harm
relevance,7,gemma:7b,moderate,3.0,harm
relevance,7,gemma:7b,moderate,3.0,harm
relevance,7,gemma:7b,moderate,3.0,harm
relevance,7,gemma:7b,moderate,3.0,harm
relevance,7,gemma:7b,moderate,3.0,harm
relevance,7,gemma:7b,moderate,3.0,harm
relevance,7,gemma:7b,moderate,3.0,harm
relevance,7,gemma:7b,moderate,3.0,harm
relevance,7,gemma:7b,moderate,3.0,harm
relevance,7,gemma:7b,moderate,4.0,harm
relevance,7,gemma:7b,moderate,3.0,harm
relevance,7,gemma:7b,moderate,3.0,harm
relevance,7,gemma:7b,moderate,3.0,harm
relevance,7,gemma:7b,moderate,3.0,harm
relevance,7,gemma:7b,moderate,3.0,harm
relevance,7,gemma:7b,moderate,3.0,harm
relevance,7,gemma:7b,moderate,3.0,harm
relevance,7,gemma:7b,moderate,3.0,harm
relevance,7,gemma:7b,moderate,3.0,harm
relevance,7,gemma:7b,moderate,3.0,harm
relevance,7,gemma:7b,moderate,3.0,harm
relevance,7,gemma:7b,moderate,3.0,harm
relevance,7,gemma:7b,moderate,3.0,harm
relevance,7,gemma:7b,moderate,3.0,harm
relevance,7,gemma:7b,moderate,3.0,harm
relevance,7,gemma:7b,moderate,3.0,harm
relevance,7,gemma:7b,moderate,3.0,harm
relevance,7,gemma:7b,moderate,3.0,harm
relevance,7,gemma:7b,moderate,3.0,harm
relevance,7,gemma:7b,moderate,3.0,harm
relevance,7,gemma:7b,moderate,3.0,harm
relevance,7,gemma:7b,moderate,3.0,harm
relevance,7,gemma:7b,moderate,3.0,harm
relevance,7,gemma:7b,liberal,4.0,harm
relevance,7,gemma:7b,liberal,4.0,harm
relevance,7,gemma:7b,liberal,4.0,harm
relevance,7,gemma:7b,liberal,3.0,harm
relevance,7,gemma:7b,liberal,3.0,harm
relevance,7,gemma:7b,liberal,4.0,harm
relevance,7,gemma:7b,liberal,3.0,harm
relevance,7,gemma:7b,liberal,3.0,harm
relevance,7,gemma:7b,liberal,3.0,harm
relevance,7,gemma:7b,liberal,3.0,harm
relevance,7,gemma:7b,liberal,3.0,harm
relevance,7,gemma:7b,liberal,3.0,harm
relevance,7,gemma:7b,liberal,4.0,harm
relevance,7,gemma:7b,liberal,4.0,harm
relevance,7,gemma:7b,liberal,4.0,harm
relevance,7,gemma:7b,liberal,4.0,harm
relevance,7,gemma:7b,liberal,4.0,harm
relevance,7,gemma:7b,liberal,4.0,harm
relevance,7,gemma:7b,liberal,4.0,harm
relevance,7,gemma:7b,liberal,4.0,harm
relevance,7,gemma:7b,liberal,4.0,harm
relevance,7,gemma:7b,liberal,4.0,harm
relevance,7,gemma:7b,liberal,4.0,harm
relevance,7,gemma:7b,liberal,4.0,harm
relevance,7,gemma:7b,liberal,4.0,harm
relevance,7,gemma:7b,liberal,4.0,harm
relevance,7,gemma:7b,liberal,3.0,harm
relevance,7,gemma:7b,liberal,3.0,harm
relevance,7,gemma:7b,liberal,4.0,harm
relevance,7,gemma:7b,liberal,4.0,harm
relevance,7,gemma:7b,liberal,3.0,harm
relevance,7,gemma:7b,liberal,4.0,harm
relevance,7,gemma:7b,liberal,4.0,harm
relevance,7,gemma:7b,liberal,3.0,harm
relevance,7,gemma:7b,liberal,4.0,harm
relevance,7,gemma:7b,liberal,3.0,harm
relevance,7,gemma:7b,liberal,4.0,harm
relevance,7,gemma:7b,liberal,4.0,harm
relevance,7,gemma:7b,liberal,4.0,harm
relevance,7,gemma:7b,liberal,3.0,harm
relevance,7,gemma:7b,liberal,3.0,harm
relevance,7,gemma:7b,liberal,4.0,harm
relevance,7,gemma:7b,liberal,4.0,harm
relevance,7,gemma:7b,liberal,3.0,harm
relevance,7,gemma:7b,liberal,4.0,harm
relevance,7,gemma:7b,liberal,4.0,harm
relevance,7,gemma:7b,liberal,4.0,harm
relevance,7,gemma:7b,liberal,4.0,harm
relevance,7,gemma2:27b,conservative,4.0,harm
relevance,7,gemma2:27b,conservative,4.0,harm
relevance,7,gemma2:27b,conservative,4.0,harm
relevance,7,gemma2:27b,conservative,4.0,harm
relevance,7,gemma2:27b,conservative,4.0,harm
relevance,7,gemma2:27b,conservative,4.0,harm
relevance,7,gemma2:27b,conservative,4.0,harm
relevance,7,gemma2:27b,conservative,4.0,harm
relevance,7,gemma2:27b,conservative,4.0,harm
relevance,7,gemma2:27b,conservative,4.0,harm
relevance,7,gemma2:27b,conservative,4.0,harm
relevance,7,gemma2:27b,conservative,4.0,harm
relevance,7,gemma2:27b,conservative,4.0,harm
relevance,7,gemma2:27b,conservative,4.0,harm
relevance,7,gemma2:27b,conservative,4.0,harm
relevance,7,gemma2:27b,conservative,4.0,harm
relevance,7,gemma2:27b,conservative,4.0,harm
relevance,7,gemma2:27b,conservative,4.0,harm
relevance,7,gemma2:27b,conservative,4.0,harm
relevance,7,gemma2:27b,conservative,4.0,harm
relevance,7,gemma2:27b,conservative,4.0,harm
relevance,7,gemma2:27b,conservative,4.0,harm
relevance,7,gemma2:27b,conservative,4.0,harm
relevance,7,gemma2:27b,conservative,4.0,harm
relevance,7,gemma2:27b,conservative,4.0,harm
relevance,7,gemma2:27b,conservative,4.0,harm
relevance,7,gemma2:27b,conservative,4.0,harm
relevance,7,gemma2:27b,conservative,4.0,harm
relevance,7,gemma2:27b,conservative,4.0,harm
relevance,7,gemma2:27b,conservative,4.0,harm
relevance,7,gemma2:27b,conservative,4.0,harm
relevance,7,gemma2:27b,conservative,4.0,harm
relevance,7,gemma2:27b,conservative,4.0,harm
relevance,7,gemma2:27b,conservative,4.0,harm
relevance,7,gemma2:27b,conservative,4.0,harm
relevance,7,gemma2:27b,conservative,4.0,harm
relevance,7,gemma2:27b,conservative,4.0,harm
relevance,7,gemma2:27b,conservative,4.0,harm
relevance,7,gemma2:27b,conservative,4.0,harm
relevance,7,gemma2:27b,conservative,4.0,harm
relevance,7,gemma2:27b,conservative,4.0,harm
relevance,7,gemma2:27b,conservative,4.0,harm
relevance,7,gemma2:27b,conservative,4.0,harm
relevance,7,gemma2:27b,conservative,4.0,harm
relevance,7,gemma2:27b,conservative,4.0,harm
relevance,7,gemma2:27b,conservative,4.0,harm
relevance,7,gemma2:27b,conservative,4.0,harm
relevance,7,gemma2:27b,conservative,4.0,harm
relevance,7,gemma2:27b,conservative,4.0,harm
relevance,7,gemma2:27b,conservative,4.0,harm
relevance,7,gemma2:27b,moderate,4.0,harm
relevance,7,gemma2:27b,moderate,4.0,harm
relevance,7,gemma2:27b,moderate,4.0,harm
relevance,7,gemma2:27b,moderate,4.0,harm
relevance,7,gemma2:27b,moderate,4.0,harm
relevance,7,gemma2:27b,moderate,4.0,harm
relevance,7,gemma2:27b,moderate,4.0,harm
relevance,7,gemma2:27b,moderate,4.0,harm
relevance,7,gemma2:27b,moderate,4.0,harm
relevance,7,gemma2:27b,moderate,4.0,harm
relevance,7,gemma2:27b,moderate,4.0,harm
relevance,7,gemma2:27b,moderate,4.0,harm
relevance,7,gemma2:27b,moderate,4.0,harm
relevance,7,gemma2:27b,moderate,4.0,harm
relevance,7,gemma2:27b,moderate,4.0,harm
relevance,7,gemma2:27b,moderate,4.0,harm
relevance,7,gemma2:27b,moderate,4.0,harm
relevance,7,gemma2:27b,moderate,4.0,harm
relevance,7,gemma2:27b,moderate,4.0,harm
relevance,7,gemma2:27b,moderate,4.0,harm
relevance,7,gemma2:27b,moderate,4.0,harm
relevance,7,gemma2:27b,moderate,4.0,harm
relevance,7,gemma2:27b,moderate,4.0,harm
relevance,7,gemma2:27b,moderate,4.0,harm
relevance,7,gemma2:27b,moderate,4.0,harm
relevance,7,gemma2:27b,moderate,4.0,harm
relevance,7,gemma2:27b,moderate,4.0,harm
relevance,7,gemma2:27b,moderate,4.0,harm
relevance,7,gemma2:27b,moderate,4.0,harm
relevance,7,gemma2:27b,moderate,4.0,harm
relevance,7,gemma2:27b,moderate,4.0,harm
relevance,7,gemma2:27b,moderate,4.0,harm
relevance,7,gemma2:27b,moderate,4.0,harm
relevance,7,gemma2:27b,moderate,4.0,harm
relevance,7,gemma2:27b,moderate,4.0,harm
relevance,7,gemma2:27b,moderate,4.0,harm
relevance,7,gemma2:27b,moderate,4.0,harm
relevance,7,gemma2:27b,moderate,4.0,harm
relevance,7,gemma2:27b,moderate,4.0,harm
relevance,7,gemma2:27b,moderate,4.0,harm
relevance,7,gemma2:27b,moderate,4.0,harm
relevance,7,gemma2:27b,moderate,4.0,harm
relevance,7,gemma2:27b,moderate,4.0,harm
relevance,7,gemma2:27b,moderate,4.0,harm
relevance,7,gemma2:27b,moderate,4.0,harm
relevance,7,gemma2:27b,moderate,4.0,harm
relevance,7,gemma2:27b,moderate,4.0,harm
relevance,7,gemma2:27b,moderate,4.0,harm
relevance,7,gemma2:27b,moderate,4.0,harm
relevance,7,gemma2:27b,moderate,4.0,harm
relevance,7,gemma2:27b,liberal,5.0,harm
relevance,7,gemma2:27b,liberal,5.0,harm
relevance,7,gemma2:27b,liberal,4.0,harm
relevance,7,gemma2:27b,liberal,5.0,harm
relevance,7,gemma2:27b,liberal,4.0,harm
relevance,7,gemma2:27b,liberal,4.0,harm
relevance,7,gemma2:27b,liberal,5.0,harm
relevance,7,gemma2:27b,liberal,5.0,harm
relevance,7,gemma2:27b,liberal,5.0,harm
relevance,7,gemma2:27b,liberal,4.0,harm
relevance,7,gemma2:27b,liberal,4.0,harm
relevance,7,gemma2:27b,liberal,5.0,harm
relevance,7,gemma2:27b,liberal,4.0,harm
relevance,7,gemma2:27b,liberal,5.0,harm
relevance,7,gemma2:27b,liberal,5.0,harm
relevance,7,gemma2:27b,liberal,5.0,harm
relevance,7,gemma2:27b,liberal,5.0,harm
relevance,7,gemma2:27b,liberal,4.0,harm
relevance,7,gemma2:27b,liberal,5.0,harm
relevance,7,gemma2:27b,liberal,4.0,harm
relevance,7,gemma2:27b,liberal,5.0,harm
relevance,7,gemma2:27b,liberal,5.0,harm
relevance,7,gemma2:27b,liberal,5.0,harm
relevance,7,gemma2:27b,liberal,4.0,harm
relevance,7,gemma2:27b,liberal,5.0,harm
relevance,7,gemma2:27b,liberal,4.0,harm
relevance,7,gemma2:27b,liberal,4.0,harm
relevance,7,gemma2:27b,liberal,5.0,harm
relevance,7,gemma2:27b,liberal,5.0,harm
relevance,7,gemma2:27b,liberal,5.0,harm
relevance,7,gemma2:27b,liberal,4.0,harm
relevance,7,gemma2:27b,liberal,4.0,harm
relevance,7,gemma2:27b,liberal,4.0,harm
relevance,7,gemma2:27b,liberal,5.0,harm
relevance,7,gemma2:27b,liberal,5.0,harm
relevance,7,gemma2:27b,liberal,5.0,harm
relevance,7,gemma2:27b,liberal,4.0,harm
relevance,7,gemma2:27b,liberal,5.0,harm
relevance,7,gemma2:27b,liberal,5.0,harm
relevance,7,gemma2:27b,liberal,4.0,harm
relevance,7,gemma2:27b,liberal,5.0,harm
relevance,7,gemma2:27b,liberal,5.0,harm
relevance,7,gemma2:27b,liberal,4.0,harm
relevance,7,gemma2:27b,liberal,5.0,harm
relevance,7,gemma2:27b,liberal,5.0,harm
relevance,7,gemma2:27b,liberal,4.0,harm
relevance,7,gemma2:27b,liberal,5.0,harm
relevance,7,gemma2:27b,liberal,5.0,harm
relevance,7,gemma2:27b,liberal,4.0,harm
relevance,7,gemma2:27b,liberal,4.0,harm
relevance,7,qwen:72b,conservative,5.0,harm
relevance,7,qwen:72b,conservative,5.0,harm
relevance,7,qwen:72b,conservative,5.0,harm
relevance,7,qwen:72b,conservative,5.0,harm
relevance,7,qwen:72b,conservative,5.0,harm
relevance,7,qwen:72b,conservative,5.0,harm
relevance,7,qwen:72b,conservative,5.0,harm
relevance,7,qwen:72b,conservative,5.0,harm
relevance,7,qwen:72b,conservative,5.0,harm
relevance,7,qwen:72b,conservative,5.0,harm
relevance,7,qwen:72b,conservative,5.0,harm
relevance,7,qwen:72b,conservative,5.0,harm
relevance,7,qwen:72b,conservative,5.0,harm
relevance,7,qwen:72b,conservative,5.0,harm
relevance,7,qwen:72b,conservative,5.0,harm
relevance,7,qwen:72b,conservative,5.0,harm
relevance,7,qwen:72b,conservative,5.0,harm
relevance,7,qwen:72b,conservative,5.0,harm
relevance,7,qwen:72b,conservative,5.0,harm
relevance,7,qwen:72b,conservative,5.0,harm
relevance,7,qwen:72b,conservative,5.0,harm
relevance,7,qwen:72b,conservative,5.0,harm
relevance,7,qwen:72b,conservative,5.0,harm
relevance,7,qwen:72b,conservative,5.0,harm
relevance,7,qwen:72b,conservative,5.0,harm
relevance,7,qwen:72b,conservative,5.0,harm
relevance,7,qwen:72b,conservative,5.0,harm
relevance,7,qwen:72b,conservative,5.0,harm
relevance,7,qwen:72b,conservative,5.0,harm
relevance,7,qwen:72b,conservative,5.0,harm
relevance,7,qwen:72b,conservative,5.0,harm
relevance,7,qwen:72b,conservative,5.0,harm
relevance,7,qwen:72b,conservative,5.0,harm
relevance,7,qwen:72b,conservative,5.0,harm
relevance,7,qwen:72b,conservative,5.0,harm
relevance,7,qwen:72b,conservative,5.0,harm
relevance,7,qwen:72b,conservative,5.0,harm
relevance,7,qwen:72b,conservative,5.0,harm
relevance,7,qwen:72b,conservative,5.0,harm
relevance,7,qwen:72b,conservative,5.0,harm
relevance,7,qwen:72b,conservative,5.0,harm
relevance,7,qwen:72b,conservative,4.0,harm
relevance,7,qwen:72b,conservative,5.0,harm
relevance,7,qwen:72b,conservative,5.0,harm
relevance,7,qwen:72b,conservative,5.0,harm
relevance,7,qwen:72b,conservative,5.0,harm
relevance,7,qwen:72b,conservative,5.0,harm
relevance,7,qwen:72b,conservative,5.0,harm
relevance,7,qwen:72b,conservative,5.0,harm
relevance,7,qwen:72b,conservative,5.0,harm
relevance,7,qwen:72b,moderate,5.0,harm
relevance,7,qwen:72b,moderate,5.0,harm
relevance,7,qwen:72b,moderate,5.0,harm
relevance,7,qwen:72b,moderate,5.0,harm
relevance,7,qwen:72b,moderate,5.0,harm
relevance,7,qwen:72b,moderate,5.0,harm
relevance,7,qwen:72b,moderate,5.0,harm
relevance,7,qwen:72b,moderate,5.0,harm
relevance,7,qwen:72b,moderate,5.0,harm
relevance,7,qwen:72b,moderate,5.0,harm
relevance,7,qwen:72b,moderate,5.0,harm
relevance,7,qwen:72b,moderate,5.0,harm
relevance,7,qwen:72b,moderate,5.0,harm
relevance,7,qwen:72b,moderate,5.0,harm
relevance,7,qwen:72b,moderate,5.0,harm
relevance,7,qwen:72b,moderate,5.0,harm
relevance,7,qwen:72b,moderate,5.0,harm
relevance,7,qwen:72b,moderate,5.0,harm
relevance,7,qwen:72b,moderate,5.0,harm
relevance,7,qwen:72b,moderate,5.0,harm
relevance,7,qwen:72b,moderate,5.0,harm
relevance,7,qwen:72b,moderate,5.0,harm
relevance,7,qwen:72b,moderate,5.0,harm
relevance,7,qwen:72b,moderate,5.0,harm
relevance,7,qwen:72b,moderate,5.0,harm
relevance,7,qwen:72b,moderate,5.0,harm
relevance,7,qwen:72b,moderate,5.0,harm
relevance,7,qwen:72b,moderate,5.0,harm
relevance,7,qwen:72b,moderate,5.0,harm
relevance,7,qwen:72b,moderate,5.0,harm
relevance,7,qwen:72b,moderate,5.0,harm
relevance,7,qwen:72b,moderate,5.0,harm
relevance,7,qwen:72b,moderate,5.0,harm
relevance,7,qwen:72b,moderate,5.0,harm
relevance,7,qwen:72b,moderate,5.0,harm
relevance,7,qwen:72b,moderate,5.0,harm
relevance,7,qwen:72b,moderate,5.0,harm
relevance,7,qwen:72b,moderate,5.0,harm
relevance,7,qwen:72b,moderate,5.0,harm
relevance,7,qwen:72b,moderate,5.0,harm
relevance,7,qwen:72b,moderate,5.0,harm
relevance,7,qwen:72b,moderate,5.0,harm
relevance,7,qwen:72b,moderate,5.0,harm
relevance,7,qwen:72b,moderate,5.0,harm
relevance,7,qwen:72b,moderate,5.0,harm
relevance,7,qwen:72b,moderate,5.0,harm
relevance,7,qwen:72b,moderate,5.0,harm
relevance,7,qwen:72b,moderate,5.0,harm
relevance,7,qwen:72b,moderate,5.0,harm
relevance,7,qwen:72b,moderate,5.0,harm
relevance,7,qwen:72b,liberal,5.0,harm
relevance,7,qwen:72b,liberal,5.0,harm
relevance,7,qwen:72b,liberal,5.0,harm
relevance,7,qwen:72b,liberal,5.0,harm
relevance,7,qwen:72b,liberal,5.0,harm
relevance,7,qwen:72b,liberal,5.0,harm
relevance,7,qwen:72b,liberal,5.0,harm
relevance,7,qwen:72b,liberal,5.0,harm
relevance,7,qwen:72b,liberal,5.0,harm
relevance,7,qwen:72b,liberal,5.0,harm
relevance,7,qwen:72b,liberal,5.0,harm
relevance,7,qwen:72b,liberal,5.0,harm
relevance,7,qwen:72b,liberal,5.0,harm
relevance,7,qwen:72b,liberal,5.0,harm
relevance,7,qwen:72b,liberal,5.0,harm
relevance,7,qwen:72b,liberal,5.0,harm
relevance,7,qwen:72b,liberal,5.0,harm
relevance,7,qwen:72b,liberal,5.0,harm
relevance,7,qwen:72b,liberal,5.0,harm
relevance,7,qwen:72b,liberal,5.0,harm
relevance,7,qwen:72b,liberal,5.0,harm
relevance,7,qwen:72b,liberal,5.0,harm
relevance,7,qwen:72b,liberal,5.0,harm
relevance,7,qwen:72b,liberal,5.0,harm
relevance,7,qwen:72b,liberal,5.0,harm
relevance,7,qwen:72b,liberal,5.0,harm
relevance,7,qwen:72b,liberal,5.0,harm
relevance,7,qwen:72b,liberal,5.0,harm
relevance,7,qwen:72b,liberal,5.0,harm
relevance,7,qwen:72b,liberal,5.0,harm
relevance,7,qwen:72b,liberal,5.0,harm
relevance,7,qwen:72b,liberal,5.0,harm
relevance,7,qwen:72b,liberal,5.0,harm
relevance,7,qwen:72b,liberal,5.0,harm
relevance,7,qwen:72b,liberal,5.0,harm
relevance,7,qwen:72b,liberal,5.0,harm
relevance,7,qwen:72b,liberal,5.0,harm
relevance,7,qwen:72b,liberal,5.0,harm
relevance,7,qwen:72b,liberal,5.0,harm
relevance,7,qwen:72b,liberal,5.0,harm
relevance,7,qwen:72b,liberal,5.0,harm
relevance,7,qwen:72b,liberal,5.0,harm
relevance,7,qwen:72b,liberal,5.0,harm
relevance,7,qwen:72b,liberal,5.0,harm
relevance,7,qwen:72b,liberal,5.0,harm
relevance,7,qwen:72b,liberal,5.0,harm
relevance,7,qwen:72b,liberal,5.0,harm
relevance,7,qwen:72b,liberal,5.0,harm
relevance,7,qwen:72b,liberal,5.0,harm
relevance,7,qwen:72b,liberal,5.0,harm
relevance,7,qwen2:72b,conservative,5.0,harm
relevance,7,qwen2:72b,conservative,5.0,harm
relevance,7,qwen2:72b,conservative,5.0,harm
relevance,7,qwen2:72b,conservative,5.0,harm
relevance,7,qwen2:72b,conservative,5.0,harm
relevance,7,qwen2:72b,conservative,5.0,harm
relevance,7,qwen2:72b,conservative,5.0,harm
relevance,7,qwen2:72b,conservative,5.0,harm
relevance,7,qwen2:72b,conservative,5.0,harm
relevance,7,qwen2:72b,conservative,5.0,harm
relevance,7,qwen2:72b,conservative,5.0,harm
relevance,7,qwen2:72b,conservative,5.0,harm
relevance,7,qwen2:72b,conservative,5.0,harm
relevance,7,qwen2:72b,conservative,5.0,harm
relevance,7,qwen2:72b,conservative,5.0,harm
relevance,7,qwen2:72b,conservative,5.0,harm
relevance,7,qwen2:72b,conservative,5.0,harm
relevance,7,qwen2:72b,conservative,5.0,harm
relevance,7,qwen2:72b,conservative,5.0,harm
relevance,7,qwen2:72b,conservative,5.0,harm
relevance,7,qwen2:72b,conservative,5.0,harm
relevance,7,qwen2:72b,conservative,5.0,harm
relevance,7,qwen2:72b,conservative,5.0,harm
relevance,7,qwen2:72b,conservative,5.0,harm
relevance,7,qwen2:72b,conservative,5.0,harm
relevance,7,qwen2:72b,conservative,5.0,harm
relevance,7,qwen2:72b,conservative,5.0,harm
relevance,7,qwen2:72b,conservative,5.0,harm
relevance,7,qwen2:72b,conservative,5.0,harm
relevance,7,qwen2:72b,conservative,5.0,harm
relevance,7,qwen2:72b,conservative,5.0,harm
relevance,7,qwen2:72b,conservative,5.0,harm
relevance,7,qwen2:72b,conservative,5.0,harm
relevance,7,qwen2:72b,conservative,5.0,harm
relevance,7,qwen2:72b,conservative,5.0,harm
relevance,7,qwen2:72b,conservative,5.0,harm
relevance,7,qwen2:72b,conservative,5.0,harm
relevance,7,qwen2:72b,conservative,5.0,harm
relevance,7,qwen2:72b,conservative,5.0,harm
relevance,7,qwen2:72b,conservative,5.0,harm
relevance,7,qwen2:72b,conservative,5.0,harm
relevance,7,qwen2:72b,conservative,5.0,harm
relevance,7,qwen2:72b,conservative,5.0,harm
relevance,7,qwen2:72b,conservative,5.0,harm
relevance,7,qwen2:72b,conservative,5.0,harm
relevance,7,qwen2:72b,conservative,5.0,harm
relevance,7,qwen2:72b,conservative,5.0,harm
relevance,7,qwen2:72b,conservative,5.0,harm
relevance,7,qwen2:72b,conservative,5.0,harm
relevance,7,qwen2:72b,conservative,5.0,harm
relevance,7,qwen2:72b,moderate,5.0,harm
relevance,7,qwen2:72b,moderate,5.0,harm
relevance,7,qwen2:72b,moderate,5.0,harm
relevance,7,qwen2:72b,moderate,5.0,harm
relevance,7,qwen2:72b,moderate,5.0,harm
relevance,7,qwen2:72b,moderate,5.0,harm
relevance,7,qwen2:72b,moderate,5.0,harm
relevance,7,qwen2:72b,moderate,5.0,harm
relevance,7,qwen2:72b,moderate,5.0,harm
relevance,7,qwen2:72b,moderate,5.0,harm
relevance,7,qwen2:72b,moderate,5.0,harm
relevance,7,qwen2:72b,moderate,5.0,harm
relevance,7,qwen2:72b,moderate,5.0,harm
relevance,7,qwen2:72b,moderate,5.0,harm
relevance,7,qwen2:72b,moderate,5.0,harm
relevance,7,qwen2:72b,moderate,5.0,harm
relevance,7,qwen2:72b,moderate,5.0,harm
relevance,7,qwen2:72b,moderate,5.0,harm
relevance,7,qwen2:72b,moderate,5.0,harm
relevance,7,qwen2:72b,moderate,5.0,harm
relevance,7,qwen2:72b,moderate,5.0,harm
relevance,7,qwen2:72b,moderate,5.0,harm
relevance,7,qwen2:72b,moderate,5.0,harm
relevance,7,qwen2:72b,moderate,5.0,harm
relevance,7,qwen2:72b,moderate,5.0,harm
relevance,7,qwen2:72b,moderate,5.0,harm
relevance,7,qwen2:72b,moderate,5.0,harm
relevance,7,qwen2:72b,moderate,5.0,harm
relevance,7,qwen2:72b,moderate,5.0,harm
relevance,7,qwen2:72b,moderate,5.0,harm
relevance,7,qwen2:72b,moderate,5.0,harm
relevance,7,qwen2:72b,moderate,5.0,harm
relevance,7,qwen2:72b,moderate,5.0,harm
relevance,7,qwen2:72b,moderate,5.0,harm
relevance,7,qwen2:72b,moderate,5.0,harm
relevance,7,qwen2:72b,moderate,5.0,harm
relevance,7,qwen2:72b,moderate,5.0,harm
relevance,7,qwen2:72b,moderate,5.0,harm
relevance,7,qwen2:72b,moderate,5.0,harm
relevance,7,qwen2:72b,moderate,5.0,harm
relevance,7,qwen2:72b,moderate,5.0,harm
relevance,7,qwen2:72b,moderate,5.0,harm
relevance,7,qwen2:72b,moderate,5.0,harm
relevance,7,qwen2:72b,moderate,5.0,harm
relevance,7,qwen2:72b,moderate,5.0,harm
relevance,7,qwen2:72b,moderate,5.0,harm
relevance,7,qwen2:72b,moderate,5.0,harm
relevance,7,qwen2:72b,moderate,5.0,harm
relevance,7,qwen2:72b,moderate,5.0,harm
relevance,7,qwen2:72b,moderate,5.0,harm
relevance,7,qwen2:72b,liberal,5.0,harm
relevance,7,qwen2:72b,liberal,5.0,harm
relevance,7,qwen2:72b,liberal,5.0,harm
relevance,7,qwen2:72b,liberal,5.0,harm
relevance,7,qwen2:72b,liberal,5.0,harm
relevance,7,qwen2:72b,liberal,5.0,harm
relevance,7,qwen2:72b,liberal,5.0,harm
relevance,7,qwen2:72b,liberal,5.0,harm
relevance,7,qwen2:72b,liberal,5.0,harm
relevance,7,qwen2:72b,liberal,5.0,harm
relevance,7,qwen2:72b,liberal,5.0,harm
relevance,7,qwen2:72b,liberal,5.0,harm
relevance,7,qwen2:72b,liberal,5.0,harm
relevance,7,qwen2:72b,liberal,5.0,harm
relevance,7,qwen2:72b,liberal,5.0,harm
relevance,7,qwen2:72b,liberal,5.0,harm
relevance,7,qwen2:72b,liberal,5.0,harm
relevance,7,qwen2:72b,liberal,5.0,harm
relevance,7,qwen2:72b,liberal,5.0,harm
relevance,7,qwen2:72b,liberal,5.0,harm
relevance,7,qwen2:72b,liberal,5.0,harm
relevance,7,qwen2:72b,liberal,5.0,harm
relevance,7,qwen2:72b,liberal,5.0,harm
relevance,7,qwen2:72b,liberal,5.0,harm
relevance,7,qwen2:72b,liberal,5.0,harm
relevance,7,qwen2:72b,liberal,5.0,harm
relevance,7,qwen2:72b,liberal,5.0,harm
relevance,7,qwen2:72b,liberal,5.0,harm
relevance,7,qwen2:72b,liberal,5.0,harm
relevance,7,qwen2:72b,liberal,5.0,harm
relevance,7,qwen2:72b,liberal,5.0,harm
relevance,7,qwen2:72b,liberal,5.0,harm
relevance,7,qwen2:72b,liberal,5.0,harm
relevance,7,qwen2:72b,liberal,5.0,harm
relevance,7,qwen2:72b,liberal,5.0,harm
relevance,7,qwen2:72b,liberal,5.0,harm
relevance,7,qwen2:72b,liberal,5.0,harm
relevance,7,qwen2:72b,liberal,5.0,harm
relevance,7,qwen2:72b,liberal,5.0,harm
relevance,7,qwen2:72b,liberal,5.0,harm
relevance,7,qwen2:72b,liberal,5.0,harm
relevance,7,qwen2:72b,liberal,5.0,harm
relevance,7,qwen2:72b,liberal,5.0,harm
relevance,7,qwen2:72b,liberal,5.0,harm
relevance,7,qwen2:72b,liberal,5.0,harm
relevance,7,qwen2:72b,liberal,5.0,harm
relevance,7,qwen2:72b,liberal,5.0,harm
relevance,7,qwen2:72b,liberal,5.0,harm
relevance,7,qwen2:72b,liberal,5.0,harm
relevance,7,qwen2:72b,liberal,5.0,harm
relevance,8,llama3.1:8b,conservative,5.0,fairness
relevance,8,llama3.1:8b,conservative,5.0,fairness
relevance,8,llama3.1:8b,conservative,5.0,fairness
relevance,8,llama3.1:8b,conservative,5.0,fairness
relevance,8,llama3.1:8b,conservative,5.0,fairness
relevance,8,llama3.1:8b,conservative,5.0,fairness
relevance,8,llama3.1:8b,conservative,5.0,fairness
relevance,8,llama3.1:8b,conservative,5.0,fairness
relevance,8,llama3.1:8b,conservative,4.0,fairness
relevance,8,llama3.1:8b,conservative,5.0,fairness
relevance,8,llama3.1:8b,conservative,5.0,fairness
relevance,8,llama3.1:8b,conservative,5.0,fairness
relevance,8,llama3.1:8b,conservative,5.0,fairness
relevance,8,llama3.1:8b,conservative,5.0,fairness
relevance,8,llama3.1:8b,conservative,5.0,fairness
relevance,8,llama3.1:8b,conservative,5.0,fairness
relevance,8,llama3.1:8b,conservative,4.0,fairness
relevance,8,llama3.1:8b,conservative,5.0,fairness
relevance,8,llama3.1:8b,conservative,4.0,fairness
relevance,8,llama3.1:8b,conservative,5.0,fairness
relevance,8,llama3.1:8b,conservative,5.0,fairness
relevance,8,llama3.1:8b,conservative,5.0,fairness
relevance,8,llama3.1:8b,conservative,5.0,fairness
relevance,8,llama3.1:8b,conservative,5.0,fairness
relevance,8,llama3.1:8b,conservative,5.0,fairness
relevance,8,llama3.1:8b,conservative,4.0,fairness
relevance,8,llama3.1:8b,conservative,4.0,fairness
relevance,8,llama3.1:8b,conservative,4.0,fairness
relevance,8,llama3.1:8b,conservative,5.0,fairness
relevance,8,llama3.1:8b,conservative,5.0,fairness
relevance,8,llama3.1:8b,conservative,4.0,fairness
relevance,8,llama3.1:8b,conservative,5.0,fairness
relevance,8,llama3.1:8b,conservative,5.0,fairness
relevance,8,llama3.1:8b,conservative,5.0,fairness
relevance,8,llama3.1:8b,conservative,4.0,fairness
relevance,8,llama3.1:8b,conservative,4.0,fairness
relevance,8,llama3.1:8b,conservative,5.0,fairness
relevance,8,llama3.1:8b,conservative,4.0,fairness
relevance,8,llama3.1:8b,conservative,4.0,fairness
relevance,8,llama3.1:8b,conservative,5.0,fairness
relevance,8,llama3.1:8b,conservative,4.0,fairness
relevance,8,llama3.1:8b,conservative,5.0,fairness
relevance,8,llama3.1:8b,conservative,4.0,fairness
relevance,8,llama3.1:8b,conservative,5.0,fairness
relevance,8,llama3.1:8b,conservative,5.0,fairness
relevance,8,llama3.1:8b,conservative,5.0,fairness
relevance,8,llama3.1:8b,conservative,5.0,fairness
relevance,8,llama3.1:8b,conservative,5.0,fairness
relevance,8,llama3.1:8b,conservative,5.0,fairness
relevance,8,llama3.1:8b,conservative,5.0,fairness
relevance,8,llama3.1:8b,moderate,5.0,fairness
relevance,8,llama3.1:8b,moderate,4.0,fairness
relevance,8,llama3.1:8b,moderate,5.0,fairness
relevance,8,llama3.1:8b,moderate,5.0,fairness
relevance,8,llama3.1:8b,moderate,4.0,fairness
relevance,8,llama3.1:8b,moderate,5.0,fairness
relevance,8,llama3.1:8b,moderate,4.0,fairness
relevance,8,llama3.1:8b,moderate,5.0,fairness
relevance,8,llama3.1:8b,moderate,5.0,fairness
relevance,8,llama3.1:8b,moderate,5.0,fairness
relevance,8,llama3.1:8b,moderate,4.0,fairness
relevance,8,llama3.1:8b,moderate,4.0,fairness
relevance,8,llama3.1:8b,moderate,5.0,fairness
relevance,8,llama3.1:8b,moderate,5.0,fairness
relevance,8,llama3.1:8b,moderate,4.0,fairness
relevance,8,llama3.1:8b,moderate,5.0,fairness
relevance,8,llama3.1:8b,moderate,5.0,fairness
relevance,8,llama3.1:8b,moderate,3.0,fairness
relevance,8,llama3.1:8b,moderate,3.0,fairness
relevance,8,llama3.1:8b,moderate,5.0,fairness
relevance,8,llama3.1:8b,moderate,4.0,fairness
relevance,8,llama3.1:8b,moderate,4.0,fairness
relevance,8,llama3.1:8b,moderate,5.0,fairness
relevance,8,llama3.1:8b,moderate,5.0,fairness
relevance,8,llama3.1:8b,moderate,5.0,fairness
relevance,8,llama3.1:8b,moderate,4.0,fairness
relevance,8,llama3.1:8b,moderate,4.0,fairness
relevance,8,llama3.1:8b,moderate,5.0,fairness
relevance,8,llama3.1:8b,moderate,5.0,fairness
relevance,8,llama3.1:8b,moderate,5.0,fairness
relevance,8,llama3.1:8b,moderate,4.0,fairness
relevance,8,llama3.1:8b,moderate,5.0,fairness
relevance,8,llama3.1:8b,moderate,3.0,fairness
relevance,8,llama3.1:8b,moderate,3.0,fairness
relevance,8,llama3.1:8b,moderate,4.0,fairness
relevance,8,llama3.1:8b,moderate,5.0,fairness
relevance,8,llama3.1:8b,moderate,5.0,fairness
relevance,8,llama3.1:8b,moderate,5.0,fairness
relevance,8,llama3.1:8b,moderate,4.0,fairness
relevance,8,llama3.1:8b,moderate,5.0,fairness
relevance,8,llama3.1:8b,moderate,4.0,fairness
relevance,8,llama3.1:8b,moderate,5.0,fairness
relevance,8,llama3.1:8b,moderate,5.0,fairness
relevance,8,llama3.1:8b,moderate,5.0,fairness
relevance,8,llama3.1:8b,moderate,4.0,fairness
relevance,8,llama3.1:8b,moderate,4.0,fairness
relevance,8,llama3.1:8b,moderate,4.0,fairness
relevance,8,llama3.1:8b,moderate,4.0,fairness
relevance,8,llama3.1:8b,moderate,5.0,fairness
relevance,8,llama3.1:8b,moderate,5.0,fairness
relevance,8,llama3.1:8b,liberal,4.0,fairness
relevance,8,llama3.1:8b,liberal,4.0,fairness
relevance,8,llama3.1:8b,liberal,5.0,fairness
relevance,8,llama3.1:8b,liberal,4.0,fairness
relevance,8,llama3.1:8b,liberal,5.0,fairness
relevance,8,llama3.1:8b,liberal,5.0,fairness
relevance,8,llama3.1:8b,liberal,4.0,fairness
relevance,8,llama3.1:8b,liberal,4.0,fairness
relevance,8,llama3.1:8b,liberal,4.0,fairness
relevance,8,llama3.1:8b,liberal,4.0,fairness
relevance,8,llama3.1:8b,liberal,5.0,fairness
relevance,8,llama3.1:8b,liberal,5.0,fairness
relevance,8,llama3.1:8b,liberal,5.0,fairness
relevance,8,llama3.1:8b,liberal,4.0,fairness
relevance,8,llama3.1:8b,liberal,5.0,fairness
relevance,8,llama3.1:8b,liberal,5.0,fairness
relevance,8,llama3.1:8b,liberal,4.0,fairness
relevance,8,llama3.1:8b,liberal,4.0,fairness
relevance,8,llama3.1:8b,liberal,5.0,fairness
relevance,8,llama3.1:8b,liberal,5.0,fairness
relevance,8,llama3.1:8b,liberal,5.0,fairness
relevance,8,llama3.1:8b,liberal,5.0,fairness
relevance,8,llama3.1:8b,liberal,5.0,fairness
relevance,8,llama3.1:8b,liberal,5.0,fairness
relevance,8,llama3.1:8b,liberal,4.0,fairness
relevance,8,llama3.1:8b,liberal,4.0,fairness
relevance,8,llama3.1:8b,liberal,4.0,fairness
relevance,8,llama3.1:8b,liberal,5.0,fairness
relevance,8,llama3.1:8b,liberal,5.0,fairness
relevance,8,llama3.1:8b,liberal,5.0,fairness
relevance,8,llama3.1:8b,liberal,5.0,fairness
relevance,8,llama3.1:8b,liberal,5.0,fairness
relevance,8,llama3.1:8b,liberal,5.0,fairness
relevance,8,llama3.1:8b,liberal,5.0,fairness
relevance,8,llama3.1:8b,liberal,5.0,fairness
relevance,8,llama3.1:8b,liberal,5.0,fairness
relevance,8,llama3.1:8b,liberal,4.0,fairness
relevance,8,llama3.1:8b,liberal,4.0,fairness
relevance,8,llama3.1:8b,liberal,5.0,fairness
relevance,8,llama3.1:8b,liberal,5.0,fairness
relevance,8,llama3.1:8b,liberal,5.0,fairness
relevance,8,llama3.1:8b,liberal,5.0,fairness
relevance,8,llama3.1:8b,liberal,5.0,fairness
relevance,8,llama3.1:8b,liberal,5.0,fairness
relevance,8,llama3.1:8b,liberal,5.0,fairness
relevance,8,llama3.1:8b,liberal,5.0,fairness
relevance,8,llama3.1:8b,liberal,5.0,fairness
relevance,8,llama3.1:8b,liberal,5.0,fairness
relevance,8,llama3.1:8b,liberal,5.0,fairness
relevance,8,llama3.1:8b,liberal,4.0,fairness
relevance,8,llama2:70b,conservative,4.0,fairness
relevance,8,llama2:70b,conservative,2.0,fairness
relevance,8,llama2:70b,conservative,3.0,fairness
relevance,8,llama2:70b,conservative,4.0,fairness
relevance,8,llama2:70b,conservative,4.0,fairness
relevance,8,llama2:70b,conservative,4.0,fairness
relevance,8,llama2:70b,conservative,2.0,fairness
relevance,8,llama2:70b,conservative,4.0,fairness
relevance,8,llama2:70b,conservative,3.0,fairness
relevance,8,llama2:70b,conservative,4.0,fairness
relevance,8,llama2:70b,conservative,4.0,fairness
relevance,8,llama2:70b,conservative,3.0,fairness
relevance,8,llama2:70b,conservative,3.0,fairness
relevance,8,llama2:70b,conservative,3.0,fairness
relevance,8,llama2:70b,conservative,3.0,fairness
relevance,8,llama2:70b,conservative,3.0,fairness
relevance,8,llama2:70b,conservative,3.0,fairness
relevance,8,llama2:70b,conservative,3.0,fairness
relevance,8,llama2:70b,conservative,3.0,fairness
relevance,8,llama2:70b,conservative,4.0,fairness
relevance,8,llama2:70b,conservative,4.0,fairness
relevance,8,llama2:70b,conservative,4.0,fairness
relevance,8,llama2:70b,conservative,4.0,fairness
relevance,8,llama2:70b,conservative,4.0,fairness
relevance,8,llama2:70b,conservative,4.0,fairness
relevance,8,llama2:70b,conservative,4.0,fairness
relevance,8,llama2:70b,conservative,3.0,fairness
relevance,8,llama2:70b,conservative,4.0,fairness
relevance,8,llama2:70b,conservative,3.0,fairness
relevance,8,llama2:70b,conservative,4.0,fairness
relevance,8,llama2:70b,conservative,4.0,fairness
relevance,8,llama2:70b,conservative,3.0,fairness
relevance,8,llama2:70b,conservative,4.0,fairness
relevance,8,llama2:70b,conservative,4.0,fairness
relevance,8,llama2:70b,conservative,4.0,fairness
relevance,8,llama2:70b,conservative,3.0,fairness
relevance,8,llama2:70b,conservative,3.0,fairness
relevance,8,llama2:70b,conservative,4.0,fairness
relevance,8,llama2:70b,conservative,4.0,fairness
relevance,8,llama2:70b,conservative,4.0,fairness
relevance,8,llama2:70b,conservative,3.0,fairness
relevance,8,llama2:70b,conservative,3.0,fairness
relevance,8,llama2:70b,conservative,3.0,fairness
relevance,8,llama2:70b,conservative,4.0,fairness
relevance,8,llama2:70b,conservative,4.0,fairness
relevance,8,llama2:70b,conservative,4.0,fairness
relevance,8,llama2:70b,conservative,4.0,fairness
relevance,8,llama2:70b,conservative,2.0,fairness
relevance,8,llama2:70b,moderate,3.0,fairness
relevance,8,llama2:70b,moderate,2.0,fairness
relevance,8,llama2:70b,moderate,3.0,fairness
relevance,8,llama2:70b,moderate,3.0,fairness
relevance,8,llama2:70b,moderate,3.0,fairness
relevance,8,llama2:70b,moderate,3.0,fairness
relevance,8,llama2:70b,moderate,3.0,fairness
relevance,8,llama2:70b,moderate,3.0,fairness
relevance,8,llama2:70b,moderate,3.0,fairness
relevance,8,llama2:70b,moderate,2.0,fairness
relevance,8,llama2:70b,moderate,4.0,fairness
relevance,8,llama2:70b,moderate,3.0,fairness
relevance,8,llama2:70b,moderate,2.0,fairness
relevance,8,llama2:70b,moderate,3.0,fairness
relevance,8,llama2:70b,moderate,3.0,fairness
relevance,8,llama2:70b,moderate,3.0,fairness
relevance,8,llama2:70b,moderate,3.0,fairness
relevance,8,llama2:70b,moderate,3.0,fairness
relevance,8,llama2:70b,moderate,3.0,fairness
relevance,8,llama2:70b,moderate,3.0,fairness
relevance,8,llama2:70b,moderate,3.0,fairness
relevance,8,llama2:70b,moderate,3.0,fairness
relevance,8,llama2:70b,moderate,4.0,fairness
relevance,8,llama2:70b,moderate,3.0,fairness
relevance,8,llama2:70b,moderate,3.0,fairness
relevance,8,llama2:70b,moderate,3.0,fairness
relevance,8,llama2:70b,moderate,3.0,fairness
relevance,8,llama2:70b,moderate,3.0,fairness
relevance,8,llama2:70b,moderate,3.0,fairness
relevance,8,llama2:70b,moderate,2.0,fairness
relevance,8,llama2:70b,moderate,2.0,fairness
relevance,8,llama2:70b,moderate,3.0,fairness
relevance,8,llama2:70b,moderate,3.0,fairness
relevance,8,llama2:70b,moderate,3.0,fairness
relevance,8,llama2:70b,moderate,3.0,fairness
relevance,8,llama2:70b,moderate,3.0,fairness
relevance,8,llama2:70b,moderate,2.0,fairness
relevance,8,llama2:70b,moderate,3.0,fairness
relevance,8,llama2:70b,moderate,3.0,fairness
relevance,8,llama2:70b,moderate,3.0,fairness
relevance,8,llama2:70b,moderate,4.0,fairness
relevance,8,llama2:70b,moderate,3.0,fairness
relevance,8,llama2:70b,moderate,4.0,fairness
relevance,8,llama2:70b,moderate,3.0,fairness
relevance,8,llama2:70b,moderate,3.0,fairness
relevance,8,llama2:70b,moderate,3.0,fairness
relevance,8,llama2:70b,moderate,3.0,fairness
relevance,8,llama2:70b,moderate,3.0,fairness
relevance,8,llama2:70b,moderate,3.0,fairness
relevance,8,llama2:70b,moderate,3.0,fairness
relevance,8,llama2:70b,liberal,4.0,fairness
relevance,8,llama2:70b,liberal,4.0,fairness
relevance,8,llama2:70b,liberal,4.0,fairness
relevance,8,llama2:70b,liberal,4.0,fairness
relevance,8,llama2:70b,liberal,4.0,fairness
relevance,8,llama2:70b,liberal,4.0,fairness
relevance,8,llama2:70b,liberal,4.0,fairness
relevance,8,llama2:70b,liberal,4.0,fairness
relevance,8,llama2:70b,liberal,4.0,fairness
relevance,8,llama2:70b,liberal,3.0,fairness
relevance,8,llama2:70b,liberal,4.0,fairness
relevance,8,llama2:70b,liberal,3.0,fairness
relevance,8,llama2:70b,liberal,3.0,fairness
relevance,8,llama2:70b,liberal,3.0,fairness
relevance,8,llama2:70b,liberal,4.0,fairness
relevance,8,llama2:70b,liberal,4.0,fairness
relevance,8,llama2:70b,liberal,3.0,fairness
relevance,8,llama2:70b,liberal,4.0,fairness
relevance,8,llama2:70b,liberal,4.0,fairness
relevance,8,llama2:70b,liberal,4.0,fairness
relevance,8,llama2:70b,liberal,4.0,fairness
relevance,8,llama2:70b,liberal,4.0,fairness
relevance,8,llama2:70b,liberal,4.0,fairness
relevance,8,llama2:70b,liberal,4.0,fairness
relevance,8,llama2:70b,liberal,4.0,fairness
relevance,8,llama2:70b,liberal,4.0,fairness
relevance,8,llama2:70b,liberal,3.0,fairness
relevance,8,llama2:70b,liberal,4.0,fairness
relevance,8,llama2:70b,liberal,4.0,fairness
relevance,8,llama2:70b,liberal,3.0,fairness
relevance,8,llama2:70b,liberal,4.0,fairness
relevance,8,llama2:70b,liberal,4.0,fairness
relevance,8,llama2:70b,liberal,4.0,fairness
relevance,8,llama2:70b,liberal,3.0,fairness
relevance,8,llama2:70b,liberal,3.0,fairness
relevance,8,llama2:70b,liberal,4.0,fairness
relevance,8,llama2:70b,liberal,4.0,fairness
relevance,8,llama2:70b,liberal,3.0,fairness
relevance,8,llama2:70b,liberal,4.0,fairness
relevance,8,llama2:70b,liberal,4.0,fairness
relevance,8,llama2:70b,liberal,4.0,fairness
relevance,8,llama2:70b,liberal,4.0,fairness
relevance,8,llama2:70b,liberal,4.0,fairness
relevance,8,llama2:70b,liberal,3.0,fairness
relevance,8,llama2:70b,liberal,4.0,fairness
relevance,8,llama2:70b,liberal,4.0,fairness
relevance,8,llama2:70b,liberal,4.0,fairness
relevance,8,llama2:70b,liberal,3.0,fairness
relevance,8,llama2:70b,liberal,4.0,fairness
relevance,8,llama2:70b,liberal,3.0,fairness
relevance,8,llama3:70b,conservative,5.0,fairness
relevance,8,llama3:70b,conservative,5.0,fairness
relevance,8,llama3:70b,conservative,5.0,fairness
relevance,8,llama3:70b,conservative,5.0,fairness
relevance,8,llama3:70b,conservative,5.0,fairness
relevance,8,llama3:70b,conservative,5.0,fairness
relevance,8,llama3:70b,conservative,5.0,fairness
relevance,8,llama3:70b,conservative,5.0,fairness
relevance,8,llama3:70b,conservative,5.0,fairness
relevance,8,llama3:70b,conservative,5.0,fairness
relevance,8,llama3:70b,conservative,5.0,fairness
relevance,8,llama3:70b,conservative,5.0,fairness
relevance,8,llama3:70b,conservative,5.0,fairness
relevance,8,llama3:70b,conservative,5.0,fairness
relevance,8,llama3:70b,conservative,5.0,fairness
relevance,8,llama3:70b,conservative,5.0,fairness
relevance,8,llama3:70b,conservative,5.0,fairness
relevance,8,llama3:70b,conservative,5.0,fairness
relevance,8,llama3:70b,conservative,5.0,fairness
relevance,8,llama3:70b,conservative,5.0,fairness
relevance,8,llama3:70b,conservative,5.0,fairness
relevance,8,llama3:70b,conservative,5.0,fairness
relevance,8,llama3:70b,conservative,5.0,fairness
relevance,8,llama3:70b,conservative,5.0,fairness
relevance,8,llama3:70b,conservative,5.0,fairness
relevance,8,llama3:70b,conservative,5.0,fairness
relevance,8,llama3:70b,conservative,5.0,fairness
relevance,8,llama3:70b,conservative,5.0,fairness
relevance,8,llama3:70b,conservative,5.0,fairness
relevance,8,llama3:70b,conservative,5.0,fairness
relevance,8,llama3:70b,conservative,5.0,fairness
relevance,8,llama3:70b,conservative,5.0,fairness
relevance,8,llama3:70b,conservative,5.0,fairness
relevance,8,llama3:70b,conservative,5.0,fairness
relevance,8,llama3:70b,conservative,5.0,fairness
relevance,8,llama3:70b,conservative,5.0,fairness
relevance,8,llama3:70b,conservative,5.0,fairness
relevance,8,llama3:70b,conservative,5.0,fairness
relevance,8,llama3:70b,conservative,5.0,fairness
relevance,8,llama3:70b,conservative,5.0,fairness
relevance,8,llama3:70b,conservative,5.0,fairness
relevance,8,llama3:70b,conservative,5.0,fairness
relevance,8,llama3:70b,conservative,5.0,fairness
relevance,8,llama3:70b,conservative,5.0,fairness
relevance,8,llama3:70b,conservative,5.0,fairness
relevance,8,llama3:70b,conservative,5.0,fairness
relevance,8,llama3:70b,conservative,5.0,fairness
relevance,8,llama3:70b,conservative,5.0,fairness
relevance,8,llama3:70b,conservative,5.0,fairness
relevance,8,llama3:70b,conservative,5.0,fairness
relevance,8,llama3:70b,moderate,3.0,fairness
relevance,8,llama3:70b,moderate,3.0,fairness
relevance,8,llama3:70b,moderate,3.0,fairness
relevance,8,llama3:70b,moderate,3.0,fairness
relevance,8,llama3:70b,moderate,2.0,fairness
relevance,8,llama3:70b,moderate,3.0,fairness
relevance,8,llama3:70b,moderate,3.0,fairness
relevance,8,llama3:70b,moderate,2.0,fairness
relevance,8,llama3:70b,moderate,3.0,fairness
relevance,8,llama3:70b,moderate,3.0,fairness
relevance,8,llama3:70b,moderate,0.0,fairness
relevance,8,llama3:70b,moderate,3.0,fairness
relevance,8,llama3:70b,moderate,2.0,fairness
relevance,8,llama3:70b,moderate,3.0,fairness
relevance,8,llama3:70b,moderate,3.0,fairness
relevance,8,llama3:70b,moderate,3.0,fairness
relevance,8,llama3:70b,moderate,3.0,fairness
relevance,8,llama3:70b,moderate,2.0,fairness
relevance,8,llama3:70b,moderate,3.0,fairness
relevance,8,llama3:70b,moderate,0.0,fairness
relevance,8,llama3:70b,moderate,0.0,fairness
relevance,8,llama3:70b,moderate,3.0,fairness
relevance,8,llama3:70b,moderate,3.0,fairness
relevance,8,llama3:70b,moderate,2.0,fairness
relevance,8,llama3:70b,moderate,3.0,fairness
relevance,8,llama3:70b,moderate,3.0,fairness
relevance,8,llama3:70b,moderate,2.0,fairness
relevance,8,llama3:70b,moderate,0.0,fairness
relevance,8,llama3:70b,moderate,3.0,fairness
relevance,8,llama3:70b,moderate,3.0,fairness
relevance,8,llama3:70b,moderate,0.0,fairness
relevance,8,llama3:70b,moderate,2.0,fairness
relevance,8,llama3:70b,moderate,3.0,fairness
relevance,8,llama3:70b,moderate,0.0,fairness
relevance,8,llama3:70b,moderate,3.0,fairness
relevance,8,llama3:70b,moderate,3.0,fairness
relevance,8,llama3:70b,moderate,2.0,fairness
relevance,8,llama3:70b,moderate,3.0,fairness
relevance,8,llama3:70b,moderate,3.0,fairness
relevance,8,llama3:70b,moderate,3.0,fairness
relevance,8,llama3:70b,moderate,4.0,fairness
relevance,8,llama3:70b,moderate,3.0,fairness
relevance,8,llama3:70b,moderate,3.0,fairness
relevance,8,llama3:70b,moderate,3.0,fairness
relevance,8,llama3:70b,moderate,2.0,fairness
relevance,8,llama3:70b,moderate,3.0,fairness
relevance,8,llama3:70b,moderate,3.0,fairness
relevance,8,llama3:70b,moderate,3.0,fairness
relevance,8,llama3:70b,moderate,3.0,fairness
relevance,8,llama3:70b,moderate,3.0,fairness
relevance,8,llama3:70b,liberal,5.0,fairness
relevance,8,llama3:70b,liberal,5.0,fairness
relevance,8,llama3:70b,liberal,5.0,fairness
relevance,8,llama3:70b,liberal,5.0,fairness
relevance,8,llama3:70b,liberal,5.0,fairness
relevance,8,llama3:70b,liberal,5.0,fairness
relevance,8,llama3:70b,liberal,5.0,fairness
relevance,8,llama3:70b,liberal,5.0,fairness
relevance,8,llama3:70b,liberal,5.0,fairness
relevance,8,llama3:70b,liberal,5.0,fairness
relevance,8,llama3:70b,liberal,5.0,fairness
relevance,8,llama3:70b,liberal,5.0,fairness
relevance,8,llama3:70b,liberal,5.0,fairness
relevance,8,llama3:70b,liberal,5.0,fairness
relevance,8,llama3:70b,liberal,5.0,fairness
relevance,8,llama3:70b,liberal,5.0,fairness
relevance,8,llama3:70b,liberal,5.0,fairness
relevance,8,llama3:70b,liberal,5.0,fairness
relevance,8,llama3:70b,liberal,5.0,fairness
relevance,8,llama3:70b,liberal,5.0,fairness
relevance,8,llama3:70b,liberal,5.0,fairness
relevance,8,llama3:70b,liberal,5.0,fairness
relevance,8,llama3:70b,liberal,5.0,fairness
relevance,8,llama3:70b,liberal,5.0,fairness
relevance,8,llama3:70b,liberal,5.0,fairness
relevance,8,llama3:70b,liberal,5.0,fairness
relevance,8,llama3:70b,liberal,5.0,fairness
relevance,8,llama3:70b,liberal,5.0,fairness
relevance,8,llama3:70b,liberal,5.0,fairness
relevance,8,llama3:70b,liberal,5.0,fairness
relevance,8,llama3:70b,liberal,5.0,fairness
relevance,8,llama3:70b,liberal,5.0,fairness
relevance,8,llama3:70b,liberal,5.0,fairness
relevance,8,llama3:70b,liberal,5.0,fairness
relevance,8,llama3:70b,liberal,5.0,fairness
relevance,8,llama3:70b,liberal,5.0,fairness
relevance,8,llama3:70b,liberal,5.0,fairness
relevance,8,llama3:70b,liberal,5.0,fairness
relevance,8,llama3:70b,liberal,5.0,fairness
relevance,8,llama3:70b,liberal,5.0,fairness
relevance,8,llama3:70b,liberal,5.0,fairness
relevance,8,llama3:70b,liberal,5.0,fairness
relevance,8,llama3:70b,liberal,5.0,fairness
relevance,8,llama3:70b,liberal,5.0,fairness
relevance,8,llama3:70b,liberal,5.0,fairness
relevance,8,llama3:70b,liberal,5.0,fairness
relevance,8,llama3:70b,liberal,5.0,fairness
relevance,8,llama3:70b,liberal,5.0,fairness
relevance,8,llama3:70b,liberal,5.0,fairness
relevance,8,llama3:70b,liberal,5.0,fairness
relevance,8,llama3.1:70b,conservative,5.0,fairness
relevance,8,llama3.1:70b,conservative,5.0,fairness
relevance,8,llama3.1:70b,conservative,5.0,fairness
relevance,8,llama3.1:70b,conservative,5.0,fairness
relevance,8,llama3.1:70b,conservative,5.0,fairness
relevance,8,llama3.1:70b,conservative,5.0,fairness
relevance,8,llama3.1:70b,conservative,5.0,fairness
relevance,8,llama3.1:70b,conservative,5.0,fairness
relevance,8,llama3.1:70b,conservative,5.0,fairness
relevance,8,llama3.1:70b,conservative,5.0,fairness
relevance,8,llama3.1:70b,conservative,5.0,fairness
relevance,8,llama3.1:70b,conservative,5.0,fairness
relevance,8,llama3.1:70b,conservative,5.0,fairness
relevance,8,llama3.1:70b,conservative,5.0,fairness
relevance,8,llama3.1:70b,conservative,5.0,fairness
relevance,8,llama3.1:70b,conservative,5.0,fairness
relevance,8,llama3.1:70b,conservative,5.0,fairness
relevance,8,llama3.1:70b,conservative,5.0,fairness
relevance,8,llama3.1:70b,conservative,5.0,fairness
relevance,8,llama3.1:70b,conservative,5.0,fairness
relevance,8,llama3.1:70b,conservative,5.0,fairness
relevance,8,llama3.1:70b,conservative,5.0,fairness
relevance,8,llama3.1:70b,conservative,5.0,fairness
relevance,8,llama3.1:70b,conservative,5.0,fairness
relevance,8,llama3.1:70b,conservative,5.0,fairness
relevance,8,llama3.1:70b,conservative,5.0,fairness
relevance,8,llama3.1:70b,conservative,5.0,fairness
relevance,8,llama3.1:70b,conservative,5.0,fairness
relevance,8,llama3.1:70b,conservative,5.0,fairness
relevance,8,llama3.1:70b,conservative,5.0,fairness
relevance,8,llama3.1:70b,conservative,5.0,fairness
relevance,8,llama3.1:70b,conservative,5.0,fairness
relevance,8,llama3.1:70b,conservative,5.0,fairness
relevance,8,llama3.1:70b,conservative,5.0,fairness
relevance,8,llama3.1:70b,conservative,5.0,fairness
relevance,8,llama3.1:70b,conservative,5.0,fairness
relevance,8,llama3.1:70b,conservative,5.0,fairness
relevance,8,llama3.1:70b,conservative,5.0,fairness
relevance,8,llama3.1:70b,conservative,5.0,fairness
relevance,8,llama3.1:70b,conservative,5.0,fairness
relevance,8,llama3.1:70b,conservative,5.0,fairness
relevance,8,llama3.1:70b,conservative,5.0,fairness
relevance,8,llama3.1:70b,conservative,5.0,fairness
relevance,8,llama3.1:70b,conservative,5.0,fairness
relevance,8,llama3.1:70b,conservative,5.0,fairness
relevance,8,llama3.1:70b,conservative,5.0,fairness
relevance,8,llama3.1:70b,conservative,5.0,fairness
relevance,8,llama3.1:70b,conservative,5.0,fairness
relevance,8,llama3.1:70b,conservative,5.0,fairness
relevance,8,llama3.1:70b,conservative,5.0,fairness
relevance,8,llama3.1:70b,moderate,5.0,fairness
relevance,8,llama3.1:70b,moderate,5.0,fairness
relevance,8,llama3.1:70b,moderate,5.0,fairness
relevance,8,llama3.1:70b,moderate,5.0,fairness
relevance,8,llama3.1:70b,moderate,5.0,fairness
relevance,8,llama3.1:70b,moderate,5.0,fairness
relevance,8,llama3.1:70b,moderate,5.0,fairness
relevance,8,llama3.1:70b,moderate,5.0,fairness
relevance,8,llama3.1:70b,moderate,5.0,fairness
relevance,8,llama3.1:70b,moderate,5.0,fairness
relevance,8,llama3.1:70b,moderate,5.0,fairness
relevance,8,llama3.1:70b,moderate,5.0,fairness
relevance,8,llama3.1:70b,moderate,5.0,fairness
relevance,8,llama3.1:70b,moderate,5.0,fairness
relevance,8,llama3.1:70b,moderate,5.0,fairness
relevance,8,llama3.1:70b,moderate,5.0,fairness
relevance,8,llama3.1:70b,moderate,5.0,fairness
relevance,8,llama3.1:70b,moderate,5.0,fairness
relevance,8,llama3.1:70b,moderate,5.0,fairness
relevance,8,llama3.1:70b,moderate,5.0,fairness
relevance,8,llama3.1:70b,moderate,5.0,fairness
relevance,8,llama3.1:70b,moderate,5.0,fairness
relevance,8,llama3.1:70b,moderate,5.0,fairness
relevance,8,llama3.1:70b,moderate,5.0,fairness
relevance,8,llama3.1:70b,moderate,5.0,fairness
relevance,8,llama3.1:70b,moderate,5.0,fairness
relevance,8,llama3.1:70b,moderate,5.0,fairness
relevance,8,llama3.1:70b,moderate,5.0,fairness
relevance,8,llama3.1:70b,moderate,5.0,fairness
relevance,8,llama3.1:70b,moderate,5.0,fairness
relevance,8,llama3.1:70b,moderate,5.0,fairness
relevance,8,llama3.1:70b,moderate,5.0,fairness
relevance,8,llama3.1:70b,moderate,5.0,fairness
relevance,8,llama3.1:70b,moderate,5.0,fairness
relevance,8,llama3.1:70b,moderate,5.0,fairness
relevance,8,llama3.1:70b,moderate,5.0,fairness
relevance,8,llama3.1:70b,moderate,5.0,fairness
relevance,8,llama3.1:70b,moderate,5.0,fairness
relevance,8,llama3.1:70b,moderate,5.0,fairness
relevance,8,llama3.1:70b,moderate,5.0,fairness
relevance,8,llama3.1:70b,moderate,5.0,fairness
relevance,8,llama3.1:70b,moderate,5.0,fairness
relevance,8,llama3.1:70b,moderate,5.0,fairness
relevance,8,llama3.1:70b,moderate,5.0,fairness
relevance,8,llama3.1:70b,moderate,5.0,fairness
relevance,8,llama3.1:70b,moderate,5.0,fairness
relevance,8,llama3.1:70b,moderate,5.0,fairness
relevance,8,llama3.1:70b,moderate,5.0,fairness
relevance,8,llama3.1:70b,moderate,5.0,fairness
relevance,8,llama3.1:70b,moderate,5.0,fairness
relevance,8,llama3.1:70b,liberal,5.0,fairness
relevance,8,llama3.1:70b,liberal,5.0,fairness
relevance,8,llama3.1:70b,liberal,5.0,fairness
relevance,8,llama3.1:70b,liberal,5.0,fairness
relevance,8,llama3.1:70b,liberal,5.0,fairness
relevance,8,llama3.1:70b,liberal,5.0,fairness
relevance,8,llama3.1:70b,liberal,5.0,fairness
relevance,8,llama3.1:70b,liberal,5.0,fairness
relevance,8,llama3.1:70b,liberal,5.0,fairness
relevance,8,llama3.1:70b,liberal,5.0,fairness
relevance,8,llama3.1:70b,liberal,5.0,fairness
relevance,8,llama3.1:70b,liberal,5.0,fairness
relevance,8,llama3.1:70b,liberal,5.0,fairness
relevance,8,llama3.1:70b,liberal,5.0,fairness
relevance,8,llama3.1:70b,liberal,5.0,fairness
relevance,8,llama3.1:70b,liberal,5.0,fairness
relevance,8,llama3.1:70b,liberal,5.0,fairness
relevance,8,llama3.1:70b,liberal,5.0,fairness
relevance,8,llama3.1:70b,liberal,5.0,fairness
relevance,8,llama3.1:70b,liberal,5.0,fairness
relevance,8,llama3.1:70b,liberal,5.0,fairness
relevance,8,llama3.1:70b,liberal,5.0,fairness
relevance,8,llama3.1:70b,liberal,5.0,fairness
relevance,8,llama3.1:70b,liberal,5.0,fairness
relevance,8,llama3.1:70b,liberal,5.0,fairness
relevance,8,llama3.1:70b,liberal,5.0,fairness
relevance,8,llama3.1:70b,liberal,5.0,fairness
relevance,8,llama3.1:70b,liberal,5.0,fairness
relevance,8,llama3.1:70b,liberal,5.0,fairness
relevance,8,llama3.1:70b,liberal,5.0,fairness
relevance,8,llama3.1:70b,liberal,5.0,fairness
relevance,8,llama3.1:70b,liberal,5.0,fairness
relevance,8,llama3.1:70b,liberal,5.0,fairness
relevance,8,llama3.1:70b,liberal,5.0,fairness
relevance,8,llama3.1:70b,liberal,5.0,fairness
relevance,8,llama3.1:70b,liberal,5.0,fairness
relevance,8,llama3.1:70b,liberal,5.0,fairness
relevance,8,llama3.1:70b,liberal,5.0,fairness
relevance,8,llama3.1:70b,liberal,5.0,fairness
relevance,8,llama3.1:70b,liberal,5.0,fairness
relevance,8,llama3.1:70b,liberal,5.0,fairness
relevance,8,llama3.1:70b,liberal,5.0,fairness
relevance,8,llama3.1:70b,liberal,5.0,fairness
relevance,8,llama3.1:70b,liberal,5.0,fairness
relevance,8,llama3.1:70b,liberal,5.0,fairness
relevance,8,llama3.1:70b,liberal,5.0,fairness
relevance,8,llama3.1:70b,liberal,5.0,fairness
relevance,8,llama3.1:70b,liberal,5.0,fairness
relevance,8,llama3.1:70b,liberal,5.0,fairness
relevance,8,llama3.1:70b,liberal,5.0,fairness
relevance,8,mistral:7b,conservative,0.0,fairness
relevance,8,mistral:7b,conservative,1.0,fairness
relevance,8,mistral:7b,conservative,3.0,fairness
relevance,8,mistral:7b,conservative,3.0,fairness
relevance,8,mistral:7b,conservative,3.0,fairness
relevance,8,mistral:7b,conservative,3.0,fairness
relevance,8,mistral:7b,conservative,1.0,fairness
relevance,8,mistral:7b,conservative,1.0,fairness
relevance,8,mistral:7b,conservative,3.0,fairness
relevance,8,mistral:7b,conservative,1.0,fairness
relevance,8,mistral:7b,conservative,3.0,fairness
relevance,8,mistral:7b,conservative,1.0,fairness
relevance,8,mistral:7b,conservative,1.0,fairness
relevance,8,mistral:7b,conservative,1.0,fairness
relevance,8,mistral:7b,conservative,3.0,fairness
relevance,8,mistral:7b,conservative,0.0,fairness
relevance,8,mistral:7b,conservative,3.0,fairness
relevance,8,mistral:7b,conservative,0.0,fairness
relevance,8,mistral:7b,conservative,1.0,fairness
relevance,8,mistral:7b,conservative,3.0,fairness
relevance,8,mistral:7b,conservative,3.0,fairness
relevance,8,mistral:7b,conservative,0.0,fairness
relevance,8,mistral:7b,conservative,3.0,fairness
relevance,8,mistral:7b,conservative,1.0,fairness
relevance,8,mistral:7b,conservative,1.0,fairness
relevance,8,mistral:7b,conservative,1.0,fairness
relevance,8,mistral:7b,conservative,0.0,fairness
relevance,8,mistral:7b,conservative,1.0,fairness
relevance,8,mistral:7b,conservative,1.0,fairness
relevance,8,mistral:7b,conservative,1.0,fairness
relevance,8,mistral:7b,conservative,1.0,fairness
relevance,8,mistral:7b,conservative,0.0,fairness
relevance,8,mistral:7b,conservative,1.0,fairness
relevance,8,mistral:7b,conservative,1.0,fairness
relevance,8,mistral:7b,conservative,1.0,fairness
relevance,8,mistral:7b,conservative,0.0,fairness
relevance,8,mistral:7b,conservative,0.0,fairness
relevance,8,mistral:7b,conservative,1.0,fairness
relevance,8,mistral:7b,conservative,1.0,fairness
relevance,8,mistral:7b,conservative,3.0,fairness
relevance,8,mistral:7b,conservative,0.0,fairness
relevance,8,mistral:7b,conservative,1.0,fairness
relevance,8,mistral:7b,conservative,1.0,fairness
relevance,8,mistral:7b,conservative,1.0,fairness
relevance,8,mistral:7b,conservative,3.0,fairness
relevance,8,mistral:7b,conservative,1.0,fairness
relevance,8,mistral:7b,conservative,1.0,fairness
relevance,8,mistral:7b,conservative,3.0,fairness
relevance,8,mistral:7b,conservative,3.0,fairness
relevance,8,mistral:7b,moderate,1.0,fairness
relevance,8,mistral:7b,moderate,1.0,fairness
relevance,8,mistral:7b,moderate,1.0,fairness
relevance,8,mistral:7b,moderate,0.0,fairness
relevance,8,mistral:7b,moderate,0.0,fairness
relevance,8,mistral:7b,moderate,1.0,fairness
relevance,8,mistral:7b,moderate,1.0,fairness
relevance,8,mistral:7b,moderate,1.0,fairness
relevance,8,mistral:7b,moderate,0.0,fairness
relevance,8,mistral:7b,moderate,2.0,fairness
relevance,8,mistral:7b,moderate,0.0,fairness
relevance,8,mistral:7b,moderate,1.0,fairness
relevance,8,mistral:7b,moderate,1.0,fairness
relevance,8,mistral:7b,moderate,1.0,fairness
relevance,8,mistral:7b,moderate,1.0,fairness
relevance,8,mistral:7b,moderate,0.0,fairness
relevance,8,mistral:7b,moderate,1.0,fairness
relevance,8,mistral:7b,moderate,0.0,fairness
relevance,8,mistral:7b,moderate,1.0,fairness
relevance,8,mistral:7b,moderate,1.0,fairness
relevance,8,mistral:7b,moderate,0.0,fairness
relevance,8,mistral:7b,moderate,1.0,fairness
relevance,8,mistral:7b,moderate,1.0,fairness
relevance,8,mistral:7b,moderate,1.0,fairness
relevance,8,mistral:7b,moderate,1.0,fairness
relevance,8,mistral:7b,moderate,0.0,fairness
relevance,8,mistral:7b,moderate,1.0,fairness
relevance,8,mistral:7b,moderate,1.0,fairness
relevance,8,mistral:7b,moderate,0.0,fairness
relevance,8,mistral:7b,moderate,0.0,fairness
relevance,8,mistral:7b,moderate,1.0,fairness
relevance,8,mistral:7b,moderate,1.0,fairness
relevance,8,mistral:7b,moderate,1.0,fairness
relevance,8,mistral:7b,moderate,2.0,fairness
relevance,8,mistral:7b,moderate,1.0,fairness
relevance,8,mistral:7b,moderate,0.0,fairness
relevance,8,mistral:7b,moderate,1.0,fairness
relevance,8,mistral:7b,moderate,1.0,fairness
relevance,8,mistral:7b,moderate,1.0,fairness
relevance,8,mistral:7b,moderate,1.0,fairness
relevance,8,mistral:7b,moderate,1.0,fairness
relevance,8,mistral:7b,moderate,0.0,fairness
relevance,8,mistral:7b,moderate,0.0,fairness
relevance,8,mistral:7b,moderate,0.0,fairness
relevance,8,mistral:7b,moderate,1.0,fairness
relevance,8,mistral:7b,moderate,0.0,fairness
relevance,8,mistral:7b,moderate,1.0,fairness
relevance,8,mistral:7b,moderate,1.0,fairness
relevance,8,mistral:7b,moderate,1.0,fairness
relevance,8,mistral:7b,moderate,1.0,fairness
relevance,8,mistral:7b,liberal,3.0,fairness
relevance,8,mistral:7b,liberal,3.0,fairness
relevance,8,mistral:7b,liberal,2.0,fairness
relevance,8,mistral:7b,liberal,3.0,fairness
relevance,8,mistral:7b,liberal,3.0,fairness
relevance,8,mistral:7b,liberal,3.0,fairness
relevance,8,mistral:7b,liberal,3.0,fairness
relevance,8,mistral:7b,liberal,1.0,fairness
relevance,8,mistral:7b,liberal,1.0,fairness
relevance,8,mistral:7b,liberal,3.0,fairness
relevance,8,mistral:7b,liberal,1.0,fairness
relevance,8,mistral:7b,liberal,3.0,fairness
relevance,8,mistral:7b,liberal,1.0,fairness
relevance,8,mistral:7b,liberal,1.0,fairness
relevance,8,mistral:7b,liberal,3.0,fairness
relevance,8,mistral:7b,liberal,1.0,fairness
relevance,8,mistral:7b,liberal,3.0,fairness
relevance,8,mistral:7b,liberal,1.0,fairness
relevance,8,mistral:7b,liberal,1.0,fairness
relevance,8,mistral:7b,liberal,3.0,fairness
relevance,8,mistral:7b,liberal,3.0,fairness
relevance,8,mistral:7b,liberal,1.0,fairness
relevance,8,mistral:7b,liberal,1.0,fairness
relevance,8,mistral:7b,liberal,1.0,fairness
relevance,8,mistral:7b,liberal,3.0,fairness
relevance,8,mistral:7b,liberal,3.0,fairness
relevance,8,mistral:7b,liberal,1.0,fairness
relevance,8,mistral:7b,liberal,3.0,fairness
relevance,8,mistral:7b,liberal,1.0,fairness
relevance,8,mistral:7b,liberal,3.0,fairness
relevance,8,mistral:7b,liberal,1.0,fairness
relevance,8,mistral:7b,liberal,1.0,fairness
relevance,8,mistral:7b,liberal,3.0,fairness
relevance,8,mistral:7b,liberal,1.0,fairness
relevance,8,mistral:7b,liberal,0.0,fairness
relevance,8,mistral:7b,liberal,1.0,fairness
relevance,8,mistral:7b,liberal,1.0,fairness
relevance,8,mistral:7b,liberal,1.0,fairness
relevance,8,mistral:7b,liberal,1.0,fairness
relevance,8,mistral:7b,liberal,3.0,fairness
relevance,8,mistral:7b,liberal,1.0,fairness
relevance,8,mistral:7b,liberal,3.0,fairness
relevance,8,mistral:7b,liberal,1.0,fairness
relevance,8,mistral:7b,liberal,3.0,fairness
relevance,8,mistral:7b,liberal,3.0,fairness
relevance,8,mistral:7b,liberal,3.0,fairness
relevance,8,mistral:7b,liberal,1.0,fairness
relevance,8,mistral:7b,liberal,3.0,fairness
relevance,8,mistral:7b,liberal,3.0,fairness
relevance,8,mistral:7b,liberal,1.0,fairness
relevance,8,mixtral:8x22b,conservative,4.0,fairness
relevance,8,mixtral:8x22b,conservative,5.0,fairness
relevance,8,mixtral:8x22b,conservative,4.0,fairness
relevance,8,mixtral:8x22b,conservative,4.0,fairness
relevance,8,mixtral:8x22b,conservative,4.0,fairness
relevance,8,mixtral:8x22b,conservative,4.0,fairness
relevance,8,mixtral:8x22b,conservative,4.0,fairness
relevance,8,mixtral:8x22b,conservative,4.0,fairness
relevance,8,mixtral:8x22b,conservative,5.0,fairness
relevance,8,mixtral:8x22b,conservative,4.0,fairness
relevance,8,mixtral:8x22b,conservative,4.0,fairness
relevance,8,mixtral:8x22b,conservative,4.0,fairness
relevance,8,mixtral:8x22b,conservative,4.0,fairness
relevance,8,mixtral:8x22b,conservative,4.0,fairness
relevance,8,mixtral:8x22b,conservative,4.0,fairness
relevance,8,mixtral:8x22b,conservative,4.0,fairness
relevance,8,mixtral:8x22b,conservative,4.0,fairness
relevance,8,mixtral:8x22b,conservative,4.0,fairness
relevance,8,mixtral:8x22b,conservative,5.0,fairness
relevance,8,mixtral:8x22b,conservative,4.0,fairness
relevance,8,mixtral:8x22b,conservative,5.0,fairness
relevance,8,mixtral:8x22b,conservative,4.0,fairness
relevance,8,mixtral:8x22b,conservative,4.0,fairness
relevance,8,mixtral:8x22b,conservative,4.0,fairness
relevance,8,mixtral:8x22b,conservative,4.0,fairness
relevance,8,mixtral:8x22b,conservative,4.0,fairness
relevance,8,mixtral:8x22b,conservative,4.0,fairness
relevance,8,mixtral:8x22b,conservative,5.0,fairness
relevance,8,mixtral:8x22b,conservative,5.0,fairness
relevance,8,mixtral:8x22b,conservative,4.0,fairness
relevance,8,mixtral:8x22b,conservative,4.0,fairness
relevance,8,mixtral:8x22b,conservative,4.0,fairness
relevance,8,mixtral:8x22b,conservative,4.0,fairness
relevance,8,mixtral:8x22b,conservative,4.0,fairness
relevance,8,mixtral:8x22b,conservative,5.0,fairness
relevance,8,mixtral:8x22b,conservative,4.0,fairness
relevance,8,mixtral:8x22b,conservative,4.0,fairness
relevance,8,mixtral:8x22b,conservative,5.0,fairness
relevance,8,mixtral:8x22b,conservative,4.0,fairness
relevance,8,mixtral:8x22b,conservative,4.0,fairness
relevance,8,mixtral:8x22b,conservative,5.0,fairness
relevance,8,mixtral:8x22b,conservative,4.0,fairness
relevance,8,mixtral:8x22b,conservative,4.0,fairness
relevance,8,mixtral:8x22b,conservative,4.0,fairness
relevance,8,mixtral:8x22b,conservative,4.0,fairness
relevance,8,mixtral:8x22b,conservative,4.0,fairness
relevance,8,mixtral:8x22b,conservative,5.0,fairness
relevance,8,mixtral:8x22b,conservative,4.0,fairness
relevance,8,mixtral:8x22b,conservative,4.0,fairness
relevance,8,mixtral:8x22b,conservative,4.0,fairness
relevance,8,mixtral:8x22b,moderate,4.0,fairness
relevance,8,mixtral:8x22b,moderate,4.0,fairness
relevance,8,mixtral:8x22b,moderate,4.0,fairness
relevance,8,mixtral:8x22b,moderate,4.0,fairness
relevance,8,mixtral:8x22b,moderate,4.0,fairness
relevance,8,mixtral:8x22b,moderate,4.0,fairness
relevance,8,mixtral:8x22b,moderate,4.0,fairness
relevance,8,mixtral:8x22b,moderate,4.0,fairness
relevance,8,mixtral:8x22b,moderate,4.0,fairness
relevance,8,mixtral:8x22b,moderate,4.0,fairness
relevance,8,mixtral:8x22b,moderate,4.0,fairness
relevance,8,mixtral:8x22b,moderate,4.0,fairness
relevance,8,mixtral:8x22b,moderate,4.0,fairness
relevance,8,mixtral:8x22b,moderate,4.0,fairness
relevance,8,mixtral:8x22b,moderate,4.0,fairness
relevance,8,mixtral:8x22b,moderate,4.0,fairness
relevance,8,mixtral:8x22b,moderate,4.0,fairness
relevance,8,mixtral:8x22b,moderate,4.0,fairness
relevance,8,mixtral:8x22b,moderate,4.0,fairness
relevance,8,mixtral:8x22b,moderate,4.0,fairness
relevance,8,mixtral:8x22b,moderate,4.0,fairness
relevance,8,mixtral:8x22b,moderate,4.0,fairness
relevance,8,mixtral:8x22b,moderate,4.0,fairness
relevance,8,mixtral:8x22b,moderate,4.0,fairness
relevance,8,mixtral:8x22b,moderate,4.0,fairness
relevance,8,mixtral:8x22b,moderate,4.0,fairness
relevance,8,mixtral:8x22b,moderate,4.0,fairness
relevance,8,mixtral:8x22b,moderate,4.0,fairness
relevance,8,mixtral:8x22b,moderate,4.0,fairness
relevance,8,mixtral:8x22b,moderate,4.0,fairness
relevance,8,mixtral:8x22b,moderate,4.0,fairness
relevance,8,mixtral:8x22b,moderate,4.0,fairness
relevance,8,mixtral:8x22b,moderate,4.0,fairness
relevance,8,mixtral:8x22b,moderate,4.0,fairness
relevance,8,mixtral:8x22b,moderate,4.0,fairness
relevance,8,mixtral:8x22b,moderate,4.0,fairness
relevance,8,mixtral:8x22b,moderate,4.0,fairness
relevance,8,mixtral:8x22b,moderate,4.0,fairness
relevance,8,mixtral:8x22b,moderate,4.0,fairness
relevance,8,mixtral:8x22b,moderate,4.0,fairness
relevance,8,mixtral:8x22b,moderate,4.0,fairness
relevance,8,mixtral:8x22b,moderate,4.0,fairness
relevance,8,mixtral:8x22b,moderate,4.0,fairness
relevance,8,mixtral:8x22b,moderate,4.0,fairness
relevance,8,mixtral:8x22b,moderate,4.0,fairness
relevance,8,mixtral:8x22b,moderate,4.0,fairness
relevance,8,mixtral:8x22b,moderate,4.0,fairness
relevance,8,mixtral:8x22b,moderate,4.0,fairness
relevance,8,mixtral:8x22b,moderate,4.0,fairness
relevance,8,mixtral:8x22b,moderate,4.0,fairness
relevance,8,mixtral:8x22b,liberal,4.0,fairness
relevance,8,mixtral:8x22b,liberal,4.0,fairness
relevance,8,mixtral:8x22b,liberal,5.0,fairness
relevance,8,mixtral:8x22b,liberal,4.0,fairness
relevance,8,mixtral:8x22b,liberal,5.0,fairness
relevance,8,mixtral:8x22b,liberal,5.0,fairness
relevance,8,mixtral:8x22b,liberal,5.0,fairness
relevance,8,mixtral:8x22b,liberal,5.0,fairness
relevance,8,mixtral:8x22b,liberal,5.0,fairness
relevance,8,mixtral:8x22b,liberal,4.0,fairness
relevance,8,mixtral:8x22b,liberal,5.0,fairness
relevance,8,mixtral:8x22b,liberal,4.0,fairness
relevance,8,mixtral:8x22b,liberal,5.0,fairness
relevance,8,mixtral:8x22b,liberal,4.0,fairness
relevance,8,mixtral:8x22b,liberal,5.0,fairness
relevance,8,mixtral:8x22b,liberal,4.0,fairness
relevance,8,mixtral:8x22b,liberal,4.0,fairness
relevance,8,mixtral:8x22b,liberal,4.0,fairness
relevance,8,mixtral:8x22b,liberal,4.0,fairness
relevance,8,mixtral:8x22b,liberal,4.0,fairness
relevance,8,mixtral:8x22b,liberal,4.0,fairness
relevance,8,mixtral:8x22b,liberal,5.0,fairness
relevance,8,mixtral:8x22b,liberal,5.0,fairness
relevance,8,mixtral:8x22b,liberal,4.0,fairness
relevance,8,mixtral:8x22b,liberal,5.0,fairness
relevance,8,mixtral:8x22b,liberal,4.0,fairness
relevance,8,mixtral:8x22b,liberal,5.0,fairness
relevance,8,mixtral:8x22b,liberal,4.0,fairness
relevance,8,mixtral:8x22b,liberal,4.0,fairness
relevance,8,mixtral:8x22b,liberal,5.0,fairness
relevance,8,mixtral:8x22b,liberal,4.0,fairness
relevance,8,mixtral:8x22b,liberal,4.0,fairness
relevance,8,mixtral:8x22b,liberal,5.0,fairness
relevance,8,mixtral:8x22b,liberal,5.0,fairness
relevance,8,mixtral:8x22b,liberal,4.0,fairness
relevance,8,mixtral:8x22b,liberal,4.0,fairness
relevance,8,mixtral:8x22b,liberal,5.0,fairness
relevance,8,mixtral:8x22b,liberal,5.0,fairness
relevance,8,mixtral:8x22b,liberal,5.0,fairness
relevance,8,mixtral:8x22b,liberal,4.0,fairness
relevance,8,mixtral:8x22b,liberal,4.0,fairness
relevance,8,mixtral:8x22b,liberal,4.0,fairness
relevance,8,mixtral:8x22b,liberal,4.0,fairness
relevance,8,mixtral:8x22b,liberal,4.0,fairness
relevance,8,mixtral:8x22b,liberal,4.0,fairness
relevance,8,mixtral:8x22b,liberal,4.0,fairness
relevance,8,mixtral:8x22b,liberal,5.0,fairness
relevance,8,mixtral:8x22b,liberal,4.0,fairness
relevance,8,mixtral:8x22b,liberal,4.0,fairness
relevance,8,mixtral:8x22b,liberal,5.0,fairness
relevance,8,mixtral:8x7b,conservative,5.0,fairness
relevance,8,mixtral:8x7b,conservative,5.0,fairness
relevance,8,mixtral:8x7b,conservative,5.0,fairness
relevance,8,mixtral:8x7b,conservative,5.0,fairness
relevance,8,mixtral:8x7b,conservative,5.0,fairness
relevance,8,mixtral:8x7b,conservative,5.0,fairness
relevance,8,mixtral:8x7b,conservative,5.0,fairness
relevance,8,mixtral:8x7b,conservative,5.0,fairness
relevance,8,mixtral:8x7b,conservative,5.0,fairness
relevance,8,mixtral:8x7b,conservative,5.0,fairness
relevance,8,mixtral:8x7b,conservative,5.0,fairness
relevance,8,mixtral:8x7b,conservative,4.0,fairness
relevance,8,mixtral:8x7b,conservative,5.0,fairness
relevance,8,mixtral:8x7b,conservative,5.0,fairness
relevance,8,mixtral:8x7b,conservative,5.0,fairness
relevance,8,mixtral:8x7b,conservative,5.0,fairness
relevance,8,mixtral:8x7b,conservative,5.0,fairness
relevance,8,mixtral:8x7b,conservative,5.0,fairness
relevance,8,mixtral:8x7b,conservative,4.0,fairness
relevance,8,mixtral:8x7b,conservative,5.0,fairness
relevance,8,mixtral:8x7b,conservative,5.0,fairness
relevance,8,mixtral:8x7b,conservative,5.0,fairness
relevance,8,mixtral:8x7b,conservative,5.0,fairness
relevance,8,mixtral:8x7b,conservative,5.0,fairness
relevance,8,mixtral:8x7b,conservative,5.0,fairness
relevance,8,mixtral:8x7b,conservative,5.0,fairness
relevance,8,mixtral:8x7b,conservative,4.0,fairness
relevance,8,mixtral:8x7b,conservative,5.0,fairness
relevance,8,mixtral:8x7b,conservative,5.0,fairness
relevance,8,mixtral:8x7b,conservative,5.0,fairness
relevance,8,mixtral:8x7b,conservative,4.0,fairness
relevance,8,mixtral:8x7b,conservative,5.0,fairness
relevance,8,mixtral:8x7b,conservative,5.0,fairness
relevance,8,mixtral:8x7b,conservative,4.0,fairness
relevance,8,mixtral:8x7b,conservative,5.0,fairness
relevance,8,mixtral:8x7b,conservative,5.0,fairness
relevance,8,mixtral:8x7b,conservative,5.0,fairness
relevance,8,mixtral:8x7b,conservative,5.0,fairness
relevance,8,mixtral:8x7b,conservative,4.0,fairness
relevance,8,mixtral:8x7b,conservative,5.0,fairness
relevance,8,mixtral:8x7b,conservative,5.0,fairness
relevance,8,mixtral:8x7b,conservative,5.0,fairness
relevance,8,mixtral:8x7b,conservative,5.0,fairness
relevance,8,mixtral:8x7b,conservative,5.0,fairness
relevance,8,mixtral:8x7b,conservative,5.0,fairness
relevance,8,mixtral:8x7b,conservative,5.0,fairness
relevance,8,mixtral:8x7b,conservative,5.0,fairness
relevance,8,mixtral:8x7b,conservative,5.0,fairness
relevance,8,mixtral:8x7b,conservative,5.0,fairness
relevance,8,mixtral:8x7b,conservative,5.0,fairness
relevance,8,mixtral:8x7b,moderate,4.0,fairness
relevance,8,mixtral:8x7b,moderate,5.0,fairness
relevance,8,mixtral:8x7b,moderate,5.0,fairness
relevance,8,mixtral:8x7b,moderate,5.0,fairness
relevance,8,mixtral:8x7b,moderate,5.0,fairness
relevance,8,mixtral:8x7b,moderate,4.0,fairness
relevance,8,mixtral:8x7b,moderate,4.0,fairness
relevance,8,mixtral:8x7b,moderate,5.0,fairness
relevance,8,mixtral:8x7b,moderate,4.0,fairness
relevance,8,mixtral:8x7b,moderate,5.0,fairness
relevance,8,mixtral:8x7b,moderate,5.0,fairness
relevance,8,mixtral:8x7b,moderate,5.0,fairness
relevance,8,mixtral:8x7b,moderate,4.0,fairness
relevance,8,mixtral:8x7b,moderate,4.0,fairness
relevance,8,mixtral:8x7b,moderate,4.0,fairness
relevance,8,mixtral:8x7b,moderate,5.0,fairness
relevance,8,mixtral:8x7b,moderate,5.0,fairness
relevance,8,mixtral:8x7b,moderate,5.0,fairness
relevance,8,mixtral:8x7b,moderate,5.0,fairness
relevance,8,mixtral:8x7b,moderate,5.0,fairness
relevance,8,mixtral:8x7b,moderate,5.0,fairness
relevance,8,mixtral:8x7b,moderate,4.0,fairness
relevance,8,mixtral:8x7b,moderate,5.0,fairness
relevance,8,mixtral:8x7b,moderate,4.0,fairness
relevance,8,mixtral:8x7b,moderate,5.0,fairness
relevance,8,mixtral:8x7b,moderate,5.0,fairness
relevance,8,mixtral:8x7b,moderate,5.0,fairness
relevance,8,mixtral:8x7b,moderate,5.0,fairness
relevance,8,mixtral:8x7b,moderate,4.0,fairness
relevance,8,mixtral:8x7b,moderate,4.0,fairness
relevance,8,mixtral:8x7b,moderate,5.0,fairness
relevance,8,mixtral:8x7b,moderate,4.0,fairness
relevance,8,mixtral:8x7b,moderate,4.0,fairness
relevance,8,mixtral:8x7b,moderate,4.0,fairness
relevance,8,mixtral:8x7b,moderate,5.0,fairness
relevance,8,mixtral:8x7b,moderate,5.0,fairness
relevance,8,mixtral:8x7b,moderate,5.0,fairness
relevance,8,mixtral:8x7b,moderate,5.0,fairness
relevance,8,mixtral:8x7b,moderate,4.0,fairness
relevance,8,mixtral:8x7b,moderate,5.0,fairness
relevance,8,mixtral:8x7b,moderate,4.0,fairness
relevance,8,mixtral:8x7b,moderate,5.0,fairness
relevance,8,mixtral:8x7b,moderate,4.0,fairness
relevance,8,mixtral:8x7b,moderate,4.0,fairness
relevance,8,mixtral:8x7b,moderate,5.0,fairness
relevance,8,mixtral:8x7b,moderate,5.0,fairness
relevance,8,mixtral:8x7b,moderate,5.0,fairness
relevance,8,mixtral:8x7b,moderate,4.0,fairness
relevance,8,mixtral:8x7b,moderate,5.0,fairness
relevance,8,mixtral:8x7b,moderate,4.0,fairness
relevance,8,mixtral:8x7b,liberal,5.0,fairness
relevance,8,mixtral:8x7b,liberal,5.0,fairness
relevance,8,mixtral:8x7b,liberal,5.0,fairness
relevance,8,mixtral:8x7b,liberal,5.0,fairness
relevance,8,mixtral:8x7b,liberal,5.0,fairness
relevance,8,mixtral:8x7b,liberal,5.0,fairness
relevance,8,mixtral:8x7b,liberal,5.0,fairness
relevance,8,mixtral:8x7b,liberal,5.0,fairness
relevance,8,mixtral:8x7b,liberal,5.0,fairness
relevance,8,mixtral:8x7b,liberal,5.0,fairness
relevance,8,mixtral:8x7b,liberal,5.0,fairness
relevance,8,mixtral:8x7b,liberal,5.0,fairness
relevance,8,mixtral:8x7b,liberal,5.0,fairness
relevance,8,mixtral:8x7b,liberal,5.0,fairness
relevance,8,mixtral:8x7b,liberal,5.0,fairness
relevance,8,mixtral:8x7b,liberal,5.0,fairness
relevance,8,mixtral:8x7b,liberal,5.0,fairness
relevance,8,mixtral:8x7b,liberal,5.0,fairness
relevance,8,mixtral:8x7b,liberal,5.0,fairness
relevance,8,mixtral:8x7b,liberal,5.0,fairness
relevance,8,mixtral:8x7b,liberal,5.0,fairness
relevance,8,mixtral:8x7b,liberal,5.0,fairness
relevance,8,mixtral:8x7b,liberal,5.0,fairness
relevance,8,mixtral:8x7b,liberal,5.0,fairness
relevance,8,mixtral:8x7b,liberal,5.0,fairness
relevance,8,mixtral:8x7b,liberal,5.0,fairness
relevance,8,mixtral:8x7b,liberal,5.0,fairness
relevance,8,mixtral:8x7b,liberal,5.0,fairness
relevance,8,mixtral:8x7b,liberal,5.0,fairness
relevance,8,mixtral:8x7b,liberal,5.0,fairness
relevance,8,mixtral:8x7b,liberal,5.0,fairness
relevance,8,mixtral:8x7b,liberal,5.0,fairness
relevance,8,mixtral:8x7b,liberal,5.0,fairness
relevance,8,mixtral:8x7b,liberal,5.0,fairness
relevance,8,mixtral:8x7b,liberal,5.0,fairness
relevance,8,mixtral:8x7b,liberal,5.0,fairness
relevance,8,mixtral:8x7b,liberal,5.0,fairness
relevance,8,mixtral:8x7b,liberal,5.0,fairness
relevance,8,mixtral:8x7b,liberal,5.0,fairness
relevance,8,mixtral:8x7b,liberal,5.0,fairness
relevance,8,mixtral:8x7b,liberal,5.0,fairness
relevance,8,mixtral:8x7b,liberal,5.0,fairness
relevance,8,mixtral:8x7b,liberal,5.0,fairness
relevance,8,mixtral:8x7b,liberal,5.0,fairness
relevance,8,mixtral:8x7b,liberal,5.0,fairness
relevance,8,mixtral:8x7b,liberal,5.0,fairness
relevance,8,mixtral:8x7b,liberal,5.0,fairness
relevance,8,mixtral:8x7b,liberal,5.0,fairness
relevance,8,mixtral:8x7b,liberal,5.0,fairness
relevance,8,mixtral:8x7b,liberal,5.0,fairness
relevance,8,phi3:14b,conservative,5.0,fairness
relevance,8,phi3:14b,conservative,5.0,fairness
relevance,8,phi3:14b,conservative,5.0,fairness
relevance,8,phi3:14b,conservative,5.0,fairness
relevance,8,phi3:14b,conservative,5.0,fairness
relevance,8,phi3:14b,conservative,4.0,fairness
relevance,8,phi3:14b,conservative,4.0,fairness
relevance,8,phi3:14b,conservative,4.0,fairness
relevance,8,phi3:14b,conservative,4.0,fairness
relevance,8,phi3:14b,conservative,4.0,fairness
relevance,8,phi3:14b,conservative,5.0,fairness
relevance,8,phi3:14b,conservative,5.0,fairness
relevance,8,phi3:14b,conservative,5.0,fairness
relevance,8,phi3:14b,conservative,4.0,fairness
relevance,8,phi3:14b,conservative,4.0,fairness
relevance,8,phi3:14b,conservative,4.0,fairness
relevance,8,phi3:14b,conservative,5.0,fairness
relevance,8,phi3:14b,conservative,5.0,fairness
relevance,8,phi3:14b,conservative,4.0,fairness
relevance,8,phi3:14b,conservative,4.0,fairness
relevance,8,phi3:14b,conservative,4.0,fairness
relevance,8,phi3:14b,conservative,4.0,fairness
relevance,8,phi3:14b,conservative,4.0,fairness
relevance,8,phi3:14b,conservative,4.0,fairness
relevance,8,phi3:14b,conservative,4.0,fairness
relevance,8,phi3:14b,conservative,4.0,fairness
relevance,8,phi3:14b,conservative,5.0,fairness
relevance,8,phi3:14b,conservative,5.0,fairness
relevance,8,phi3:14b,conservative,4.0,fairness
relevance,8,phi3:14b,conservative,4.0,fairness
relevance,8,phi3:14b,conservative,4.0,fairness
relevance,8,phi3:14b,conservative,5.0,fairness
relevance,8,phi3:14b,conservative,4.0,fairness
relevance,8,phi3:14b,conservative,4.0,fairness
relevance,8,phi3:14b,conservative,4.0,fairness
relevance,8,phi3:14b,conservative,4.0,fairness
relevance,8,phi3:14b,conservative,5.0,fairness
relevance,8,phi3:14b,conservative,5.0,fairness
relevance,8,phi3:14b,conservative,5.0,fairness
relevance,8,phi3:14b,conservative,4.0,fairness
relevance,8,phi3:14b,conservative,4.0,fairness
relevance,8,phi3:14b,conservative,5.0,fairness
relevance,8,phi3:14b,conservative,4.0,fairness
relevance,8,phi3:14b,conservative,4.0,fairness
relevance,8,phi3:14b,conservative,4.0,fairness
relevance,8,phi3:14b,conservative,4.0,fairness
relevance,8,phi3:14b,conservative,4.0,fairness
relevance,8,phi3:14b,conservative,4.0,fairness
relevance,8,phi3:14b,conservative,4.0,fairness
relevance,8,phi3:14b,conservative,5.0,fairness
relevance,8,phi3:14b,moderate,4.0,fairness
relevance,8,phi3:14b,moderate,4.0,fairness
relevance,8,phi3:14b,moderate,5.0,fairness
relevance,8,phi3:14b,moderate,4.0,fairness
relevance,8,phi3:14b,moderate,4.0,fairness
relevance,8,phi3:14b,moderate,4.0,fairness
relevance,8,phi3:14b,moderate,5.0,fairness
relevance,8,phi3:14b,moderate,5.0,fairness
relevance,8,phi3:14b,moderate,4.0,fairness
relevance,8,phi3:14b,moderate,4.0,fairness
relevance,8,phi3:14b,moderate,4.0,fairness
relevance,8,phi3:14b,moderate,5.0,fairness
relevance,8,phi3:14b,moderate,4.0,fairness
relevance,8,phi3:14b,moderate,4.0,fairness
relevance,8,phi3:14b,moderate,5.0,fairness
relevance,8,phi3:14b,moderate,4.0,fairness
relevance,8,phi3:14b,moderate,4.0,fairness
relevance,8,phi3:14b,moderate,4.0,fairness
relevance,8,phi3:14b,moderate,4.0,fairness
relevance,8,phi3:14b,moderate,4.0,fairness
relevance,8,phi3:14b,moderate,5.0,fairness
relevance,8,phi3:14b,moderate,5.0,fairness
relevance,8,phi3:14b,moderate,4.0,fairness
relevance,8,phi3:14b,moderate,4.0,fairness
relevance,8,phi3:14b,moderate,4.0,fairness
relevance,8,phi3:14b,moderate,5.0,fairness
relevance,8,phi3:14b,moderate,5.0,fairness
relevance,8,phi3:14b,moderate,4.0,fairness
relevance,8,phi3:14b,moderate,5.0,fairness
relevance,8,phi3:14b,moderate,5.0,fairness
relevance,8,phi3:14b,moderate,4.0,fairness
relevance,8,phi3:14b,moderate,5.0,fairness
relevance,8,phi3:14b,moderate,5.0,fairness
relevance,8,phi3:14b,moderate,5.0,fairness
relevance,8,phi3:14b,moderate,5.0,fairness
relevance,8,phi3:14b,moderate,4.0,fairness
relevance,8,phi3:14b,moderate,4.0,fairness
relevance,8,phi3:14b,moderate,5.0,fairness
relevance,8,phi3:14b,moderate,4.0,fairness
relevance,8,phi3:14b,moderate,4.0,fairness
relevance,8,phi3:14b,moderate,4.0,fairness
relevance,8,phi3:14b,moderate,4.0,fairness
relevance,8,phi3:14b,moderate,5.0,fairness
relevance,8,phi3:14b,moderate,4.0,fairness
relevance,8,phi3:14b,moderate,5.0,fairness
relevance,8,phi3:14b,moderate,5.0,fairness
relevance,8,phi3:14b,moderate,4.0,fairness
relevance,8,phi3:14b,moderate,4.0,fairness
relevance,8,phi3:14b,moderate,5.0,fairness
relevance,8,phi3:14b,moderate,4.0,fairness
relevance,8,phi3:14b,liberal,5.0,fairness
relevance,8,phi3:14b,liberal,4.0,fairness
relevance,8,phi3:14b,liberal,5.0,fairness
relevance,8,phi3:14b,liberal,5.0,fairness
relevance,8,phi3:14b,liberal,4.0,fairness
relevance,8,phi3:14b,liberal,4.0,fairness
relevance,8,phi3:14b,liberal,5.0,fairness
relevance,8,phi3:14b,liberal,4.0,fairness
relevance,8,phi3:14b,liberal,5.0,fairness
relevance,8,phi3:14b,liberal,5.0,fairness
relevance,8,phi3:14b,liberal,5.0,fairness
relevance,8,phi3:14b,liberal,4.0,fairness
relevance,8,phi3:14b,liberal,5.0,fairness
relevance,8,phi3:14b,liberal,5.0,fairness
relevance,8,phi3:14b,liberal,5.0,fairness
relevance,8,phi3:14b,liberal,5.0,fairness
relevance,8,phi3:14b,liberal,5.0,fairness
relevance,8,phi3:14b,liberal,5.0,fairness
relevance,8,phi3:14b,liberal,5.0,fairness
relevance,8,phi3:14b,liberal,5.0,fairness
relevance,8,phi3:14b,liberal,5.0,fairness
relevance,8,phi3:14b,liberal,4.0,fairness
relevance,8,phi3:14b,liberal,5.0,fairness
relevance,8,phi3:14b,liberal,5.0,fairness
relevance,8,phi3:14b,liberal,5.0,fairness
relevance,8,phi3:14b,liberal,5.0,fairness
relevance,8,phi3:14b,liberal,4.0,fairness
relevance,8,phi3:14b,liberal,4.0,fairness
relevance,8,phi3:14b,liberal,4.0,fairness
relevance,8,phi3:14b,liberal,5.0,fairness
relevance,8,phi3:14b,liberal,4.0,fairness
relevance,8,phi3:14b,liberal,5.0,fairness
relevance,8,phi3:14b,liberal,5.0,fairness
relevance,8,phi3:14b,liberal,5.0,fairness
relevance,8,phi3:14b,liberal,5.0,fairness
relevance,8,phi3:14b,liberal,5.0,fairness
relevance,8,phi3:14b,liberal,4.0,fairness
relevance,8,phi3:14b,liberal,5.0,fairness
relevance,8,phi3:14b,liberal,5.0,fairness
relevance,8,phi3:14b,liberal,5.0,fairness
relevance,8,phi3:14b,liberal,5.0,fairness
relevance,8,phi3:14b,liberal,4.0,fairness
relevance,8,phi3:14b,liberal,5.0,fairness
relevance,8,phi3:14b,liberal,5.0,fairness
relevance,8,phi3:14b,liberal,4.0,fairness
relevance,8,phi3:14b,liberal,5.0,fairness
relevance,8,phi3:14b,liberal,4.0,fairness
relevance,8,phi3:14b,liberal,5.0,fairness
relevance,8,phi3:14b,liberal,4.0,fairness
relevance,8,phi3:14b,liberal,4.0,fairness
relevance,8,gemma:7b,conservative,3.0,fairness
relevance,8,gemma:7b,conservative,3.0,fairness
relevance,8,gemma:7b,conservative,2.0,fairness
relevance,8,gemma:7b,conservative,3.0,fairness
relevance,8,gemma:7b,conservative,3.0,fairness
relevance,8,gemma:7b,conservative,3.0,fairness
relevance,8,gemma:7b,conservative,3.0,fairness
relevance,8,gemma:7b,conservative,3.0,fairness
relevance,8,gemma:7b,conservative,3.0,fairness
relevance,8,gemma:7b,conservative,3.0,fairness
relevance,8,gemma:7b,conservative,3.0,fairness
relevance,8,gemma:7b,conservative,3.0,fairness
relevance,8,gemma:7b,conservative,3.0,fairness
relevance,8,gemma:7b,conservative,3.0,fairness
relevance,8,gemma:7b,conservative,3.0,fairness
relevance,8,gemma:7b,conservative,3.0,fairness
relevance,8,gemma:7b,conservative,3.0,fairness
relevance,8,gemma:7b,conservative,3.0,fairness
relevance,8,gemma:7b,conservative,3.0,fairness
relevance,8,gemma:7b,conservative,3.0,fairness
relevance,8,gemma:7b,conservative,3.0,fairness
relevance,8,gemma:7b,conservative,3.0,fairness
relevance,8,gemma:7b,conservative,3.0,fairness
relevance,8,gemma:7b,conservative,3.0,fairness
relevance,8,gemma:7b,conservative,3.0,fairness
relevance,8,gemma:7b,conservative,3.0,fairness
relevance,8,gemma:7b,conservative,3.0,fairness
relevance,8,gemma:7b,conservative,3.0,fairness
relevance,8,gemma:7b,conservative,3.0,fairness
relevance,8,gemma:7b,conservative,3.0,fairness
relevance,8,gemma:7b,conservative,3.0,fairness
relevance,8,gemma:7b,conservative,3.0,fairness
relevance,8,gemma:7b,conservative,3.0,fairness
relevance,8,gemma:7b,conservative,3.0,fairness
relevance,8,gemma:7b,conservative,3.0,fairness
relevance,8,gemma:7b,conservative,3.0,fairness
relevance,8,gemma:7b,conservative,3.0,fairness
relevance,8,gemma:7b,conservative,3.0,fairness
relevance,8,gemma:7b,conservative,3.0,fairness
relevance,8,gemma:7b,conservative,3.0,fairness
relevance,8,gemma:7b,conservative,3.0,fairness
relevance,8,gemma:7b,conservative,3.0,fairness
relevance,8,gemma:7b,conservative,3.0,fairness
relevance,8,gemma:7b,conservative,3.0,fairness
relevance,8,gemma:7b,conservative,3.0,fairness
relevance,8,gemma:7b,conservative,3.0,fairness
relevance,8,gemma:7b,conservative,3.0,fairness
relevance,8,gemma:7b,conservative,3.0,fairness
relevance,8,gemma:7b,moderate,3.0,fairness
relevance,8,gemma:7b,moderate,3.0,fairness
relevance,8,gemma:7b,moderate,3.0,fairness
relevance,8,gemma:7b,moderate,3.0,fairness
relevance,8,gemma:7b,moderate,3.0,fairness
relevance,8,gemma:7b,moderate,3.0,fairness
relevance,8,gemma:7b,moderate,3.0,fairness
relevance,8,gemma:7b,moderate,3.0,fairness
relevance,8,gemma:7b,moderate,3.0,fairness
relevance,8,gemma:7b,moderate,3.0,fairness
relevance,8,gemma:7b,moderate,3.0,fairness
relevance,8,gemma:7b,moderate,3.0,fairness
relevance,8,gemma:7b,moderate,3.0,fairness
relevance,8,gemma:7b,moderate,3.0,fairness
relevance,8,gemma:7b,moderate,3.0,fairness
relevance,8,gemma:7b,moderate,3.0,fairness
relevance,8,gemma:7b,moderate,3.0,fairness
relevance,8,gemma:7b,moderate,3.0,fairness
relevance,8,gemma:7b,moderate,3.0,fairness
relevance,8,gemma:7b,moderate,3.0,fairness
relevance,8,gemma:7b,moderate,3.0,fairness
relevance,8,gemma:7b,moderate,3.0,fairness
relevance,8,gemma:7b,moderate,3.0,fairness
relevance,8,gemma:7b,moderate,3.0,fairness
relevance,8,gemma:7b,moderate,3.0,fairness
relevance,8,gemma:7b,moderate,3.0,fairness
relevance,8,gemma:7b,moderate,3.0,fairness
relevance,8,gemma:7b,moderate,3.0,fairness
relevance,8,gemma:7b,moderate,3.0,fairness
relevance,8,gemma:7b,moderate,3.0,fairness
relevance,8,gemma:7b,moderate,3.0,fairness
relevance,8,gemma:7b,moderate,3.0,fairness
relevance,8,gemma:7b,moderate,3.0,fairness
relevance,8,gemma:7b,moderate,3.0,fairness
relevance,8,gemma:7b,moderate,3.0,fairness
relevance,8,gemma:7b,moderate,3.0,fairness
relevance,8,gemma:7b,moderate,3.0,fairness
relevance,8,gemma:7b,moderate,3.0,fairness
relevance,8,gemma:7b,moderate,3.0,fairness
relevance,8,gemma:7b,moderate,3.0,fairness
relevance,8,gemma:7b,moderate,3.0,fairness
relevance,8,gemma:7b,moderate,3.0,fairness
relevance,8,gemma:7b,moderate,3.0,fairness
relevance,8,gemma:7b,moderate,3.0,fairness
relevance,8,gemma:7b,moderate,3.0,fairness
relevance,8,gemma:7b,moderate,3.0,fairness
relevance,8,gemma:7b,moderate,3.0,fairness
relevance,8,gemma:7b,moderate,3.0,fairness
relevance,8,gemma:7b,moderate,3.0,fairness
relevance,8,gemma:7b,moderate,3.0,fairness
relevance,8,gemma:7b,liberal,3.0,fairness
relevance,8,gemma:7b,liberal,3.0,fairness
relevance,8,gemma:7b,liberal,3.0,fairness
relevance,8,gemma:7b,liberal,3.0,fairness
relevance,8,gemma:7b,liberal,3.0,fairness
relevance,8,gemma:7b,liberal,3.0,fairness
relevance,8,gemma:7b,liberal,3.0,fairness
relevance,8,gemma:7b,liberal,3.0,fairness
relevance,8,gemma:7b,liberal,3.0,fairness
relevance,8,gemma:7b,liberal,4.0,fairness
relevance,8,gemma:7b,liberal,3.0,fairness
relevance,8,gemma:7b,liberal,3.0,fairness
relevance,8,gemma:7b,liberal,3.0,fairness
relevance,8,gemma:7b,liberal,3.0,fairness
relevance,8,gemma:7b,liberal,3.0,fairness
relevance,8,gemma:7b,liberal,3.0,fairness
relevance,8,gemma:7b,liberal,3.0,fairness
relevance,8,gemma:7b,liberal,3.0,fairness
relevance,8,gemma:7b,liberal,3.0,fairness
relevance,8,gemma:7b,liberal,3.0,fairness
relevance,8,gemma:7b,liberal,3.0,fairness
relevance,8,gemma:7b,liberal,3.0,fairness
relevance,8,gemma:7b,liberal,3.0,fairness
relevance,8,gemma:7b,liberal,3.0,fairness
relevance,8,gemma:7b,liberal,3.0,fairness
relevance,8,gemma:7b,liberal,3.0,fairness
relevance,8,gemma:7b,liberal,3.0,fairness
relevance,8,gemma:7b,liberal,3.0,fairness
relevance,8,gemma:7b,liberal,3.0,fairness
relevance,8,gemma:7b,liberal,3.0,fairness
relevance,8,gemma:7b,liberal,3.0,fairness
relevance,8,gemma:7b,liberal,3.0,fairness
relevance,8,gemma:7b,liberal,3.0,fairness
relevance,8,gemma:7b,liberal,3.0,fairness
relevance,8,gemma:7b,liberal,3.0,fairness
relevance,8,gemma:7b,liberal,3.0,fairness
relevance,8,gemma:7b,liberal,3.0,fairness
relevance,8,gemma:7b,liberal,3.0,fairness
relevance,8,gemma:7b,liberal,3.0,fairness
relevance,8,gemma:7b,liberal,3.0,fairness
relevance,8,gemma:7b,liberal,3.0,fairness
relevance,8,gemma:7b,liberal,3.0,fairness
relevance,8,gemma:7b,liberal,3.0,fairness
relevance,8,gemma:7b,liberal,3.0,fairness
relevance,8,gemma:7b,liberal,3.0,fairness
relevance,8,gemma:7b,liberal,3.0,fairness
relevance,8,gemma:7b,liberal,3.0,fairness
relevance,8,gemma:7b,liberal,3.0,fairness
relevance,8,gemma:7b,liberal,4.0,fairness
relevance,8,gemma2:27b,conservative,4.0,fairness
relevance,8,gemma2:27b,conservative,4.0,fairness
relevance,8,gemma2:27b,conservative,4.0,fairness
relevance,8,gemma2:27b,conservative,4.0,fairness
relevance,8,gemma2:27b,conservative,4.0,fairness
relevance,8,gemma2:27b,conservative,4.0,fairness
relevance,8,gemma2:27b,conservative,5.0,fairness
relevance,8,gemma2:27b,conservative,5.0,fairness
relevance,8,gemma2:27b,conservative,4.0,fairness
relevance,8,gemma2:27b,conservative,5.0,fairness
relevance,8,gemma2:27b,conservative,4.0,fairness
relevance,8,gemma2:27b,conservative,5.0,fairness
relevance,8,gemma2:27b,conservative,4.0,fairness
relevance,8,gemma2:27b,conservative,4.0,fairness
relevance,8,gemma2:27b,conservative,5.0,fairness
relevance,8,gemma2:27b,conservative,5.0,fairness
relevance,8,gemma2:27b,conservative,4.0,fairness
relevance,8,gemma2:27b,conservative,4.0,fairness
relevance,8,gemma2:27b,conservative,5.0,fairness
relevance,8,gemma2:27b,conservative,5.0,fairness
relevance,8,gemma2:27b,conservative,4.0,fairness
relevance,8,gemma2:27b,conservative,4.0,fairness
relevance,8,gemma2:27b,conservative,5.0,fairness
relevance,8,gemma2:27b,conservative,4.0,fairness
relevance,8,gemma2:27b,conservative,4.0,fairness
relevance,8,gemma2:27b,conservative,4.0,fairness
relevance,8,gemma2:27b,conservative,4.0,fairness
relevance,8,gemma2:27b,conservative,4.0,fairness
relevance,8,gemma2:27b,conservative,4.0,fairness
relevance,8,gemma2:27b,conservative,4.0,fairness
relevance,8,gemma2:27b,conservative,4.0,fairness
relevance,8,gemma2:27b,conservative,5.0,fairness
relevance,8,gemma2:27b,conservative,5.0,fairness
relevance,8,gemma2:27b,conservative,4.0,fairness
relevance,8,gemma2:27b,conservative,4.0,fairness
relevance,8,gemma2:27b,conservative,4.0,fairness
relevance,8,gemma2:27b,conservative,4.0,fairness
relevance,8,gemma2:27b,conservative,4.0,fairness
relevance,8,gemma2:27b,conservative,4.0,fairness
relevance,8,gemma2:27b,conservative,4.0,fairness
relevance,8,gemma2:27b,conservative,4.0,fairness
relevance,8,gemma2:27b,conservative,5.0,fairness
relevance,8,gemma2:27b,conservative,4.0,fairness
relevance,8,gemma2:27b,conservative,4.0,fairness
relevance,8,gemma2:27b,conservative,4.0,fairness
relevance,8,gemma2:27b,conservative,4.0,fairness
relevance,8,gemma2:27b,conservative,5.0,fairness
relevance,8,gemma2:27b,conservative,5.0,fairness
relevance,8,gemma2:27b,conservative,4.0,fairness
relevance,8,gemma2:27b,conservative,5.0,fairness
relevance,8,gemma2:27b,moderate,5.0,fairness
relevance,8,gemma2:27b,moderate,4.0,fairness
relevance,8,gemma2:27b,moderate,5.0,fairness
relevance,8,gemma2:27b,moderate,4.0,fairness
relevance,8,gemma2:27b,moderate,4.0,fairness
relevance,8,gemma2:27b,moderate,5.0,fairness
relevance,8,gemma2:27b,moderate,4.0,fairness
relevance,8,gemma2:27b,moderate,4.0,fairness
relevance,8,gemma2:27b,moderate,4.0,fairness
relevance,8,gemma2:27b,moderate,4.0,fairness
relevance,8,gemma2:27b,moderate,4.0,fairness
relevance,8,gemma2:27b,moderate,5.0,fairness
relevance,8,gemma2:27b,moderate,4.0,fairness
relevance,8,gemma2:27b,moderate,5.0,fairness
relevance,8,gemma2:27b,moderate,5.0,fairness
relevance,8,gemma2:27b,moderate,5.0,fairness
relevance,8,gemma2:27b,moderate,5.0,fairness
relevance,8,gemma2:27b,moderate,4.0,fairness
relevance,8,gemma2:27b,moderate,4.0,fairness
relevance,8,gemma2:27b,moderate,4.0,fairness
relevance,8,gemma2:27b,moderate,5.0,fairness
relevance,8,gemma2:27b,moderate,4.0,fairness
relevance,8,gemma2:27b,moderate,4.0,fairness
relevance,8,gemma2:27b,moderate,4.0,fairness
relevance,8,gemma2:27b,moderate,4.0,fairness
relevance,8,gemma2:27b,moderate,5.0,fairness
relevance,8,gemma2:27b,moderate,5.0,fairness
relevance,8,gemma2:27b,moderate,5.0,fairness
relevance,8,gemma2:27b,moderate,5.0,fairness
relevance,8,gemma2:27b,moderate,4.0,fairness
relevance,8,gemma2:27b,moderate,4.0,fairness
relevance,8,gemma2:27b,moderate,5.0,fairness
relevance,8,gemma2:27b,moderate,4.0,fairness
relevance,8,gemma2:27b,moderate,5.0,fairness
relevance,8,gemma2:27b,moderate,5.0,fairness
relevance,8,gemma2:27b,moderate,4.0,fairness
relevance,8,gemma2:27b,moderate,4.0,fairness
relevance,8,gemma2:27b,moderate,5.0,fairness
relevance,8,gemma2:27b,moderate,5.0,fairness
relevance,8,gemma2:27b,moderate,4.0,fairness
relevance,8,gemma2:27b,moderate,4.0,fairness
relevance,8,gemma2:27b,moderate,4.0,fairness
relevance,8,gemma2:27b,moderate,4.0,fairness
relevance,8,gemma2:27b,moderate,4.0,fairness
relevance,8,gemma2:27b,moderate,5.0,fairness
relevance,8,gemma2:27b,moderate,4.0,fairness
relevance,8,gemma2:27b,moderate,5.0,fairness
relevance,8,gemma2:27b,moderate,4.0,fairness
relevance,8,gemma2:27b,moderate,5.0,fairness
relevance,8,gemma2:27b,moderate,4.0,fairness
relevance,8,gemma2:27b,liberal,5.0,fairness
relevance,8,gemma2:27b,liberal,5.0,fairness
relevance,8,gemma2:27b,liberal,5.0,fairness
relevance,8,gemma2:27b,liberal,5.0,fairness
relevance,8,gemma2:27b,liberal,5.0,fairness
relevance,8,gemma2:27b,liberal,5.0,fairness
relevance,8,gemma2:27b,liberal,5.0,fairness
relevance,8,gemma2:27b,liberal,5.0,fairness
relevance,8,gemma2:27b,liberal,5.0,fairness
relevance,8,gemma2:27b,liberal,5.0,fairness
relevance,8,gemma2:27b,liberal,5.0,fairness
relevance,8,gemma2:27b,liberal,5.0,fairness
relevance,8,gemma2:27b,liberal,5.0,fairness
relevance,8,gemma2:27b,liberal,5.0,fairness
relevance,8,gemma2:27b,liberal,5.0,fairness
relevance,8,gemma2:27b,liberal,5.0,fairness
relevance,8,gemma2:27b,liberal,5.0,fairness
relevance,8,gemma2:27b,liberal,5.0,fairness
relevance,8,gemma2:27b,liberal,5.0,fairness
relevance,8,gemma2:27b,liberal,5.0,fairness
relevance,8,gemma2:27b,liberal,5.0,fairness
relevance,8,gemma2:27b,liberal,5.0,fairness
relevance,8,gemma2:27b,liberal,5.0,fairness
relevance,8,gemma2:27b,liberal,5.0,fairness
relevance,8,gemma2:27b,liberal,5.0,fairness
relevance,8,gemma2:27b,liberal,5.0,fairness
relevance,8,gemma2:27b,liberal,5.0,fairness
relevance,8,gemma2:27b,liberal,5.0,fairness
relevance,8,gemma2:27b,liberal,5.0,fairness
relevance,8,gemma2:27b,liberal,5.0,fairness
relevance,8,gemma2:27b,liberal,5.0,fairness
relevance,8,gemma2:27b,liberal,5.0,fairness
relevance,8,gemma2:27b,liberal,5.0,fairness
relevance,8,gemma2:27b,liberal,5.0,fairness
relevance,8,gemma2:27b,liberal,5.0,fairness
relevance,8,gemma2:27b,liberal,5.0,fairness
relevance,8,gemma2:27b,liberal,5.0,fairness
relevance,8,gemma2:27b,liberal,5.0,fairness
relevance,8,gemma2:27b,liberal,5.0,fairness
relevance,8,gemma2:27b,liberal,5.0,fairness
relevance,8,gemma2:27b,liberal,5.0,fairness
relevance,8,gemma2:27b,liberal,5.0,fairness
relevance,8,gemma2:27b,liberal,5.0,fairness
relevance,8,gemma2:27b,liberal,5.0,fairness
relevance,8,gemma2:27b,liberal,5.0,fairness
relevance,8,gemma2:27b,liberal,5.0,fairness
relevance,8,gemma2:27b,liberal,5.0,fairness
relevance,8,gemma2:27b,liberal,5.0,fairness
relevance,8,gemma2:27b,liberal,5.0,fairness
relevance,8,gemma2:27b,liberal,5.0,fairness
relevance,8,qwen:72b,conservative,4.0,fairness
relevance,8,qwen:72b,conservative,4.0,fairness
relevance,8,qwen:72b,conservative,4.0,fairness
relevance,8,qwen:72b,conservative,4.0,fairness
relevance,8,qwen:72b,conservative,4.0,fairness
relevance,8,qwen:72b,conservative,4.0,fairness
relevance,8,qwen:72b,conservative,4.0,fairness
relevance,8,qwen:72b,conservative,4.0,fairness
relevance,8,qwen:72b,conservative,4.0,fairness
relevance,8,qwen:72b,conservative,4.0,fairness
relevance,8,qwen:72b,conservative,4.0,fairness
relevance,8,qwen:72b,conservative,4.0,fairness
relevance,8,qwen:72b,conservative,4.0,fairness
relevance,8,qwen:72b,conservative,4.0,fairness
relevance,8,qwen:72b,conservative,4.0,fairness
relevance,8,qwen:72b,conservative,4.0,fairness
relevance,8,qwen:72b,conservative,4.0,fairness
relevance,8,qwen:72b,conservative,4.0,fairness
relevance,8,qwen:72b,conservative,4.0,fairness
relevance,8,qwen:72b,conservative,4.0,fairness
relevance,8,qwen:72b,conservative,4.0,fairness
relevance,8,qwen:72b,conservative,4.0,fairness
relevance,8,qwen:72b,conservative,4.0,fairness
relevance,8,qwen:72b,conservative,4.0,fairness
relevance,8,qwen:72b,conservative,4.0,fairness
relevance,8,qwen:72b,conservative,4.0,fairness
relevance,8,qwen:72b,conservative,4.0,fairness
relevance,8,qwen:72b,conservative,4.0,fairness
relevance,8,qwen:72b,conservative,4.0,fairness
relevance,8,qwen:72b,conservative,4.0,fairness
relevance,8,qwen:72b,conservative,4.0,fairness
relevance,8,qwen:72b,conservative,4.0,fairness
relevance,8,qwen:72b,conservative,4.0,fairness
relevance,8,qwen:72b,conservative,4.0,fairness
relevance,8,qwen:72b,conservative,4.0,fairness
relevance,8,qwen:72b,conservative,4.0,fairness
relevance,8,qwen:72b,conservative,4.0,fairness
relevance,8,qwen:72b,conservative,4.0,fairness
relevance,8,qwen:72b,conservative,4.0,fairness
relevance,8,qwen:72b,conservative,4.0,fairness
relevance,8,qwen:72b,conservative,4.0,fairness
relevance,8,qwen:72b,conservative,4.0,fairness
relevance,8,qwen:72b,conservative,4.0,fairness
relevance,8,qwen:72b,conservative,3.0,fairness
relevance,8,qwen:72b,conservative,4.0,fairness
relevance,8,qwen:72b,conservative,4.0,fairness
relevance,8,qwen:72b,conservative,4.0,fairness
relevance,8,qwen:72b,conservative,4.0,fairness
relevance,8,qwen:72b,conservative,4.0,fairness
relevance,8,qwen:72b,moderate,3.0,fairness
relevance,8,qwen:72b,moderate,3.0,fairness
relevance,8,qwen:72b,moderate,4.0,fairness
relevance,8,qwen:72b,moderate,3.0,fairness
relevance,8,qwen:72b,moderate,4.0,fairness
relevance,8,qwen:72b,moderate,3.0,fairness
relevance,8,qwen:72b,moderate,4.0,fairness
relevance,8,qwen:72b,moderate,4.0,fairness
relevance,8,qwen:72b,moderate,3.0,fairness
relevance,8,qwen:72b,moderate,4.0,fairness
relevance,8,qwen:72b,moderate,3.0,fairness
relevance,8,qwen:72b,moderate,3.0,fairness
relevance,8,qwen:72b,moderate,4.0,fairness
relevance,8,qwen:72b,moderate,4.0,fairness
relevance,8,qwen:72b,moderate,3.0,fairness
relevance,8,qwen:72b,moderate,3.0,fairness
relevance,8,qwen:72b,moderate,3.0,fairness
relevance,8,qwen:72b,moderate,3.0,fairness
relevance,8,qwen:72b,moderate,3.0,fairness
relevance,8,qwen:72b,moderate,3.0,fairness
relevance,8,qwen:72b,moderate,3.0,fairness
relevance,8,qwen:72b,moderate,3.0,fairness
relevance,8,qwen:72b,moderate,3.0,fairness
relevance,8,qwen:72b,moderate,3.0,fairness
relevance,8,qwen:72b,moderate,4.0,fairness
relevance,8,qwen:72b,moderate,3.0,fairness
relevance,8,qwen:72b,moderate,3.0,fairness
relevance,8,qwen:72b,moderate,3.0,fairness
relevance,8,qwen:72b,moderate,3.0,fairness
relevance,8,qwen:72b,moderate,3.0,fairness
relevance,8,qwen:72b,moderate,4.0,fairness
relevance,8,qwen:72b,moderate,3.0,fairness
relevance,8,qwen:72b,moderate,3.0,fairness
relevance,8,qwen:72b,moderate,3.0,fairness
relevance,8,qwen:72b,moderate,3.0,fairness
relevance,8,qwen:72b,moderate,3.0,fairness
relevance,8,qwen:72b,moderate,3.0,fairness
relevance,8,qwen:72b,moderate,3.0,fairness
relevance,8,qwen:72b,moderate,3.0,fairness
relevance,8,qwen:72b,moderate,4.0,fairness
relevance,8,qwen:72b,moderate,4.0,fairness
relevance,8,qwen:72b,moderate,4.0,fairness
relevance,8,qwen:72b,moderate,4.0,fairness
relevance,8,qwen:72b,moderate,3.0,fairness
relevance,8,qwen:72b,moderate,3.0,fairness
relevance,8,qwen:72b,moderate,4.0,fairness
relevance,8,qwen:72b,moderate,3.0,fairness
relevance,8,qwen:72b,moderate,3.0,fairness
relevance,8,qwen:72b,moderate,3.0,fairness
relevance,8,qwen:72b,moderate,3.0,fairness
relevance,8,qwen:72b,liberal,4.0,fairness
relevance,8,qwen:72b,liberal,4.0,fairness
relevance,8,qwen:72b,liberal,4.0,fairness
relevance,8,qwen:72b,liberal,5.0,fairness
relevance,8,qwen:72b,liberal,4.0,fairness
relevance,8,qwen:72b,liberal,4.0,fairness
relevance,8,qwen:72b,liberal,4.0,fairness
relevance,8,qwen:72b,liberal,5.0,fairness
relevance,8,qwen:72b,liberal,5.0,fairness
relevance,8,qwen:72b,liberal,5.0,fairness
relevance,8,qwen:72b,liberal,4.0,fairness
relevance,8,qwen:72b,liberal,4.0,fairness
relevance,8,qwen:72b,liberal,4.0,fairness
relevance,8,qwen:72b,liberal,4.0,fairness
relevance,8,qwen:72b,liberal,4.0,fairness
relevance,8,qwen:72b,liberal,4.0,fairness
relevance,8,qwen:72b,liberal,5.0,fairness
relevance,8,qwen:72b,liberal,4.0,fairness
relevance,8,qwen:72b,liberal,4.0,fairness
relevance,8,qwen:72b,liberal,4.0,fairness
relevance,8,qwen:72b,liberal,4.0,fairness
relevance,8,qwen:72b,liberal,4.0,fairness
relevance,8,qwen:72b,liberal,4.0,fairness
relevance,8,qwen:72b,liberal,4.0,fairness
relevance,8,qwen:72b,liberal,4.0,fairness
relevance,8,qwen:72b,liberal,5.0,fairness
relevance,8,qwen:72b,liberal,5.0,fairness
relevance,8,qwen:72b,liberal,4.0,fairness
relevance,8,qwen:72b,liberal,4.0,fairness
relevance,8,qwen:72b,liberal,4.0,fairness
relevance,8,qwen:72b,liberal,4.0,fairness
relevance,8,qwen:72b,liberal,4.0,fairness
relevance,8,qwen:72b,liberal,4.0,fairness
relevance,8,qwen:72b,liberal,4.0,fairness
relevance,8,qwen:72b,liberal,4.0,fairness
relevance,8,qwen:72b,liberal,4.0,fairness
relevance,8,qwen:72b,liberal,4.0,fairness
relevance,8,qwen:72b,liberal,4.0,fairness
relevance,8,qwen:72b,liberal,5.0,fairness
relevance,8,qwen:72b,liberal,4.0,fairness
relevance,8,qwen:72b,liberal,5.0,fairness
relevance,8,qwen:72b,liberal,4.0,fairness
relevance,8,qwen:72b,liberal,4.0,fairness
relevance,8,qwen:72b,liberal,4.0,fairness
relevance,8,qwen:72b,liberal,4.0,fairness
relevance,8,qwen:72b,liberal,5.0,fairness
relevance,8,qwen:72b,liberal,4.0,fairness
relevance,8,qwen:72b,liberal,4.0,fairness
relevance,8,qwen:72b,liberal,4.0,fairness
relevance,8,qwen2:72b,conservative,5.0,fairness
relevance,8,qwen2:72b,conservative,5.0,fairness
relevance,8,qwen2:72b,conservative,5.0,fairness
relevance,8,qwen2:72b,conservative,5.0,fairness
relevance,8,qwen2:72b,conservative,5.0,fairness
relevance,8,qwen2:72b,conservative,5.0,fairness
relevance,8,qwen2:72b,conservative,5.0,fairness
relevance,8,qwen2:72b,conservative,5.0,fairness
relevance,8,qwen2:72b,conservative,5.0,fairness
relevance,8,qwen2:72b,conservative,5.0,fairness
relevance,8,qwen2:72b,conservative,5.0,fairness
relevance,8,qwen2:72b,conservative,5.0,fairness
relevance,8,qwen2:72b,conservative,5.0,fairness
relevance,8,qwen2:72b,conservative,5.0,fairness
relevance,8,qwen2:72b,conservative,5.0,fairness
relevance,8,qwen2:72b,conservative,5.0,fairness
relevance,8,qwen2:72b,conservative,5.0,fairness
relevance,8,qwen2:72b,conservative,5.0,fairness
relevance,8,qwen2:72b,conservative,5.0,fairness
relevance,8,qwen2:72b,conservative,5.0,fairness
relevance,8,qwen2:72b,conservative,5.0,fairness
relevance,8,qwen2:72b,conservative,5.0,fairness
relevance,8,qwen2:72b,conservative,5.0,fairness
relevance,8,qwen2:72b,conservative,5.0,fairness
relevance,8,qwen2:72b,conservative,5.0,fairness
relevance,8,qwen2:72b,conservative,5.0,fairness
relevance,8,qwen2:72b,conservative,5.0,fairness
relevance,8,qwen2:72b,conservative,5.0,fairness
relevance,8,qwen2:72b,conservative,5.0,fairness
relevance,8,qwen2:72b,conservative,5.0,fairness
relevance,8,qwen2:72b,conservative,5.0,fairness
relevance,8,qwen2:72b,conservative,5.0,fairness
relevance,8,qwen2:72b,conservative,5.0,fairness
relevance,8,qwen2:72b,conservative,5.0,fairness
relevance,8,qwen2:72b,conservative,5.0,fairness
relevance,8,qwen2:72b,conservative,5.0,fairness
relevance,8,qwen2:72b,conservative,5.0,fairness
relevance,8,qwen2:72b,conservative,5.0,fairness
relevance,8,qwen2:72b,conservative,5.0,fairness
relevance,8,qwen2:72b,conservative,5.0,fairness
relevance,8,qwen2:72b,conservative,5.0,fairness
relevance,8,qwen2:72b,conservative,5.0,fairness
relevance,8,qwen2:72b,conservative,5.0,fairness
relevance,8,qwen2:72b,conservative,5.0,fairness
relevance,8,qwen2:72b,conservative,5.0,fairness
relevance,8,qwen2:72b,conservative,5.0,fairness
relevance,8,qwen2:72b,conservative,5.0,fairness
relevance,8,qwen2:72b,conservative,5.0,fairness
relevance,8,qwen2:72b,conservative,5.0,fairness
relevance,8,qwen2:72b,conservative,5.0,fairness
relevance,8,qwen2:72b,moderate,5.0,fairness
relevance,8,qwen2:72b,moderate,5.0,fairness
relevance,8,qwen2:72b,moderate,5.0,fairness
relevance,8,qwen2:72b,moderate,5.0,fairness
relevance,8,qwen2:72b,moderate,5.0,fairness
relevance,8,qwen2:72b,moderate,5.0,fairness
relevance,8,qwen2:72b,moderate,5.0,fairness
relevance,8,qwen2:72b,moderate,5.0,fairness
relevance,8,qwen2:72b,moderate,5.0,fairness
relevance,8,qwen2:72b,moderate,5.0,fairness
relevance,8,qwen2:72b,moderate,5.0,fairness
relevance,8,qwen2:72b,moderate,5.0,fairness
relevance,8,qwen2:72b,moderate,5.0,fairness
relevance,8,qwen2:72b,moderate,5.0,fairness
relevance,8,qwen2:72b,moderate,5.0,fairness
relevance,8,qwen2:72b,moderate,5.0,fairness
relevance,8,qwen2:72b,moderate,5.0,fairness
relevance,8,qwen2:72b,moderate,5.0,fairness
relevance,8,qwen2:72b,moderate,5.0,fairness
relevance,8,qwen2:72b,moderate,5.0,fairness
relevance,8,qwen2:72b,moderate,5.0,fairness
relevance,8,qwen2:72b,moderate,5.0,fairness
relevance,8,qwen2:72b,moderate,5.0,fairness
relevance,8,qwen2:72b,moderate,5.0,fairness
relevance,8,qwen2:72b,moderate,5.0,fairness
relevance,8,qwen2:72b,moderate,5.0,fairness
relevance,8,qwen2:72b,moderate,5.0,fairness
relevance,8,qwen2:72b,moderate,5.0,fairness
relevance,8,qwen2:72b,moderate,5.0,fairness
relevance,8,qwen2:72b,moderate,5.0,fairness
relevance,8,qwen2:72b,moderate,5.0,fairness
relevance,8,qwen2:72b,moderate,5.0,fairness
relevance,8,qwen2:72b,moderate,5.0,fairness
relevance,8,qwen2:72b,moderate,5.0,fairness
relevance,8,qwen2:72b,moderate,5.0,fairness
relevance,8,qwen2:72b,moderate,5.0,fairness
relevance,8,qwen2:72b,moderate,5.0,fairness
relevance,8,qwen2:72b,moderate,5.0,fairness
relevance,8,qwen2:72b,moderate,5.0,fairness
relevance,8,qwen2:72b,moderate,5.0,fairness
relevance,8,qwen2:72b,moderate,5.0,fairness
relevance,8,qwen2:72b,moderate,5.0,fairness
relevance,8,qwen2:72b,moderate,5.0,fairness
relevance,8,qwen2:72b,moderate,5.0,fairness
relevance,8,qwen2:72b,moderate,5.0,fairness
relevance,8,qwen2:72b,moderate,5.0,fairness
relevance,8,qwen2:72b,moderate,5.0,fairness
relevance,8,qwen2:72b,moderate,5.0,fairness
relevance,8,qwen2:72b,moderate,5.0,fairness
relevance,8,qwen2:72b,moderate,5.0,fairness
relevance,8,qwen2:72b,liberal,5.0,fairness
relevance,8,qwen2:72b,liberal,5.0,fairness
relevance,8,qwen2:72b,liberal,5.0,fairness
relevance,8,qwen2:72b,liberal,5.0,fairness
relevance,8,qwen2:72b,liberal,5.0,fairness
relevance,8,qwen2:72b,liberal,5.0,fairness
relevance,8,qwen2:72b,liberal,5.0,fairness
relevance,8,qwen2:72b,liberal,5.0,fairness
relevance,8,qwen2:72b,liberal,5.0,fairness
relevance,8,qwen2:72b,liberal,5.0,fairness
relevance,8,qwen2:72b,liberal,5.0,fairness
relevance,8,qwen2:72b,liberal,5.0,fairness
relevance,8,qwen2:72b,liberal,5.0,fairness
relevance,8,qwen2:72b,liberal,5.0,fairness
relevance,8,qwen2:72b,liberal,5.0,fairness
relevance,8,qwen2:72b,liberal,5.0,fairness
relevance,8,qwen2:72b,liberal,5.0,fairness
relevance,8,qwen2:72b,liberal,5.0,fairness
relevance,8,qwen2:72b,liberal,5.0,fairness
relevance,8,qwen2:72b,liberal,5.0,fairness
relevance,8,qwen2:72b,liberal,5.0,fairness
relevance,8,qwen2:72b,liberal,5.0,fairness
relevance,8,qwen2:72b,liberal,5.0,fairness
relevance,8,qwen2:72b,liberal,5.0,fairness
relevance,8,qwen2:72b,liberal,5.0,fairness
relevance,8,qwen2:72b,liberal,5.0,fairness
relevance,8,qwen2:72b,liberal,5.0,fairness
relevance,8,qwen2:72b,liberal,5.0,fairness
relevance,8,qwen2:72b,liberal,5.0,fairness
relevance,8,qwen2:72b,liberal,5.0,fairness
relevance,8,qwen2:72b,liberal,5.0,fairness
relevance,8,qwen2:72b,liberal,5.0,fairness
relevance,8,qwen2:72b,liberal,5.0,fairness
relevance,8,qwen2:72b,liberal,5.0,fairness
relevance,8,qwen2:72b,liberal,5.0,fairness
relevance,8,qwen2:72b,liberal,5.0,fairness
relevance,8,qwen2:72b,liberal,5.0,fairness
relevance,8,qwen2:72b,liberal,5.0,fairness
relevance,8,qwen2:72b,liberal,5.0,fairness
relevance,8,qwen2:72b,liberal,5.0,fairness
relevance,8,qwen2:72b,liberal,5.0,fairness
relevance,8,qwen2:72b,liberal,5.0,fairness
relevance,8,qwen2:72b,liberal,5.0,fairness
relevance,8,qwen2:72b,liberal,5.0,fairness
relevance,8,qwen2:72b,liberal,5.0,fairness
relevance,8,qwen2:72b,liberal,5.0,fairness
relevance,8,qwen2:72b,liberal,5.0,fairness
relevance,8,qwen2:72b,liberal,5.0,fairness
relevance,8,qwen2:72b,liberal,5.0,fairness
relevance,8,qwen2:72b,liberal,5.0,fairness
relevance,9,llama3.1:8b,conservative,3.0,ingroup
relevance,9,llama3.1:8b,conservative,3.0,ingroup
relevance,9,llama3.1:8b,conservative,5.0,ingroup
relevance,9,llama3.1:8b,conservative,5.0,ingroup
relevance,9,llama3.1:8b,conservative,3.0,ingroup
relevance,9,llama3.1:8b,conservative,4.0,ingroup
relevance,9,llama3.1:8b,conservative,4.0,ingroup
relevance,9,llama3.1:8b,conservative,4.0,ingroup
relevance,9,llama3.1:8b,conservative,4.0,ingroup
relevance,9,llama3.1:8b,conservative,4.0,ingroup
relevance,9,llama3.1:8b,conservative,4.0,ingroup
relevance,9,llama3.1:8b,conservative,5.0,ingroup
relevance,9,llama3.1:8b,conservative,4.0,ingroup
relevance,9,llama3.1:8b,conservative,5.0,ingroup
relevance,9,llama3.1:8b,conservative,4.0,ingroup
relevance,9,llama3.1:8b,conservative,4.0,ingroup
relevance,9,llama3.1:8b,conservative,2.0,ingroup
relevance,9,llama3.1:8b,conservative,4.0,ingroup
relevance,9,llama3.1:8b,conservative,3.0,ingroup
relevance,9,llama3.1:8b,conservative,4.0,ingroup
relevance,9,llama3.1:8b,conservative,3.0,ingroup
relevance,9,llama3.1:8b,conservative,4.0,ingroup
relevance,9,llama3.1:8b,conservative,4.0,ingroup
relevance,9,llama3.1:8b,conservative,5.0,ingroup
relevance,9,llama3.1:8b,conservative,2.0,ingroup
relevance,9,llama3.1:8b,conservative,3.0,ingroup
relevance,9,llama3.1:8b,conservative,4.0,ingroup
relevance,9,llama3.1:8b,conservative,4.0,ingroup
relevance,9,llama3.1:8b,conservative,4.0,ingroup
relevance,9,llama3.1:8b,conservative,5.0,ingroup
relevance,9,llama3.1:8b,conservative,4.0,ingroup
relevance,9,llama3.1:8b,conservative,5.0,ingroup
relevance,9,llama3.1:8b,conservative,4.0,ingroup
relevance,9,llama3.1:8b,conservative,3.0,ingroup
relevance,9,llama3.1:8b,conservative,3.0,ingroup
relevance,9,llama3.1:8b,conservative,4.0,ingroup
relevance,9,llama3.1:8b,conservative,4.0,ingroup
relevance,9,llama3.1:8b,conservative,4.0,ingroup
relevance,9,llama3.1:8b,conservative,3.0,ingroup
relevance,9,llama3.1:8b,conservative,5.0,ingroup
relevance,9,llama3.1:8b,conservative,2.0,ingroup
relevance,9,llama3.1:8b,conservative,3.0,ingroup
relevance,9,llama3.1:8b,conservative,5.0,ingroup
relevance,9,llama3.1:8b,conservative,4.0,ingroup
relevance,9,llama3.1:8b,conservative,4.0,ingroup
relevance,9,llama3.1:8b,conservative,4.0,ingroup
relevance,9,llama3.1:8b,conservative,3.0,ingroup
relevance,9,llama3.1:8b,conservative,4.0,ingroup
relevance,9,llama3.1:8b,conservative,4.0,ingroup
relevance,9,llama3.1:8b,conservative,4.0,ingroup
relevance,9,llama3.1:8b,moderate,3.0,ingroup
relevance,9,llama3.1:8b,moderate,3.0,ingroup
relevance,9,llama3.1:8b,moderate,2.0,ingroup
relevance,9,llama3.1:8b,moderate,2.0,ingroup
relevance,9,llama3.1:8b,moderate,3.0,ingroup
relevance,9,llama3.1:8b,moderate,4.0,ingroup
relevance,9,llama3.1:8b,moderate,4.0,ingroup
relevance,9,llama3.1:8b,moderate,2.0,ingroup
relevance,9,llama3.1:8b,moderate,3.0,ingroup
relevance,9,llama3.1:8b,moderate,4.0,ingroup
relevance,9,llama3.1:8b,moderate,4.0,ingroup
relevance,9,llama3.1:8b,moderate,3.0,ingroup
relevance,9,llama3.1:8b,moderate,3.0,ingroup
relevance,9,llama3.1:8b,moderate,3.0,ingroup
relevance,9,llama3.1:8b,moderate,5.0,ingroup
relevance,9,llama3.1:8b,moderate,2.0,ingroup
relevance,9,llama3.1:8b,moderate,3.0,ingroup
relevance,9,llama3.1:8b,moderate,3.0,ingroup
relevance,9,llama3.1:8b,moderate,5.0,ingroup
relevance,9,llama3.1:8b,moderate,3.0,ingroup
relevance,9,llama3.1:8b,moderate,4.0,ingroup
relevance,9,llama3.1:8b,moderate,2.0,ingroup
relevance,9,llama3.1:8b,moderate,2.0,ingroup
relevance,9,llama3.1:8b,moderate,4.0,ingroup
relevance,9,llama3.1:8b,moderate,3.0,ingroup
relevance,9,llama3.1:8b,moderate,3.0,ingroup
relevance,9,llama3.1:8b,moderate,4.0,ingroup
relevance,9,llama3.1:8b,moderate,4.0,ingroup
relevance,9,llama3.1:8b,moderate,3.0,ingroup
relevance,9,llama3.1:8b,moderate,4.0,ingroup
relevance,9,llama3.1:8b,moderate,5.0,ingroup
relevance,9,llama3.1:8b,moderate,5.0,ingroup
relevance,9,llama3.1:8b,moderate,5.0,ingroup
relevance,9,llama3.1:8b,moderate,4.0,ingroup
relevance,9,llama3.1:8b,moderate,3.0,ingroup
relevance,9,llama3.1:8b,moderate,3.0,ingroup
relevance,9,llama3.1:8b,moderate,4.0,ingroup
relevance,9,llama3.1:8b,moderate,3.0,ingroup
relevance,9,llama3.1:8b,moderate,3.0,ingroup
relevance,9,llama3.1:8b,moderate,2.0,ingroup
relevance,9,llama3.1:8b,moderate,3.0,ingroup
relevance,9,llama3.1:8b,moderate,4.0,ingroup
relevance,9,llama3.1:8b,moderate,2.0,ingroup
relevance,9,llama3.1:8b,moderate,2.0,ingroup
relevance,9,llama3.1:8b,moderate,3.0,ingroup
relevance,9,llama3.1:8b,moderate,4.0,ingroup
relevance,9,llama3.1:8b,moderate,3.0,ingroup
relevance,9,llama3.1:8b,moderate,4.0,ingroup
relevance,9,llama3.1:8b,moderate,2.0,ingroup
relevance,9,llama3.1:8b,moderate,2.0,ingroup
relevance,9,llama3.1:8b,liberal,4.0,ingroup
relevance,9,llama3.1:8b,liberal,5.0,ingroup
relevance,9,llama3.1:8b,liberal,5.0,ingroup
relevance,9,llama3.1:8b,liberal,3.0,ingroup
relevance,9,llama3.1:8b,liberal,4.0,ingroup
relevance,9,llama3.1:8b,liberal,4.0,ingroup
relevance,9,llama3.1:8b,liberal,3.0,ingroup
relevance,9,llama3.1:8b,liberal,4.0,ingroup
relevance,9,llama3.1:8b,liberal,4.0,ingroup
relevance,9,llama3.1:8b,liberal,3.0,ingroup
relevance,9,llama3.1:8b,liberal,4.0,ingroup
relevance,9,llama3.1:8b,liberal,5.0,ingroup
relevance,9,llama3.1:8b,liberal,4.0,ingroup
relevance,9,llama3.1:8b,liberal,4.0,ingroup
relevance,9,llama3.1:8b,liberal,4.0,ingroup
relevance,9,llama3.1:8b,liberal,5.0,ingroup
relevance,9,llama3.1:8b,liberal,4.0,ingroup
relevance,9,llama3.1:8b,liberal,5.0,ingroup
relevance,9,llama3.1:8b,liberal,3.0,ingroup
relevance,9,llama3.1:8b,liberal,4.0,ingroup
relevance,9,llama3.1:8b,liberal,5.0,ingroup
relevance,9,llama3.1:8b,liberal,5.0,ingroup
relevance,9,llama3.1:8b,liberal,5.0,ingroup
relevance,9,llama3.1:8b,liberal,5.0,ingroup
relevance,9,llama3.1:8b,liberal,4.0,ingroup
relevance,9,llama3.1:8b,liberal,4.0,ingroup
relevance,9,llama3.1:8b,liberal,5.0,ingroup
relevance,9,llama3.1:8b,liberal,4.0,ingroup
relevance,9,llama3.1:8b,liberal,5.0,ingroup
relevance,9,llama3.1:8b,liberal,4.0,ingroup
relevance,9,llama3.1:8b,liberal,3.0,ingroup
relevance,9,llama3.1:8b,liberal,5.0,ingroup
relevance,9,llama3.1:8b,liberal,5.0,ingroup
relevance,9,llama3.1:8b,liberal,4.0,ingroup
relevance,9,llama3.1:8b,liberal,5.0,ingroup
relevance,9,llama3.1:8b,liberal,4.0,ingroup
relevance,9,llama3.1:8b,liberal,4.0,ingroup
relevance,9,llama3.1:8b,liberal,5.0,ingroup
relevance,9,llama3.1:8b,liberal,5.0,ingroup
relevance,9,llama3.1:8b,liberal,5.0,ingroup
relevance,9,llama3.1:8b,liberal,5.0,ingroup
relevance,9,llama3.1:8b,liberal,4.0,ingroup
relevance,9,llama3.1:8b,liberal,4.0,ingroup
relevance,9,llama3.1:8b,liberal,5.0,ingroup
relevance,9,llama3.1:8b,liberal,5.0,ingroup
relevance,9,llama3.1:8b,liberal,5.0,ingroup
relevance,9,llama3.1:8b,liberal,4.0,ingroup
relevance,9,llama3.1:8b,liberal,5.0,ingroup
relevance,9,llama3.1:8b,liberal,4.0,ingroup
relevance,9,llama3.1:8b,liberal,5.0,ingroup
relevance,9,llama2:70b,conservative,4.0,ingroup
relevance,9,llama2:70b,conservative,4.0,ingroup
relevance,9,llama2:70b,conservative,4.0,ingroup
relevance,9,llama2:70b,conservative,5.0,ingroup
relevance,9,llama2:70b,conservative,4.0,ingroup
relevance,9,llama2:70b,conservative,4.0,ingroup
relevance,9,llama2:70b,conservative,1.0,ingroup
relevance,9,llama2:70b,conservative,4.0,ingroup
relevance,9,llama2:70b,conservative,1.0,ingroup
relevance,9,llama2:70b,conservative,4.0,ingroup
relevance,9,llama2:70b,conservative,4.0,ingroup
relevance,9,llama2:70b,conservative,4.0,ingroup
relevance,9,llama2:70b,conservative,3.0,ingroup
relevance,9,llama2:70b,conservative,4.0,ingroup
relevance,9,llama2:70b,conservative,3.0,ingroup
relevance,9,llama2:70b,conservative,4.0,ingroup
relevance,9,llama2:70b,conservative,3.0,ingroup
relevance,9,llama2:70b,conservative,4.0,ingroup
relevance,9,llama2:70b,conservative,3.0,ingroup
relevance,9,llama2:70b,conservative,3.0,ingroup
relevance,9,llama2:70b,conservative,3.0,ingroup
relevance,9,llama2:70b,conservative,4.0,ingroup
relevance,9,llama2:70b,conservative,5.0,ingroup
relevance,9,llama2:70b,conservative,4.0,ingroup
relevance,9,llama2:70b,conservative,3.0,ingroup
relevance,9,llama2:70b,conservative,4.0,ingroup
relevance,9,llama2:70b,conservative,3.0,ingroup
relevance,9,llama2:70b,conservative,3.0,ingroup
relevance,9,llama2:70b,conservative,5.0,ingroup
relevance,9,llama2:70b,conservative,5.0,ingroup
relevance,9,llama2:70b,conservative,4.0,ingroup
relevance,9,llama2:70b,conservative,4.0,ingroup
relevance,9,llama2:70b,conservative,4.0,ingroup
relevance,9,llama2:70b,conservative,4.0,ingroup
relevance,9,llama2:70b,conservative,4.0,ingroup
relevance,9,llama2:70b,conservative,4.0,ingroup
relevance,9,llama2:70b,conservative,1.0,ingroup
relevance,9,llama2:70b,conservative,4.0,ingroup
relevance,9,llama2:70b,conservative,4.0,ingroup
relevance,9,llama2:70b,conservative,4.0,ingroup
relevance,9,llama2:70b,conservative,4.0,ingroup
relevance,9,llama2:70b,conservative,4.0,ingroup
relevance,9,llama2:70b,conservative,4.0,ingroup
relevance,9,llama2:70b,conservative,3.0,ingroup
relevance,9,llama2:70b,conservative,4.0,ingroup
relevance,9,llama2:70b,conservative,4.0,ingroup
relevance,9,llama2:70b,conservative,4.0,ingroup
relevance,9,llama2:70b,conservative,4.0,ingroup
relevance,9,llama2:70b,conservative,4.0,ingroup
relevance,9,llama2:70b,conservative,4.0,ingroup
relevance,9,llama2:70b,moderate,4.0,ingroup
relevance,9,llama2:70b,moderate,4.0,ingroup
relevance,9,llama2:70b,moderate,3.0,ingroup
relevance,9,llama2:70b,moderate,2.0,ingroup
relevance,9,llama2:70b,moderate,3.0,ingroup
relevance,9,llama2:70b,moderate,4.0,ingroup
relevance,9,llama2:70b,moderate,4.0,ingroup
relevance,9,llama2:70b,moderate,3.0,ingroup
relevance,9,llama2:70b,moderate,4.0,ingroup
relevance,9,llama2:70b,moderate,3.0,ingroup
relevance,9,llama2:70b,moderate,4.0,ingroup
relevance,9,llama2:70b,moderate,4.0,ingroup
relevance,9,llama2:70b,moderate,4.0,ingroup
relevance,9,llama2:70b,moderate,3.0,ingroup
relevance,9,llama2:70b,moderate,4.0,ingroup
relevance,9,llama2:70b,moderate,3.0,ingroup
relevance,9,llama2:70b,moderate,3.0,ingroup
relevance,9,llama2:70b,moderate,3.0,ingroup
relevance,9,llama2:70b,moderate,3.0,ingroup
relevance,9,llama2:70b,moderate,2.0,ingroup
relevance,9,llama2:70b,moderate,2.0,ingroup
relevance,9,llama2:70b,moderate,2.0,ingroup
relevance,9,llama2:70b,moderate,4.0,ingroup
relevance,9,llama2:70b,moderate,3.0,ingroup
relevance,9,llama2:70b,moderate,3.0,ingroup
relevance,9,llama2:70b,moderate,2.0,ingroup
relevance,9,llama2:70b,moderate,4.0,ingroup
relevance,9,llama2:70b,moderate,4.0,ingroup
relevance,9,llama2:70b,moderate,4.0,ingroup
relevance,9,llama2:70b,moderate,4.0,ingroup
relevance,9,llama2:70b,moderate,2.0,ingroup
relevance,9,llama2:70b,moderate,4.0,ingroup
relevance,9,llama2:70b,moderate,3.0,ingroup
relevance,9,llama2:70b,moderate,4.0,ingroup
relevance,9,llama2:70b,moderate,3.0,ingroup
relevance,9,llama2:70b,moderate,2.0,ingroup
relevance,9,llama2:70b,moderate,3.0,ingroup
relevance,9,llama2:70b,moderate,3.0,ingroup
relevance,9,llama2:70b,moderate,3.0,ingroup
relevance,9,llama2:70b,moderate,4.0,ingroup
relevance,9,llama2:70b,moderate,3.0,ingroup
relevance,9,llama2:70b,moderate,3.0,ingroup
relevance,9,llama2:70b,moderate,5.0,ingroup
relevance,9,llama2:70b,moderate,3.0,ingroup
relevance,9,llama2:70b,moderate,3.0,ingroup
relevance,9,llama2:70b,moderate,3.0,ingroup
relevance,9,llama2:70b,moderate,3.0,ingroup
relevance,9,llama2:70b,moderate,4.0,ingroup
relevance,9,llama2:70b,moderate,3.0,ingroup
relevance,9,llama2:70b,moderate,5.0,ingroup
relevance,9,llama2:70b,liberal,4.0,ingroup
relevance,9,llama2:70b,liberal,4.0,ingroup
relevance,9,llama2:70b,liberal,4.0,ingroup
relevance,9,llama2:70b,liberal,5.0,ingroup
relevance,9,llama2:70b,liberal,4.0,ingroup
relevance,9,llama2:70b,liberal,5.0,ingroup
relevance,9,llama2:70b,liberal,4.0,ingroup
relevance,9,llama2:70b,liberal,4.0,ingroup
relevance,9,llama2:70b,liberal,4.0,ingroup
relevance,9,llama2:70b,liberal,4.0,ingroup
relevance,9,llama2:70b,liberal,4.0,ingroup
relevance,9,llama2:70b,liberal,5.0,ingroup
relevance,9,llama2:70b,liberal,5.0,ingroup
relevance,9,llama2:70b,liberal,4.0,ingroup
relevance,9,llama2:70b,liberal,5.0,ingroup
relevance,9,llama2:70b,liberal,3.0,ingroup
relevance,9,llama2:70b,liberal,5.0,ingroup
relevance,9,llama2:70b,liberal,4.0,ingroup
relevance,9,llama2:70b,liberal,2.0,ingroup
relevance,9,llama2:70b,liberal,4.0,ingroup
relevance,9,llama2:70b,liberal,5.0,ingroup
relevance,9,llama2:70b,liberal,4.0,ingroup
relevance,9,llama2:70b,liberal,4.0,ingroup
relevance,9,llama2:70b,liberal,2.0,ingroup
relevance,9,llama2:70b,liberal,5.0,ingroup
relevance,9,llama2:70b,liberal,4.0,ingroup
relevance,9,llama2:70b,liberal,2.0,ingroup
relevance,9,llama2:70b,liberal,3.0,ingroup
relevance,9,llama2:70b,liberal,4.0,ingroup
relevance,9,llama2:70b,liberal,2.0,ingroup
relevance,9,llama2:70b,liberal,4.0,ingroup
relevance,9,llama2:70b,liberal,3.0,ingroup
relevance,9,llama2:70b,liberal,4.0,ingroup
relevance,9,llama2:70b,liberal,4.0,ingroup
relevance,9,llama2:70b,liberal,4.0,ingroup
relevance,9,llama2:70b,liberal,4.0,ingroup
relevance,9,llama2:70b,liberal,4.0,ingroup
relevance,9,llama2:70b,liberal,3.0,ingroup
relevance,9,llama2:70b,liberal,5.0,ingroup
relevance,9,llama2:70b,liberal,4.0,ingroup
relevance,9,llama2:70b,liberal,4.0,ingroup
relevance,9,llama2:70b,liberal,4.0,ingroup
relevance,9,llama2:70b,liberal,4.0,ingroup
relevance,9,llama2:70b,liberal,5.0,ingroup
relevance,9,llama2:70b,liberal,4.0,ingroup
relevance,9,llama2:70b,liberal,4.0,ingroup
relevance,9,llama2:70b,liberal,3.0,ingroup
relevance,9,llama2:70b,liberal,4.0,ingroup
relevance,9,llama2:70b,liberal,5.0,ingroup
relevance,9,llama2:70b,liberal,3.0,ingroup
relevance,9,llama3:70b,conservative,5.0,ingroup
relevance,9,llama3:70b,conservative,5.0,ingroup
relevance,9,llama3:70b,conservative,5.0,ingroup
relevance,9,llama3:70b,conservative,5.0,ingroup
relevance,9,llama3:70b,conservative,5.0,ingroup
relevance,9,llama3:70b,conservative,5.0,ingroup
relevance,9,llama3:70b,conservative,5.0,ingroup
relevance,9,llama3:70b,conservative,5.0,ingroup
relevance,9,llama3:70b,conservative,5.0,ingroup
relevance,9,llama3:70b,conservative,5.0,ingroup
relevance,9,llama3:70b,conservative,5.0,ingroup
relevance,9,llama3:70b,conservative,5.0,ingroup
relevance,9,llama3:70b,conservative,5.0,ingroup
relevance,9,llama3:70b,conservative,5.0,ingroup
relevance,9,llama3:70b,conservative,5.0,ingroup
relevance,9,llama3:70b,conservative,5.0,ingroup
relevance,9,llama3:70b,conservative,5.0,ingroup
relevance,9,llama3:70b,conservative,5.0,ingroup
relevance,9,llama3:70b,conservative,5.0,ingroup
relevance,9,llama3:70b,conservative,5.0,ingroup
relevance,9,llama3:70b,conservative,5.0,ingroup
relevance,9,llama3:70b,conservative,5.0,ingroup
relevance,9,llama3:70b,conservative,5.0,ingroup
relevance,9,llama3:70b,conservative,5.0,ingroup
relevance,9,llama3:70b,conservative,5.0,ingroup
relevance,9,llama3:70b,conservative,5.0,ingroup
relevance,9,llama3:70b,conservative,5.0,ingroup
relevance,9,llama3:70b,conservative,5.0,ingroup
relevance,9,llama3:70b,conservative,5.0,ingroup
relevance,9,llama3:70b,conservative,5.0,ingroup
relevance,9,llama3:70b,conservative,5.0,ingroup
relevance,9,llama3:70b,conservative,5.0,ingroup
relevance,9,llama3:70b,conservative,5.0,ingroup
relevance,9,llama3:70b,conservative,5.0,ingroup
relevance,9,llama3:70b,conservative,5.0,ingroup
relevance,9,llama3:70b,conservative,5.0,ingroup
relevance,9,llama3:70b,conservative,5.0,ingroup
relevance,9,llama3:70b,conservative,5.0,ingroup
relevance,9,llama3:70b,conservative,5.0,ingroup
relevance,9,llama3:70b,conservative,5.0,ingroup
relevance,9,llama3:70b,conservative,5.0,ingroup
relevance,9,llama3:70b,conservative,5.0,ingroup
relevance,9,llama3:70b,conservative,5.0,ingroup
relevance,9,llama3:70b,conservative,5.0,ingroup
relevance,9,llama3:70b,conservative,5.0,ingroup
relevance,9,llama3:70b,conservative,5.0,ingroup
relevance,9,llama3:70b,conservative,5.0,ingroup
relevance,9,llama3:70b,conservative,5.0,ingroup
relevance,9,llama3:70b,conservative,5.0,ingroup
relevance,9,llama3:70b,conservative,5.0,ingroup
relevance,9,llama3:70b,moderate,3.0,ingroup
relevance,9,llama3:70b,moderate,3.0,ingroup
relevance,9,llama3:70b,moderate,3.0,ingroup
relevance,9,llama3:70b,moderate,3.0,ingroup
relevance,9,llama3:70b,moderate,3.0,ingroup
relevance,9,llama3:70b,moderate,3.0,ingroup
relevance,9,llama3:70b,moderate,3.0,ingroup
relevance,9,llama3:70b,moderate,3.0,ingroup
relevance,9,llama3:70b,moderate,3.0,ingroup
relevance,9,llama3:70b,moderate,3.0,ingroup
relevance,9,llama3:70b,moderate,3.0,ingroup
relevance,9,llama3:70b,moderate,3.0,ingroup
relevance,9,llama3:70b,moderate,3.0,ingroup
relevance,9,llama3:70b,moderate,3.0,ingroup
relevance,9,llama3:70b,moderate,4.0,ingroup
relevance,9,llama3:70b,moderate,4.0,ingroup
relevance,9,llama3:70b,moderate,4.0,ingroup
relevance,9,llama3:70b,moderate,3.0,ingroup
relevance,9,llama3:70b,moderate,3.0,ingroup
relevance,9,llama3:70b,moderate,3.0,ingroup
relevance,9,llama3:70b,moderate,3.0,ingroup
relevance,9,llama3:70b,moderate,3.0,ingroup
relevance,9,llama3:70b,moderate,3.0,ingroup
relevance,9,llama3:70b,moderate,2.0,ingroup
relevance,9,llama3:70b,moderate,3.0,ingroup
relevance,9,llama3:70b,moderate,3.0,ingroup
relevance,9,llama3:70b,moderate,3.0,ingroup
relevance,9,llama3:70b,moderate,3.0,ingroup
relevance,9,llama3:70b,moderate,3.0,ingroup
relevance,9,llama3:70b,moderate,3.0,ingroup
relevance,9,llama3:70b,moderate,3.0,ingroup
relevance,9,llama3:70b,moderate,4.0,ingroup
relevance,9,llama3:70b,moderate,3.0,ingroup
relevance,9,llama3:70b,moderate,3.0,ingroup
relevance,9,llama3:70b,moderate,3.0,ingroup
relevance,9,llama3:70b,moderate,2.0,ingroup
relevance,9,llama3:70b,moderate,3.0,ingroup
relevance,9,llama3:70b,moderate,3.0,ingroup
relevance,9,llama3:70b,moderate,3.0,ingroup
relevance,9,llama3:70b,moderate,2.0,ingroup
relevance,9,llama3:70b,moderate,3.0,ingroup
relevance,9,llama3:70b,moderate,3.0,ingroup
relevance,9,llama3:70b,moderate,3.0,ingroup
relevance,9,llama3:70b,moderate,3.0,ingroup
relevance,9,llama3:70b,moderate,4.0,ingroup
relevance,9,llama3:70b,moderate,3.0,ingroup
relevance,9,llama3:70b,moderate,3.0,ingroup
relevance,9,llama3:70b,moderate,3.0,ingroup
relevance,9,llama3:70b,moderate,3.0,ingroup
relevance,9,llama3:70b,moderate,3.0,ingroup
relevance,9,llama3:70b,liberal,4.0,ingroup
relevance,9,llama3:70b,liberal,4.0,ingroup
relevance,9,llama3:70b,liberal,4.0,ingroup
relevance,9,llama3:70b,liberal,5.0,ingroup
relevance,9,llama3:70b,liberal,4.0,ingroup
relevance,9,llama3:70b,liberal,3.0,ingroup
relevance,9,llama3:70b,liberal,4.0,ingroup
relevance,9,llama3:70b,liberal,4.0,ingroup
relevance,9,llama3:70b,liberal,3.0,ingroup
relevance,9,llama3:70b,liberal,4.0,ingroup
relevance,9,llama3:70b,liberal,4.0,ingroup
relevance,9,llama3:70b,liberal,4.0,ingroup
relevance,9,llama3:70b,liberal,4.0,ingroup
relevance,9,llama3:70b,liberal,5.0,ingroup
relevance,9,llama3:70b,liberal,5.0,ingroup
relevance,9,llama3:70b,liberal,4.0,ingroup
relevance,9,llama3:70b,liberal,4.0,ingroup
relevance,9,llama3:70b,liberal,5.0,ingroup
relevance,9,llama3:70b,liberal,4.0,ingroup
relevance,9,llama3:70b,liberal,4.0,ingroup
relevance,9,llama3:70b,liberal,4.0,ingroup
relevance,9,llama3:70b,liberal,4.0,ingroup
relevance,9,llama3:70b,liberal,4.0,ingroup
relevance,9,llama3:70b,liberal,5.0,ingroup
relevance,9,llama3:70b,liberal,4.0,ingroup
relevance,9,llama3:70b,liberal,5.0,ingroup
relevance,9,llama3:70b,liberal,4.0,ingroup
relevance,9,llama3:70b,liberal,5.0,ingroup
relevance,9,llama3:70b,liberal,4.0,ingroup
relevance,9,llama3:70b,liberal,4.0,ingroup
relevance,9,llama3:70b,liberal,5.0,ingroup
relevance,9,llama3:70b,liberal,5.0,ingroup
relevance,9,llama3:70b,liberal,4.0,ingroup
relevance,9,llama3:70b,liberal,5.0,ingroup
relevance,9,llama3:70b,liberal,4.0,ingroup
relevance,9,llama3:70b,liberal,5.0,ingroup
relevance,9,llama3:70b,liberal,4.0,ingroup
relevance,9,llama3:70b,liberal,3.0,ingroup
relevance,9,llama3:70b,liberal,4.0,ingroup
relevance,9,llama3:70b,liberal,5.0,ingroup
relevance,9,llama3:70b,liberal,4.0,ingroup
relevance,9,llama3:70b,liberal,3.0,ingroup
relevance,9,llama3:70b,liberal,4.0,ingroup
relevance,9,llama3:70b,liberal,4.0,ingroup
relevance,9,llama3:70b,liberal,5.0,ingroup
relevance,9,llama3:70b,liberal,4.0,ingroup
relevance,9,llama3:70b,liberal,4.0,ingroup
relevance,9,llama3:70b,liberal,4.0,ingroup
relevance,9,llama3:70b,liberal,5.0,ingroup
relevance,9,llama3:70b,liberal,5.0,ingroup
relevance,9,llama3.1:70b,conservative,4.0,ingroup
relevance,9,llama3.1:70b,conservative,4.0,ingroup
relevance,9,llama3.1:70b,conservative,4.0,ingroup
relevance,9,llama3.1:70b,conservative,5.0,ingroup
relevance,9,llama3.1:70b,conservative,5.0,ingroup
relevance,9,llama3.1:70b,conservative,5.0,ingroup
relevance,9,llama3.1:70b,conservative,5.0,ingroup
relevance,9,llama3.1:70b,conservative,5.0,ingroup
relevance,9,llama3.1:70b,conservative,5.0,ingroup
relevance,9,llama3.1:70b,conservative,5.0,ingroup
relevance,9,llama3.1:70b,conservative,5.0,ingroup
relevance,9,llama3.1:70b,conservative,4.0,ingroup
relevance,9,llama3.1:70b,conservative,5.0,ingroup
relevance,9,llama3.1:70b,conservative,5.0,ingroup
relevance,9,llama3.1:70b,conservative,5.0,ingroup
relevance,9,llama3.1:70b,conservative,4.0,ingroup
relevance,9,llama3.1:70b,conservative,5.0,ingroup
relevance,9,llama3.1:70b,conservative,5.0,ingroup
relevance,9,llama3.1:70b,conservative,5.0,ingroup
relevance,9,llama3.1:70b,conservative,5.0,ingroup
relevance,9,llama3.1:70b,conservative,5.0,ingroup
relevance,9,llama3.1:70b,conservative,4.0,ingroup
relevance,9,llama3.1:70b,conservative,5.0,ingroup
relevance,9,llama3.1:70b,conservative,5.0,ingroup
relevance,9,llama3.1:70b,conservative,5.0,ingroup
relevance,9,llama3.1:70b,conservative,5.0,ingroup
relevance,9,llama3.1:70b,conservative,4.0,ingroup
relevance,9,llama3.1:70b,conservative,4.0,ingroup
relevance,9,llama3.1:70b,conservative,5.0,ingroup
relevance,9,llama3.1:70b,conservative,5.0,ingroup
relevance,9,llama3.1:70b,conservative,4.0,ingroup
relevance,9,llama3.1:70b,conservative,4.0,ingroup
relevance,9,llama3.1:70b,conservative,5.0,ingroup
relevance,9,llama3.1:70b,conservative,5.0,ingroup
relevance,9,llama3.1:70b,conservative,4.0,ingroup
relevance,9,llama3.1:70b,conservative,5.0,ingroup
relevance,9,llama3.1:70b,conservative,4.0,ingroup
relevance,9,llama3.1:70b,conservative,5.0,ingroup
relevance,9,llama3.1:70b,conservative,5.0,ingroup
relevance,9,llama3.1:70b,conservative,5.0,ingroup
relevance,9,llama3.1:70b,conservative,5.0,ingroup
relevance,9,llama3.1:70b,conservative,4.0,ingroup
relevance,9,llama3.1:70b,conservative,5.0,ingroup
relevance,9,llama3.1:70b,conservative,5.0,ingroup
relevance,9,llama3.1:70b,conservative,5.0,ingroup
relevance,9,llama3.1:70b,conservative,5.0,ingroup
relevance,9,llama3.1:70b,conservative,5.0,ingroup
relevance,9,llama3.1:70b,conservative,5.0,ingroup
relevance,9,llama3.1:70b,conservative,5.0,ingroup
relevance,9,llama3.1:70b,conservative,5.0,ingroup
relevance,9,llama3.1:70b,moderate,4.0,ingroup
relevance,9,llama3.1:70b,moderate,4.0,ingroup
relevance,9,llama3.1:70b,moderate,4.0,ingroup
relevance,9,llama3.1:70b,moderate,5.0,ingroup
relevance,9,llama3.1:70b,moderate,5.0,ingroup
relevance,9,llama3.1:70b,moderate,4.0,ingroup
relevance,9,llama3.1:70b,moderate,5.0,ingroup
relevance,9,llama3.1:70b,moderate,5.0,ingroup
relevance,9,llama3.1:70b,moderate,5.0,ingroup
relevance,9,llama3.1:70b,moderate,5.0,ingroup
relevance,9,llama3.1:70b,moderate,5.0,ingroup
relevance,9,llama3.1:70b,moderate,4.0,ingroup
relevance,9,llama3.1:70b,moderate,4.0,ingroup
relevance,9,llama3.1:70b,moderate,5.0,ingroup
relevance,9,llama3.1:70b,moderate,4.0,ingroup
relevance,9,llama3.1:70b,moderate,4.0,ingroup
relevance,9,llama3.1:70b,moderate,4.0,ingroup
relevance,9,llama3.1:70b,moderate,5.0,ingroup
relevance,9,llama3.1:70b,moderate,5.0,ingroup
relevance,9,llama3.1:70b,moderate,4.0,ingroup
relevance,9,llama3.1:70b,moderate,4.0,ingroup
relevance,9,llama3.1:70b,moderate,5.0,ingroup
relevance,9,llama3.1:70b,moderate,5.0,ingroup
relevance,9,llama3.1:70b,moderate,4.0,ingroup
relevance,9,llama3.1:70b,moderate,5.0,ingroup
relevance,9,llama3.1:70b,moderate,4.0,ingroup
relevance,9,llama3.1:70b,moderate,5.0,ingroup
relevance,9,llama3.1:70b,moderate,4.0,ingroup
relevance,9,llama3.1:70b,moderate,5.0,ingroup
relevance,9,llama3.1:70b,moderate,5.0,ingroup
relevance,9,llama3.1:70b,moderate,5.0,ingroup
relevance,9,llama3.1:70b,moderate,4.0,ingroup
relevance,9,llama3.1:70b,moderate,5.0,ingroup
relevance,9,llama3.1:70b,moderate,4.0,ingroup
relevance,9,llama3.1:70b,moderate,5.0,ingroup
relevance,9,llama3.1:70b,moderate,5.0,ingroup
relevance,9,llama3.1:70b,moderate,5.0,ingroup
relevance,9,llama3.1:70b,moderate,5.0,ingroup
relevance,9,llama3.1:70b,moderate,5.0,ingroup
relevance,9,llama3.1:70b,moderate,4.0,ingroup
relevance,9,llama3.1:70b,moderate,4.0,ingroup
relevance,9,llama3.1:70b,moderate,4.0,ingroup
relevance,9,llama3.1:70b,moderate,5.0,ingroup
relevance,9,llama3.1:70b,moderate,5.0,ingroup
relevance,9,llama3.1:70b,moderate,4.0,ingroup
relevance,9,llama3.1:70b,moderate,5.0,ingroup
relevance,9,llama3.1:70b,moderate,4.0,ingroup
relevance,9,llama3.1:70b,moderate,4.0,ingroup
relevance,9,llama3.1:70b,moderate,4.0,ingroup
relevance,9,llama3.1:70b,moderate,4.0,ingroup
relevance,9,llama3.1:70b,liberal,5.0,ingroup
relevance,9,llama3.1:70b,liberal,3.0,ingroup
relevance,9,llama3.1:70b,liberal,3.0,ingroup
relevance,9,llama3.1:70b,liberal,5.0,ingroup
relevance,9,llama3.1:70b,liberal,4.0,ingroup
relevance,9,llama3.1:70b,liberal,4.0,ingroup
relevance,9,llama3.1:70b,liberal,4.0,ingroup
relevance,9,llama3.1:70b,liberal,4.0,ingroup
relevance,9,llama3.1:70b,liberal,4.0,ingroup
relevance,9,llama3.1:70b,liberal,5.0,ingroup
relevance,9,llama3.1:70b,liberal,4.0,ingroup
relevance,9,llama3.1:70b,liberal,4.0,ingroup
relevance,9,llama3.1:70b,liberal,5.0,ingroup
relevance,9,llama3.1:70b,liberal,4.0,ingroup
relevance,9,llama3.1:70b,liberal,4.0,ingroup
relevance,9,llama3.1:70b,liberal,5.0,ingroup
relevance,9,llama3.1:70b,liberal,4.0,ingroup
relevance,9,llama3.1:70b,liberal,4.0,ingroup
relevance,9,llama3.1:70b,liberal,4.0,ingroup
relevance,9,llama3.1:70b,liberal,4.0,ingroup
relevance,9,llama3.1:70b,liberal,3.0,ingroup
relevance,9,llama3.1:70b,liberal,3.0,ingroup
relevance,9,llama3.1:70b,liberal,5.0,ingroup
relevance,9,llama3.1:70b,liberal,4.0,ingroup
relevance,9,llama3.1:70b,liberal,4.0,ingroup
relevance,9,llama3.1:70b,liberal,4.0,ingroup
relevance,9,llama3.1:70b,liberal,4.0,ingroup
relevance,9,llama3.1:70b,liberal,4.0,ingroup
relevance,9,llama3.1:70b,liberal,3.0,ingroup
relevance,9,llama3.1:70b,liberal,5.0,ingroup
relevance,9,llama3.1:70b,liberal,4.0,ingroup
relevance,9,llama3.1:70b,liberal,4.0,ingroup
relevance,9,llama3.1:70b,liberal,4.0,ingroup
relevance,9,llama3.1:70b,liberal,3.0,ingroup
relevance,9,llama3.1:70b,liberal,4.0,ingroup
relevance,9,llama3.1:70b,liberal,4.0,ingroup
relevance,9,llama3.1:70b,liberal,4.0,ingroup
relevance,9,llama3.1:70b,liberal,4.0,ingroup
relevance,9,llama3.1:70b,liberal,4.0,ingroup
relevance,9,llama3.1:70b,liberal,4.0,ingroup
relevance,9,llama3.1:70b,liberal,5.0,ingroup
relevance,9,llama3.1:70b,liberal,4.0,ingroup
relevance,9,llama3.1:70b,liberal,3.0,ingroup
relevance,9,llama3.1:70b,liberal,4.0,ingroup
relevance,9,llama3.1:70b,liberal,4.0,ingroup
relevance,9,llama3.1:70b,liberal,4.0,ingroup
relevance,9,llama3.1:70b,liberal,4.0,ingroup
relevance,9,llama3.1:70b,liberal,4.0,ingroup
relevance,9,llama3.1:70b,liberal,5.0,ingroup
relevance,9,llama3.1:70b,liberal,4.0,ingroup
relevance,9,mistral:7b,conservative,1.0,ingroup
relevance,9,mistral:7b,conservative,3.0,ingroup
relevance,9,mistral:7b,conservative,1.0,ingroup
relevance,9,mistral:7b,conservative,2.0,ingroup
relevance,9,mistral:7b,conservative,1.0,ingroup
relevance,9,mistral:7b,conservative,1.0,ingroup
relevance,9,mistral:7b,conservative,2.0,ingroup
relevance,9,mistral:7b,conservative,1.0,ingroup
relevance,9,mistral:7b,conservative,1.0,ingroup
relevance,9,mistral:7b,conservative,1.0,ingroup
relevance,9,mistral:7b,conservative,3.0,ingroup
relevance,9,mistral:7b,conservative,1.0,ingroup
relevance,9,mistral:7b,conservative,3.0,ingroup
relevance,9,mistral:7b,conservative,1.0,ingroup
relevance,9,mistral:7b,conservative,0.0,ingroup
relevance,9,mistral:7b,conservative,3.0,ingroup
relevance,9,mistral:7b,conservative,3.0,ingroup
relevance,9,mistral:7b,conservative,1.0,ingroup
relevance,9,mistral:7b,conservative,0.0,ingroup
relevance,9,mistral:7b,conservative,1.0,ingroup
relevance,9,mistral:7b,conservative,3.0,ingroup
relevance,9,mistral:7b,conservative,0.0,ingroup
relevance,9,mistral:7b,conservative,1.0,ingroup
relevance,9,mistral:7b,conservative,1.0,ingroup
relevance,9,mistral:7b,conservative,1.0,ingroup
relevance,9,mistral:7b,conservative,1.0,ingroup
relevance,9,mistral:7b,conservative,2.0,ingroup
relevance,9,mistral:7b,conservative,1.0,ingroup
relevance,9,mistral:7b,conservative,2.0,ingroup
relevance,9,mistral:7b,conservative,2.0,ingroup
relevance,9,mistral:7b,conservative,1.0,ingroup
relevance,9,mistral:7b,conservative,1.0,ingroup
relevance,9,mistral:7b,conservative,1.0,ingroup
relevance,9,mistral:7b,conservative,2.0,ingroup
relevance,9,mistral:7b,conservative,1.0,ingroup
relevance,9,mistral:7b,conservative,1.0,ingroup
relevance,9,mistral:7b,conservative,1.0,ingroup
relevance,9,mistral:7b,conservative,2.0,ingroup
relevance,9,mistral:7b,conservative,3.0,ingroup
relevance,9,mistral:7b,conservative,2.0,ingroup
relevance,9,mistral:7b,conservative,3.0,ingroup
relevance,9,mistral:7b,conservative,1.0,ingroup
relevance,9,mistral:7b,conservative,1.0,ingroup
relevance,9,mistral:7b,conservative,1.0,ingroup
relevance,9,mistral:7b,conservative,2.0,ingroup
relevance,9,mistral:7b,conservative,1.0,ingroup
relevance,9,mistral:7b,conservative,1.0,ingroup
relevance,9,mistral:7b,conservative,1.0,ingroup
relevance,9,mistral:7b,moderate,1.0,ingroup
relevance,9,mistral:7b,moderate,1.0,ingroup
relevance,9,mistral:7b,moderate,1.0,ingroup
relevance,9,mistral:7b,moderate,1.0,ingroup
relevance,9,mistral:7b,moderate,1.0,ingroup
relevance,9,mistral:7b,moderate,1.0,ingroup
relevance,9,mistral:7b,moderate,1.0,ingroup
relevance,9,mistral:7b,moderate,1.0,ingroup
relevance,9,mistral:7b,moderate,1.0,ingroup
relevance,9,mistral:7b,moderate,1.0,ingroup
relevance,9,mistral:7b,moderate,1.0,ingroup
relevance,9,mistral:7b,moderate,1.0,ingroup
relevance,9,mistral:7b,moderate,1.0,ingroup
relevance,9,mistral:7b,moderate,1.0,ingroup
relevance,9,mistral:7b,moderate,1.0,ingroup
relevance,9,mistral:7b,moderate,1.0,ingroup
relevance,9,mistral:7b,moderate,1.0,ingroup
relevance,9,mistral:7b,moderate,1.0,ingroup
relevance,9,mistral:7b,moderate,1.0,ingroup
relevance,9,mistral:7b,moderate,1.0,ingroup
relevance,9,mistral:7b,moderate,1.0,ingroup
relevance,9,mistral:7b,moderate,1.0,ingroup
relevance,9,mistral:7b,moderate,1.0,ingroup
relevance,9,mistral:7b,moderate,1.0,ingroup
relevance,9,mistral:7b,moderate,1.0,ingroup
relevance,9,mistral:7b,moderate,1.0,ingroup
relevance,9,mistral:7b,moderate,1.0,ingroup
relevance,9,mistral:7b,moderate,1.0,ingroup
relevance,9,mistral:7b,moderate,1.0,ingroup
relevance,9,mistral:7b,moderate,1.0,ingroup
relevance,9,mistral:7b,moderate,1.0,ingroup
relevance,9,mistral:7b,moderate,1.0,ingroup
relevance,9,mistral:7b,moderate,1.0,ingroup
relevance,9,mistral:7b,moderate,1.0,ingroup
relevance,9,mistral:7b,moderate,1.0,ingroup
relevance,9,mistral:7b,moderate,1.0,ingroup
relevance,9,mistral:7b,moderate,1.0,ingroup
relevance,9,mistral:7b,moderate,1.0,ingroup
relevance,9,mistral:7b,moderate,1.0,ingroup
relevance,9,mistral:7b,moderate,1.0,ingroup
relevance,9,mistral:7b,moderate,1.0,ingroup
relevance,9,mistral:7b,moderate,1.0,ingroup
relevance,9,mistral:7b,moderate,1.0,ingroup
relevance,9,mistral:7b,moderate,1.0,ingroup
relevance,9,mistral:7b,moderate,1.0,ingroup
relevance,9,mistral:7b,moderate,1.0,ingroup
relevance,9,mistral:7b,moderate,1.0,ingroup
relevance,9,mistral:7b,moderate,1.0,ingroup
relevance,9,mistral:7b,moderate,1.0,ingroup
relevance,9,mistral:7b,moderate,1.0,ingroup
relevance,9,mistral:7b,liberal,1.0,ingroup
relevance,9,mistral:7b,liberal,1.0,ingroup
relevance,9,mistral:7b,liberal,1.0,ingroup
relevance,9,mistral:7b,liberal,1.0,ingroup
relevance,9,mistral:7b,liberal,1.0,ingroup
relevance,9,mistral:7b,liberal,1.0,ingroup
relevance,9,mistral:7b,liberal,1.0,ingroup
relevance,9,mistral:7b,liberal,1.0,ingroup
relevance,9,mistral:7b,liberal,1.0,ingroup
relevance,9,mistral:7b,liberal,1.0,ingroup
relevance,9,mistral:7b,liberal,1.0,ingroup
relevance,9,mistral:7b,liberal,1.0,ingroup
relevance,9,mistral:7b,liberal,1.0,ingroup
relevance,9,mistral:7b,liberal,1.0,ingroup
relevance,9,mistral:7b,liberal,1.0,ingroup
relevance,9,mistral:7b,liberal,1.0,ingroup
relevance,9,mistral:7b,liberal,1.0,ingroup
relevance,9,mistral:7b,liberal,1.0,ingroup
relevance,9,mistral:7b,liberal,1.0,ingroup
relevance,9,mistral:7b,liberal,1.0,ingroup
relevance,9,mistral:7b,liberal,1.0,ingroup
relevance,9,mistral:7b,liberal,1.0,ingroup
relevance,9,mistral:7b,liberal,1.0,ingroup
relevance,9,mistral:7b,liberal,1.0,ingroup
relevance,9,mistral:7b,liberal,1.0,ingroup
relevance,9,mistral:7b,liberal,1.0,ingroup
relevance,9,mistral:7b,liberal,1.0,ingroup
relevance,9,mistral:7b,liberal,1.0,ingroup
relevance,9,mistral:7b,liberal,1.0,ingroup
relevance,9,mistral:7b,liberal,1.0,ingroup
relevance,9,mistral:7b,liberal,1.0,ingroup
relevance,9,mistral:7b,liberal,1.0,ingroup
relevance,9,mistral:7b,liberal,1.0,ingroup
relevance,9,mistral:7b,liberal,1.0,ingroup
relevance,9,mistral:7b,liberal,1.0,ingroup
relevance,9,mistral:7b,liberal,1.0,ingroup
relevance,9,mistral:7b,liberal,1.0,ingroup
relevance,9,mistral:7b,liberal,1.0,ingroup
relevance,9,mistral:7b,liberal,1.0,ingroup
relevance,9,mistral:7b,liberal,1.0,ingroup
relevance,9,mistral:7b,liberal,1.0,ingroup
relevance,9,mistral:7b,liberal,1.0,ingroup
relevance,9,mistral:7b,liberal,1.0,ingroup
relevance,9,mistral:7b,liberal,1.0,ingroup
relevance,9,mistral:7b,liberal,1.0,ingroup
relevance,9,mistral:7b,liberal,1.0,ingroup
relevance,9,mistral:7b,liberal,1.0,ingroup
relevance,9,mistral:7b,liberal,1.0,ingroup
relevance,9,mistral:7b,liberal,1.0,ingroup
relevance,9,mistral:7b,liberal,1.0,ingroup
relevance,9,mixtral:8x22b,conservative,4.0,ingroup
relevance,9,mixtral:8x22b,conservative,4.0,ingroup
relevance,9,mixtral:8x22b,conservative,4.0,ingroup
relevance,9,mixtral:8x22b,conservative,5.0,ingroup
relevance,9,mixtral:8x22b,conservative,4.0,ingroup
relevance,9,mixtral:8x22b,conservative,4.0,ingroup
relevance,9,mixtral:8x22b,conservative,4.0,ingroup
relevance,9,mixtral:8x22b,conservative,4.0,ingroup
relevance,9,mixtral:8x22b,conservative,4.0,ingroup
relevance,9,mixtral:8x22b,conservative,4.0,ingroup
relevance,9,mixtral:8x22b,conservative,4.0,ingroup
relevance,9,mixtral:8x22b,conservative,4.0,ingroup
relevance,9,mixtral:8x22b,conservative,4.0,ingroup
relevance,9,mixtral:8x22b,conservative,4.0,ingroup
relevance,9,mixtral:8x22b,conservative,4.0,ingroup
relevance,9,mixtral:8x22b,conservative,4.0,ingroup
relevance,9,mixtral:8x22b,conservative,4.0,ingroup
relevance,9,mixtral:8x22b,conservative,4.0,ingroup
relevance,9,mixtral:8x22b,conservative,4.0,ingroup
relevance,9,mixtral:8x22b,conservative,4.0,ingroup
relevance,9,mixtral:8x22b,conservative,4.0,ingroup
relevance,9,mixtral:8x22b,conservative,4.0,ingroup
relevance,9,mixtral:8x22b,conservative,5.0,ingroup
relevance,9,mixtral:8x22b,conservative,4.0,ingroup
relevance,9,mixtral:8x22b,conservative,4.0,ingroup
relevance,9,mixtral:8x22b,conservative,4.0,ingroup
relevance,9,mixtral:8x22b,conservative,4.0,ingroup
relevance,9,mixtral:8x22b,conservative,4.0,ingroup
relevance,9,mixtral:8x22b,conservative,4.0,ingroup
relevance,9,mixtral:8x22b,conservative,4.0,ingroup
relevance,9,mixtral:8x22b,conservative,4.0,ingroup
relevance,9,mixtral:8x22b,conservative,4.0,ingroup
relevance,9,mixtral:8x22b,conservative,4.0,ingroup
relevance,9,mixtral:8x22b,conservative,4.0,ingroup
relevance,9,mixtral:8x22b,conservative,4.0,ingroup
relevance,9,mixtral:8x22b,conservative,4.0,ingroup
relevance,9,mixtral:8x22b,conservative,4.0,ingroup
relevance,9,mixtral:8x22b,conservative,5.0,ingroup
relevance,9,mixtral:8x22b,conservative,4.0,ingroup
relevance,9,mixtral:8x22b,conservative,4.0,ingroup
relevance,9,mixtral:8x22b,conservative,4.0,ingroup
relevance,9,mixtral:8x22b,conservative,4.0,ingroup
relevance,9,mixtral:8x22b,conservative,4.0,ingroup
relevance,9,mixtral:8x22b,conservative,4.0,ingroup
relevance,9,mixtral:8x22b,conservative,4.0,ingroup
relevance,9,mixtral:8x22b,conservative,4.0,ingroup
relevance,9,mixtral:8x22b,conservative,4.0,ingroup
relevance,9,mixtral:8x22b,conservative,4.0,ingroup
relevance,9,mixtral:8x22b,conservative,5.0,ingroup
relevance,9,mixtral:8x22b,conservative,4.0,ingroup
relevance,9,mixtral:8x22b,moderate,4.0,ingroup
relevance,9,mixtral:8x22b,moderate,4.0,ingroup
relevance,9,mixtral:8x22b,moderate,4.0,ingroup
relevance,9,mixtral:8x22b,moderate,4.0,ingroup
relevance,9,mixtral:8x22b,moderate,4.0,ingroup
relevance,9,mixtral:8x22b,moderate,4.0,ingroup
relevance,9,mixtral:8x22b,moderate,4.0,ingroup
relevance,9,mixtral:8x22b,moderate,4.0,ingroup
relevance,9,mixtral:8x22b,moderate,4.0,ingroup
relevance,9,mixtral:8x22b,moderate,4.0,ingroup
relevance,9,mixtral:8x22b,moderate,4.0,ingroup
relevance,9,mixtral:8x22b,moderate,4.0,ingroup
relevance,9,mixtral:8x22b,moderate,4.0,ingroup
relevance,9,mixtral:8x22b,moderate,4.0,ingroup
relevance,9,mixtral:8x22b,moderate,4.0,ingroup
relevance,9,mixtral:8x22b,moderate,4.0,ingroup
relevance,9,mixtral:8x22b,moderate,4.0,ingroup
relevance,9,mixtral:8x22b,moderate,4.0,ingroup
relevance,9,mixtral:8x22b,moderate,4.0,ingroup
relevance,9,mixtral:8x22b,moderate,4.0,ingroup
relevance,9,mixtral:8x22b,moderate,4.0,ingroup
relevance,9,mixtral:8x22b,moderate,4.0,ingroup
relevance,9,mixtral:8x22b,moderate,4.0,ingroup
relevance,9,mixtral:8x22b,moderate,4.0,ingroup
relevance,9,mixtral:8x22b,moderate,4.0,ingroup
relevance,9,mixtral:8x22b,moderate,4.0,ingroup
relevance,9,mixtral:8x22b,moderate,4.0,ingroup
relevance,9,mixtral:8x22b,moderate,4.0,ingroup
relevance,9,mixtral:8x22b,moderate,4.0,ingroup
relevance,9,mixtral:8x22b,moderate,4.0,ingroup
relevance,9,mixtral:8x22b,moderate,4.0,ingroup
relevance,9,mixtral:8x22b,moderate,4.0,ingroup
relevance,9,mixtral:8x22b,moderate,4.0,ingroup
relevance,9,mixtral:8x22b,moderate,4.0,ingroup
relevance,9,mixtral:8x22b,moderate,4.0,ingroup
relevance,9,mixtral:8x22b,moderate,4.0,ingroup
relevance,9,mixtral:8x22b,moderate,4.0,ingroup
relevance,9,mixtral:8x22b,moderate,4.0,ingroup
relevance,9,mixtral:8x22b,moderate,4.0,ingroup
relevance,9,mixtral:8x22b,moderate,4.0,ingroup
relevance,9,mixtral:8x22b,moderate,4.0,ingroup
relevance,9,mixtral:8x22b,moderate,4.0,ingroup
relevance,9,mixtral:8x22b,moderate,4.0,ingroup
relevance,9,mixtral:8x22b,moderate,4.0,ingroup
relevance,9,mixtral:8x22b,moderate,4.0,ingroup
relevance,9,mixtral:8x22b,moderate,4.0,ingroup
relevance,9,mixtral:8x22b,moderate,4.0,ingroup
relevance,9,mixtral:8x22b,moderate,4.0,ingroup
relevance,9,mixtral:8x22b,moderate,4.0,ingroup
relevance,9,mixtral:8x22b,moderate,4.0,ingroup
relevance,9,mixtral:8x22b,liberal,4.0,ingroup
relevance,9,mixtral:8x22b,liberal,4.0,ingroup
relevance,9,mixtral:8x22b,liberal,4.0,ingroup
relevance,9,mixtral:8x22b,liberal,4.0,ingroup
relevance,9,mixtral:8x22b,liberal,4.0,ingroup
relevance,9,mixtral:8x22b,liberal,4.0,ingroup
relevance,9,mixtral:8x22b,liberal,4.0,ingroup
relevance,9,mixtral:8x22b,liberal,4.0,ingroup
relevance,9,mixtral:8x22b,liberal,4.0,ingroup
relevance,9,mixtral:8x22b,liberal,4.0,ingroup
relevance,9,mixtral:8x22b,liberal,4.0,ingroup
relevance,9,mixtral:8x22b,liberal,4.0,ingroup
relevance,9,mixtral:8x22b,liberal,4.0,ingroup
relevance,9,mixtral:8x22b,liberal,4.0,ingroup
relevance,9,mixtral:8x22b,liberal,4.0,ingroup
relevance,9,mixtral:8x22b,liberal,4.0,ingroup
relevance,9,mixtral:8x22b,liberal,4.0,ingroup
relevance,9,mixtral:8x22b,liberal,4.0,ingroup
relevance,9,mixtral:8x22b,liberal,4.0,ingroup
relevance,9,mixtral:8x22b,liberal,4.0,ingroup
relevance,9,mixtral:8x22b,liberal,4.0,ingroup
relevance,9,mixtral:8x22b,liberal,4.0,ingroup
relevance,9,mixtral:8x22b,liberal,4.0,ingroup
relevance,9,mixtral:8x22b,liberal,4.0,ingroup
relevance,9,mixtral:8x22b,liberal,4.0,ingroup
relevance,9,mixtral:8x22b,liberal,4.0,ingroup
relevance,9,mixtral:8x22b,liberal,4.0,ingroup
relevance,9,mixtral:8x22b,liberal,4.0,ingroup
relevance,9,mixtral:8x22b,liberal,4.0,ingroup
relevance,9,mixtral:8x22b,liberal,4.0,ingroup
relevance,9,mixtral:8x22b,liberal,4.0,ingroup
relevance,9,mixtral:8x22b,liberal,4.0,ingroup
relevance,9,mixtral:8x22b,liberal,4.0,ingroup
relevance,9,mixtral:8x22b,liberal,4.0,ingroup
relevance,9,mixtral:8x22b,liberal,4.0,ingroup
relevance,9,mixtral:8x22b,liberal,4.0,ingroup
relevance,9,mixtral:8x22b,liberal,4.0,ingroup
relevance,9,mixtral:8x22b,liberal,4.0,ingroup
relevance,9,mixtral:8x22b,liberal,4.0,ingroup
relevance,9,mixtral:8x22b,liberal,4.0,ingroup
relevance,9,mixtral:8x22b,liberal,4.0,ingroup
relevance,9,mixtral:8x22b,liberal,4.0,ingroup
relevance,9,mixtral:8x22b,liberal,4.0,ingroup
relevance,9,mixtral:8x22b,liberal,4.0,ingroup
relevance,9,mixtral:8x22b,liberal,4.0,ingroup
relevance,9,mixtral:8x22b,liberal,4.0,ingroup
relevance,9,mixtral:8x22b,liberal,4.0,ingroup
relevance,9,mixtral:8x22b,liberal,4.0,ingroup
relevance,9,mixtral:8x22b,liberal,4.0,ingroup
relevance,9,mixtral:8x22b,liberal,4.0,ingroup
relevance,9,mixtral:8x7b,conservative,3.0,ingroup
relevance,9,mixtral:8x7b,conservative,3.0,ingroup
relevance,9,mixtral:8x7b,conservative,3.0,ingroup
relevance,9,mixtral:8x7b,conservative,3.0,ingroup
relevance,9,mixtral:8x7b,conservative,3.0,ingroup
relevance,9,mixtral:8x7b,conservative,3.0,ingroup
relevance,9,mixtral:8x7b,conservative,3.0,ingroup
relevance,9,mixtral:8x7b,conservative,3.0,ingroup
relevance,9,mixtral:8x7b,conservative,3.0,ingroup
relevance,9,mixtral:8x7b,conservative,3.0,ingroup
relevance,9,mixtral:8x7b,conservative,3.0,ingroup
relevance,9,mixtral:8x7b,conservative,3.0,ingroup
relevance,9,mixtral:8x7b,conservative,3.0,ingroup
relevance,9,mixtral:8x7b,conservative,3.0,ingroup
relevance,9,mixtral:8x7b,conservative,3.0,ingroup
relevance,9,mixtral:8x7b,conservative,3.0,ingroup
relevance,9,mixtral:8x7b,conservative,3.0,ingroup
relevance,9,mixtral:8x7b,conservative,3.0,ingroup
relevance,9,mixtral:8x7b,conservative,3.0,ingroup
relevance,9,mixtral:8x7b,conservative,3.0,ingroup
relevance,9,mixtral:8x7b,conservative,3.0,ingroup
relevance,9,mixtral:8x7b,conservative,3.0,ingroup
relevance,9,mixtral:8x7b,conservative,3.0,ingroup
relevance,9,mixtral:8x7b,conservative,3.0,ingroup
relevance,9,mixtral:8x7b,conservative,3.0,ingroup
relevance,9,mixtral:8x7b,conservative,3.0,ingroup
relevance,9,mixtral:8x7b,conservative,3.0,ingroup
relevance,9,mixtral:8x7b,conservative,3.0,ingroup
relevance,9,mixtral:8x7b,conservative,3.0,ingroup
relevance,9,mixtral:8x7b,conservative,3.0,ingroup
relevance,9,mixtral:8x7b,conservative,3.0,ingroup
relevance,9,mixtral:8x7b,conservative,3.0,ingroup
relevance,9,mixtral:8x7b,conservative,3.0,ingroup
relevance,9,mixtral:8x7b,conservative,3.0,ingroup
relevance,9,mixtral:8x7b,conservative,3.0,ingroup
relevance,9,mixtral:8x7b,conservative,3.0,ingroup
relevance,9,mixtral:8x7b,conservative,3.0,ingroup
relevance,9,mixtral:8x7b,conservative,3.0,ingroup
relevance,9,mixtral:8x7b,conservative,3.0,ingroup
relevance,9,mixtral:8x7b,conservative,3.0,ingroup
relevance,9,mixtral:8x7b,conservative,3.0,ingroup
relevance,9,mixtral:8x7b,conservative,3.0,ingroup
relevance,9,mixtral:8x7b,conservative,3.0,ingroup
relevance,9,mixtral:8x7b,conservative,3.0,ingroup
relevance,9,mixtral:8x7b,conservative,3.0,ingroup
relevance,9,mixtral:8x7b,conservative,3.0,ingroup
relevance,9,mixtral:8x7b,conservative,3.0,ingroup
relevance,9,mixtral:8x7b,conservative,3.0,ingroup
relevance,9,mixtral:8x7b,conservative,3.0,ingroup
relevance,9,mixtral:8x7b,conservative,3.0,ingroup
relevance,9,mixtral:8x7b,moderate,3.0,ingroup
relevance,9,mixtral:8x7b,moderate,3.0,ingroup
relevance,9,mixtral:8x7b,moderate,3.0,ingroup
relevance,9,mixtral:8x7b,moderate,3.0,ingroup
relevance,9,mixtral:8x7b,moderate,3.0,ingroup
relevance,9,mixtral:8x7b,moderate,3.0,ingroup
relevance,9,mixtral:8x7b,moderate,3.0,ingroup
relevance,9,mixtral:8x7b,moderate,3.0,ingroup
relevance,9,mixtral:8x7b,moderate,3.0,ingroup
relevance,9,mixtral:8x7b,moderate,3.0,ingroup
relevance,9,mixtral:8x7b,moderate,3.0,ingroup
relevance,9,mixtral:8x7b,moderate,3.0,ingroup
relevance,9,mixtral:8x7b,moderate,3.0,ingroup
relevance,9,mixtral:8x7b,moderate,3.0,ingroup
relevance,9,mixtral:8x7b,moderate,3.0,ingroup
relevance,9,mixtral:8x7b,moderate,3.0,ingroup
relevance,9,mixtral:8x7b,moderate,3.0,ingroup
relevance,9,mixtral:8x7b,moderate,3.0,ingroup
relevance,9,mixtral:8x7b,moderate,3.0,ingroup
relevance,9,mixtral:8x7b,moderate,3.0,ingroup
relevance,9,mixtral:8x7b,moderate,3.0,ingroup
relevance,9,mixtral:8x7b,moderate,3.0,ingroup
relevance,9,mixtral:8x7b,moderate,3.0,ingroup
relevance,9,mixtral:8x7b,moderate,3.0,ingroup
relevance,9,mixtral:8x7b,moderate,3.0,ingroup
relevance,9,mixtral:8x7b,moderate,3.0,ingroup
relevance,9,mixtral:8x7b,moderate,3.0,ingroup
relevance,9,mixtral:8x7b,moderate,3.0,ingroup
relevance,9,mixtral:8x7b,moderate,3.0,ingroup
relevance,9,mixtral:8x7b,moderate,3.0,ingroup
relevance,9,mixtral:8x7b,moderate,3.0,ingroup
relevance,9,mixtral:8x7b,moderate,3.0,ingroup
relevance,9,mixtral:8x7b,moderate,3.0,ingroup
relevance,9,mixtral:8x7b,moderate,3.0,ingroup
relevance,9,mixtral:8x7b,moderate,3.0,ingroup
relevance,9,mixtral:8x7b,moderate,3.0,ingroup
relevance,9,mixtral:8x7b,moderate,3.0,ingroup
relevance,9,mixtral:8x7b,moderate,3.0,ingroup
relevance,9,mixtral:8x7b,moderate,3.0,ingroup
relevance,9,mixtral:8x7b,moderate,3.0,ingroup
relevance,9,mixtral:8x7b,moderate,3.0,ingroup
relevance,9,mixtral:8x7b,moderate,3.0,ingroup
relevance,9,mixtral:8x7b,moderate,3.0,ingroup
relevance,9,mixtral:8x7b,moderate,3.0,ingroup
relevance,9,mixtral:8x7b,moderate,3.0,ingroup
relevance,9,mixtral:8x7b,moderate,3.0,ingroup
relevance,9,mixtral:8x7b,moderate,3.0,ingroup
relevance,9,mixtral:8x7b,moderate,3.0,ingroup
relevance,9,mixtral:8x7b,moderate,3.0,ingroup
relevance,9,mixtral:8x7b,moderate,3.0,ingroup
relevance,9,mixtral:8x7b,liberal,3.0,ingroup
relevance,9,mixtral:8x7b,liberal,3.0,ingroup
relevance,9,mixtral:8x7b,liberal,3.0,ingroup
relevance,9,mixtral:8x7b,liberal,3.0,ingroup
relevance,9,mixtral:8x7b,liberal,3.0,ingroup
relevance,9,mixtral:8x7b,liberal,3.0,ingroup
relevance,9,mixtral:8x7b,liberal,3.0,ingroup
relevance,9,mixtral:8x7b,liberal,3.0,ingroup
relevance,9,mixtral:8x7b,liberal,3.0,ingroup
relevance,9,mixtral:8x7b,liberal,3.0,ingroup
relevance,9,mixtral:8x7b,liberal,3.0,ingroup
relevance,9,mixtral:8x7b,liberal,3.0,ingroup
relevance,9,mixtral:8x7b,liberal,3.0,ingroup
relevance,9,mixtral:8x7b,liberal,3.0,ingroup
relevance,9,mixtral:8x7b,liberal,3.0,ingroup
relevance,9,mixtral:8x7b,liberal,3.0,ingroup
relevance,9,mixtral:8x7b,liberal,3.0,ingroup
relevance,9,mixtral:8x7b,liberal,3.0,ingroup
relevance,9,mixtral:8x7b,liberal,3.0,ingroup
relevance,9,mixtral:8x7b,liberal,3.0,ingroup
relevance,9,mixtral:8x7b,liberal,3.0,ingroup
relevance,9,mixtral:8x7b,liberal,3.0,ingroup
relevance,9,mixtral:8x7b,liberal,3.0,ingroup
relevance,9,mixtral:8x7b,liberal,3.0,ingroup
relevance,9,mixtral:8x7b,liberal,3.0,ingroup
relevance,9,mixtral:8x7b,liberal,3.0,ingroup
relevance,9,mixtral:8x7b,liberal,3.0,ingroup
relevance,9,mixtral:8x7b,liberal,3.0,ingroup
relevance,9,mixtral:8x7b,liberal,3.0,ingroup
relevance,9,mixtral:8x7b,liberal,3.0,ingroup
relevance,9,mixtral:8x7b,liberal,3.0,ingroup
relevance,9,mixtral:8x7b,liberal,3.0,ingroup
relevance,9,mixtral:8x7b,liberal,3.0,ingroup
relevance,9,mixtral:8x7b,liberal,3.0,ingroup
relevance,9,mixtral:8x7b,liberal,3.0,ingroup
relevance,9,mixtral:8x7b,liberal,3.0,ingroup
relevance,9,mixtral:8x7b,liberal,3.0,ingroup
relevance,9,mixtral:8x7b,liberal,3.0,ingroup
relevance,9,mixtral:8x7b,liberal,3.0,ingroup
relevance,9,mixtral:8x7b,liberal,3.0,ingroup
relevance,9,mixtral:8x7b,liberal,3.0,ingroup
relevance,9,mixtral:8x7b,liberal,3.0,ingroup
relevance,9,mixtral:8x7b,liberal,3.0,ingroup
relevance,9,mixtral:8x7b,liberal,3.0,ingroup
relevance,9,mixtral:8x7b,liberal,3.0,ingroup
relevance,9,mixtral:8x7b,liberal,3.0,ingroup
relevance,9,mixtral:8x7b,liberal,3.0,ingroup
relevance,9,mixtral:8x7b,liberal,3.0,ingroup
relevance,9,mixtral:8x7b,liberal,3.0,ingroup
relevance,9,mixtral:8x7b,liberal,3.0,ingroup
relevance,9,phi3:14b,conservative,4.0,ingroup
relevance,9,phi3:14b,conservative,4.0,ingroup
relevance,9,phi3:14b,conservative,4.0,ingroup
relevance,9,phi3:14b,conservative,4.0,ingroup
relevance,9,phi3:14b,conservative,4.0,ingroup
relevance,9,phi3:14b,conservative,4.0,ingroup
relevance,9,phi3:14b,conservative,4.0,ingroup
relevance,9,phi3:14b,conservative,5.0,ingroup
relevance,9,phi3:14b,conservative,4.0,ingroup
relevance,9,phi3:14b,conservative,4.0,ingroup
relevance,9,phi3:14b,conservative,4.0,ingroup
relevance,9,phi3:14b,conservative,4.0,ingroup
relevance,9,phi3:14b,conservative,5.0,ingroup
relevance,9,phi3:14b,conservative,4.0,ingroup
relevance,9,phi3:14b,conservative,4.0,ingroup
relevance,9,phi3:14b,conservative,4.0,ingroup
relevance,9,phi3:14b,conservative,4.0,ingroup
relevance,9,phi3:14b,conservative,4.0,ingroup
relevance,9,phi3:14b,conservative,5.0,ingroup
relevance,9,phi3:14b,conservative,4.0,ingroup
relevance,9,phi3:14b,conservative,5.0,ingroup
relevance,9,phi3:14b,conservative,4.0,ingroup
relevance,9,phi3:14b,conservative,5.0,ingroup
relevance,9,phi3:14b,conservative,4.0,ingroup
relevance,9,phi3:14b,conservative,4.0,ingroup
relevance,9,phi3:14b,conservative,5.0,ingroup
relevance,9,phi3:14b,conservative,4.0,ingroup
relevance,9,phi3:14b,conservative,4.0,ingroup
relevance,9,phi3:14b,conservative,4.0,ingroup
relevance,9,phi3:14b,conservative,4.0,ingroup
relevance,9,phi3:14b,conservative,5.0,ingroup
relevance,9,phi3:14b,conservative,4.0,ingroup
relevance,9,phi3:14b,conservative,4.0,ingroup
relevance,9,phi3:14b,conservative,4.0,ingroup
relevance,9,phi3:14b,conservative,5.0,ingroup
relevance,9,phi3:14b,conservative,5.0,ingroup
relevance,9,phi3:14b,conservative,5.0,ingroup
relevance,9,phi3:14b,conservative,5.0,ingroup
relevance,9,phi3:14b,conservative,5.0,ingroup
relevance,9,phi3:14b,conservative,4.0,ingroup
relevance,9,phi3:14b,conservative,4.0,ingroup
relevance,9,phi3:14b,conservative,5.0,ingroup
relevance,9,phi3:14b,conservative,4.0,ingroup
relevance,9,phi3:14b,conservative,4.0,ingroup
relevance,9,phi3:14b,conservative,4.0,ingroup
relevance,9,phi3:14b,conservative,4.0,ingroup
relevance,9,phi3:14b,conservative,4.0,ingroup
relevance,9,phi3:14b,conservative,4.0,ingroup
relevance,9,phi3:14b,conservative,4.0,ingroup
relevance,9,phi3:14b,conservative,4.0,ingroup
relevance,9,phi3:14b,moderate,4.0,ingroup
relevance,9,phi3:14b,moderate,4.0,ingroup
relevance,9,phi3:14b,moderate,5.0,ingroup
relevance,9,phi3:14b,moderate,4.0,ingroup
relevance,9,phi3:14b,moderate,4.0,ingroup
relevance,9,phi3:14b,moderate,4.0,ingroup
relevance,9,phi3:14b,moderate,4.0,ingroup
relevance,9,phi3:14b,moderate,4.0,ingroup
relevance,9,phi3:14b,moderate,4.0,ingroup
relevance,9,phi3:14b,moderate,5.0,ingroup
relevance,9,phi3:14b,moderate,4.0,ingroup
relevance,9,phi3:14b,moderate,4.0,ingroup
relevance,9,phi3:14b,moderate,4.0,ingroup
relevance,9,phi3:14b,moderate,4.0,ingroup
relevance,9,phi3:14b,moderate,4.0,ingroup
relevance,9,phi3:14b,moderate,4.0,ingroup
relevance,9,phi3:14b,moderate,4.0,ingroup
relevance,9,phi3:14b,moderate,5.0,ingroup
relevance,9,phi3:14b,moderate,4.0,ingroup
relevance,9,phi3:14b,moderate,4.0,ingroup
relevance,9,phi3:14b,moderate,4.0,ingroup
relevance,9,phi3:14b,moderate,5.0,ingroup
relevance,9,phi3:14b,moderate,4.0,ingroup
relevance,9,phi3:14b,moderate,4.0,ingroup
relevance,9,phi3:14b,moderate,4.0,ingroup
relevance,9,phi3:14b,moderate,4.0,ingroup
relevance,9,phi3:14b,moderate,4.0,ingroup
relevance,9,phi3:14b,moderate,5.0,ingroup
relevance,9,phi3:14b,moderate,4.0,ingroup
relevance,9,phi3:14b,moderate,4.0,ingroup
relevance,9,phi3:14b,moderate,5.0,ingroup
relevance,9,phi3:14b,moderate,4.0,ingroup
relevance,9,phi3:14b,moderate,5.0,ingroup
relevance,9,phi3:14b,moderate,4.0,ingroup
relevance,9,phi3:14b,moderate,5.0,ingroup
relevance,9,phi3:14b,moderate,4.0,ingroup
relevance,9,phi3:14b,moderate,5.0,ingroup
relevance,9,phi3:14b,moderate,4.0,ingroup
relevance,9,phi3:14b,moderate,5.0,ingroup
relevance,9,phi3:14b,moderate,4.0,ingroup
relevance,9,phi3:14b,moderate,4.0,ingroup
relevance,9,phi3:14b,moderate,5.0,ingroup
relevance,9,phi3:14b,moderate,4.0,ingroup
relevance,9,phi3:14b,moderate,4.0,ingroup
relevance,9,phi3:14b,moderate,4.0,ingroup
relevance,9,phi3:14b,moderate,4.0,ingroup
relevance,9,phi3:14b,moderate,5.0,ingroup
relevance,9,phi3:14b,moderate,4.0,ingroup
relevance,9,phi3:14b,moderate,4.0,ingroup
relevance,9,phi3:14b,moderate,4.0,ingroup
relevance,9,phi3:14b,liberal,4.0,ingroup
relevance,9,phi3:14b,liberal,4.0,ingroup
relevance,9,phi3:14b,liberal,5.0,ingroup
relevance,9,phi3:14b,liberal,4.0,ingroup
relevance,9,phi3:14b,liberal,4.0,ingroup
relevance,9,phi3:14b,liberal,5.0,ingroup
relevance,9,phi3:14b,liberal,5.0,ingroup
relevance,9,phi3:14b,liberal,4.0,ingroup
relevance,9,phi3:14b,liberal,4.0,ingroup
relevance,9,phi3:14b,liberal,5.0,ingroup
relevance,9,phi3:14b,liberal,4.0,ingroup
relevance,9,phi3:14b,liberal,5.0,ingroup
relevance,9,phi3:14b,liberal,4.0,ingroup
relevance,9,phi3:14b,liberal,4.0,ingroup
relevance,9,phi3:14b,liberal,5.0,ingroup
relevance,9,phi3:14b,liberal,5.0,ingroup
relevance,9,phi3:14b,liberal,4.0,ingroup
relevance,9,phi3:14b,liberal,4.0,ingroup
relevance,9,phi3:14b,liberal,4.0,ingroup
relevance,9,phi3:14b,liberal,5.0,ingroup
relevance,9,phi3:14b,liberal,4.0,ingroup
relevance,9,phi3:14b,liberal,4.0,ingroup
relevance,9,phi3:14b,liberal,4.0,ingroup
relevance,9,phi3:14b,liberal,5.0,ingroup
relevance,9,phi3:14b,liberal,5.0,ingroup
relevance,9,phi3:14b,liberal,4.0,ingroup
relevance,9,phi3:14b,liberal,4.0,ingroup
relevance,9,phi3:14b,liberal,4.0,ingroup
relevance,9,phi3:14b,liberal,5.0,ingroup
relevance,9,phi3:14b,liberal,4.0,ingroup
relevance,9,phi3:14b,liberal,5.0,ingroup
relevance,9,phi3:14b,liberal,4.0,ingroup
relevance,9,phi3:14b,liberal,4.0,ingroup
relevance,9,phi3:14b,liberal,4.0,ingroup
relevance,9,phi3:14b,liberal,4.0,ingroup
relevance,9,phi3:14b,liberal,5.0,ingroup
relevance,9,phi3:14b,liberal,4.0,ingroup
relevance,9,phi3:14b,liberal,4.0,ingroup
relevance,9,phi3:14b,liberal,4.0,ingroup
relevance,9,phi3:14b,liberal,4.0,ingroup
relevance,9,phi3:14b,liberal,5.0,ingroup
relevance,9,phi3:14b,liberal,4.0,ingroup
relevance,9,phi3:14b,liberal,4.0,ingroup
relevance,9,phi3:14b,liberal,4.0,ingroup
relevance,9,phi3:14b,liberal,4.0,ingroup
relevance,9,phi3:14b,liberal,4.0,ingroup
relevance,9,phi3:14b,liberal,4.0,ingroup
relevance,9,phi3:14b,liberal,4.0,ingroup
relevance,9,phi3:14b,liberal,4.0,ingroup
relevance,9,phi3:14b,liberal,5.0,ingroup
relevance,9,gemma:7b,conservative,3.0,ingroup
relevance,9,gemma:7b,conservative,4.0,ingroup
relevance,9,gemma:7b,conservative,4.0,ingroup
relevance,9,gemma:7b,conservative,4.0,ingroup
relevance,9,gemma:7b,conservative,4.0,ingroup
relevance,9,gemma:7b,conservative,3.0,ingroup
relevance,9,gemma:7b,conservative,3.0,ingroup
relevance,9,gemma:7b,conservative,3.0,ingroup
relevance,9,gemma:7b,conservative,4.0,ingroup
relevance,9,gemma:7b,conservative,4.0,ingroup
relevance,9,gemma:7b,conservative,3.0,ingroup
relevance,9,gemma:7b,conservative,4.0,ingroup
relevance,9,gemma:7b,conservative,4.0,ingroup
relevance,9,gemma:7b,conservative,4.0,ingroup
relevance,9,gemma:7b,conservative,4.0,ingroup
relevance,9,gemma:7b,conservative,3.0,ingroup
relevance,9,gemma:7b,conservative,4.0,ingroup
relevance,9,gemma:7b,conservative,3.0,ingroup
relevance,9,gemma:7b,conservative,4.0,ingroup
relevance,9,gemma:7b,conservative,4.0,ingroup
relevance,9,gemma:7b,conservative,4.0,ingroup
relevance,9,gemma:7b,conservative,3.0,ingroup
relevance,9,gemma:7b,conservative,4.0,ingroup
relevance,9,gemma:7b,conservative,4.0,ingroup
relevance,9,gemma:7b,conservative,3.0,ingroup
relevance,9,gemma:7b,conservative,4.0,ingroup
relevance,9,gemma:7b,conservative,4.0,ingroup
relevance,9,gemma:7b,conservative,3.0,ingroup
relevance,9,gemma:7b,conservative,3.0,ingroup
relevance,9,gemma:7b,conservative,4.0,ingroup
relevance,9,gemma:7b,conservative,3.0,ingroup
relevance,9,gemma:7b,conservative,4.0,ingroup
relevance,9,gemma:7b,conservative,3.0,ingroup
relevance,9,gemma:7b,conservative,4.0,ingroup
relevance,9,gemma:7b,conservative,3.0,ingroup
relevance,9,gemma:7b,conservative,3.0,ingroup
relevance,9,gemma:7b,conservative,3.0,ingroup
relevance,9,gemma:7b,conservative,3.0,ingroup
relevance,9,gemma:7b,conservative,4.0,ingroup
relevance,9,gemma:7b,conservative,3.0,ingroup
relevance,9,gemma:7b,conservative,4.0,ingroup
relevance,9,gemma:7b,conservative,4.0,ingroup
relevance,9,gemma:7b,conservative,4.0,ingroup
relevance,9,gemma:7b,conservative,4.0,ingroup
relevance,9,gemma:7b,conservative,4.0,ingroup
relevance,9,gemma:7b,conservative,4.0,ingroup
relevance,9,gemma:7b,conservative,3.0,ingroup
relevance,9,gemma:7b,conservative,4.0,ingroup
relevance,9,gemma:7b,conservative,4.0,ingroup
relevance,9,gemma:7b,moderate,3.0,ingroup
relevance,9,gemma:7b,moderate,3.0,ingroup
relevance,9,gemma:7b,moderate,4.0,ingroup
relevance,9,gemma:7b,moderate,3.0,ingroup
relevance,9,gemma:7b,moderate,3.0,ingroup
relevance,9,gemma:7b,moderate,3.0,ingroup
relevance,9,gemma:7b,moderate,3.0,ingroup
relevance,9,gemma:7b,moderate,3.0,ingroup
relevance,9,gemma:7b,moderate,3.0,ingroup
relevance,9,gemma:7b,moderate,3.0,ingroup
relevance,9,gemma:7b,moderate,3.0,ingroup
relevance,9,gemma:7b,moderate,3.0,ingroup
relevance,9,gemma:7b,moderate,3.0,ingroup
relevance,9,gemma:7b,moderate,3.0,ingroup
relevance,9,gemma:7b,moderate,3.0,ingroup
relevance,9,gemma:7b,moderate,3.0,ingroup
relevance,9,gemma:7b,moderate,3.0,ingroup
relevance,9,gemma:7b,moderate,3.0,ingroup
relevance,9,gemma:7b,moderate,3.0,ingroup
relevance,9,gemma:7b,moderate,3.0,ingroup
relevance,9,gemma:7b,moderate,3.0,ingroup
relevance,9,gemma:7b,moderate,3.0,ingroup
relevance,9,gemma:7b,moderate,3.0,ingroup
relevance,9,gemma:7b,moderate,3.0,ingroup
relevance,9,gemma:7b,moderate,3.0,ingroup
relevance,9,gemma:7b,moderate,3.0,ingroup
relevance,9,gemma:7b,moderate,3.0,ingroup
relevance,9,gemma:7b,moderate,3.0,ingroup
relevance,9,gemma:7b,moderate,3.0,ingroup
relevance,9,gemma:7b,moderate,3.0,ingroup
relevance,9,gemma:7b,moderate,3.0,ingroup
relevance,9,gemma:7b,moderate,3.0,ingroup
relevance,9,gemma:7b,moderate,3.0,ingroup
relevance,9,gemma:7b,moderate,3.0,ingroup
relevance,9,gemma:7b,moderate,3.0,ingroup
relevance,9,gemma:7b,moderate,3.0,ingroup
relevance,9,gemma:7b,moderate,3.0,ingroup
relevance,9,gemma:7b,moderate,4.0,ingroup
relevance,9,gemma:7b,moderate,3.0,ingroup
relevance,9,gemma:7b,moderate,3.0,ingroup
relevance,9,gemma:7b,moderate,3.0,ingroup
relevance,9,gemma:7b,moderate,3.0,ingroup
relevance,9,gemma:7b,moderate,3.0,ingroup
relevance,9,gemma:7b,moderate,3.0,ingroup
relevance,9,gemma:7b,moderate,3.0,ingroup
relevance,9,gemma:7b,moderate,3.0,ingroup
relevance,9,gemma:7b,moderate,4.0,ingroup
relevance,9,gemma:7b,moderate,3.0,ingroup
relevance,9,gemma:7b,liberal,3.0,ingroup
relevance,9,gemma:7b,liberal,4.0,ingroup
relevance,9,gemma:7b,liberal,4.0,ingroup
relevance,9,gemma:7b,liberal,4.0,ingroup
relevance,9,gemma:7b,liberal,4.0,ingroup
relevance,9,gemma:7b,liberal,4.0,ingroup
relevance,9,gemma:7b,liberal,4.0,ingroup
relevance,9,gemma:7b,liberal,4.0,ingroup
relevance,9,gemma:7b,liberal,3.0,ingroup
relevance,9,gemma:7b,liberal,3.0,ingroup
relevance,9,gemma:7b,liberal,4.0,ingroup
relevance,9,gemma:7b,liberal,4.0,ingroup
relevance,9,gemma:7b,liberal,4.0,ingroup
relevance,9,gemma:7b,liberal,4.0,ingroup
relevance,9,gemma:7b,liberal,4.0,ingroup
relevance,9,gemma:7b,liberal,4.0,ingroup
relevance,9,gemma:7b,liberal,4.0,ingroup
relevance,9,gemma:7b,liberal,3.0,ingroup
relevance,9,gemma:7b,liberal,4.0,ingroup
relevance,9,gemma:7b,liberal,4.0,ingroup
relevance,9,gemma:7b,liberal,3.0,ingroup
relevance,9,gemma:7b,liberal,3.0,ingroup
relevance,9,gemma:7b,liberal,4.0,ingroup
relevance,9,gemma:7b,liberal,3.0,ingroup
relevance,9,gemma:7b,liberal,3.0,ingroup
relevance,9,gemma:7b,liberal,3.0,ingroup
relevance,9,gemma:7b,liberal,4.0,ingroup
relevance,9,gemma:7b,liberal,4.0,ingroup
relevance,9,gemma:7b,liberal,4.0,ingroup
relevance,9,gemma:7b,liberal,3.0,ingroup
relevance,9,gemma:7b,liberal,4.0,ingroup
relevance,9,gemma:7b,liberal,4.0,ingroup
relevance,9,gemma:7b,liberal,4.0,ingroup
relevance,9,gemma:7b,liberal,4.0,ingroup
relevance,9,gemma:7b,liberal,4.0,ingroup
relevance,9,gemma:7b,liberal,4.0,ingroup
relevance,9,gemma:7b,liberal,4.0,ingroup
relevance,9,gemma:7b,liberal,4.0,ingroup
relevance,9,gemma:7b,liberal,4.0,ingroup
relevance,9,gemma:7b,liberal,3.0,ingroup
relevance,9,gemma:7b,liberal,3.0,ingroup
relevance,9,gemma:7b,liberal,4.0,ingroup
relevance,9,gemma:7b,liberal,4.0,ingroup
relevance,9,gemma:7b,liberal,4.0,ingroup
relevance,9,gemma:7b,liberal,4.0,ingroup
relevance,9,gemma2:27b,conservative,4.0,ingroup
relevance,9,gemma2:27b,conservative,4.0,ingroup
relevance,9,gemma2:27b,conservative,4.0,ingroup
relevance,9,gemma2:27b,conservative,4.0,ingroup
relevance,9,gemma2:27b,conservative,4.0,ingroup
relevance,9,gemma2:27b,conservative,4.0,ingroup
relevance,9,gemma2:27b,conservative,4.0,ingroup
relevance,9,gemma2:27b,conservative,4.0,ingroup
relevance,9,gemma2:27b,conservative,4.0,ingroup
relevance,9,gemma2:27b,conservative,4.0,ingroup
relevance,9,gemma2:27b,conservative,4.0,ingroup
relevance,9,gemma2:27b,conservative,4.0,ingroup
relevance,9,gemma2:27b,conservative,4.0,ingroup
relevance,9,gemma2:27b,conservative,4.0,ingroup
relevance,9,gemma2:27b,conservative,4.0,ingroup
relevance,9,gemma2:27b,conservative,4.0,ingroup
relevance,9,gemma2:27b,conservative,4.0,ingroup
relevance,9,gemma2:27b,conservative,4.0,ingroup
relevance,9,gemma2:27b,conservative,4.0,ingroup
relevance,9,gemma2:27b,conservative,4.0,ingroup
relevance,9,gemma2:27b,conservative,4.0,ingroup
relevance,9,gemma2:27b,conservative,4.0,ingroup
relevance,9,gemma2:27b,conservative,4.0,ingroup
relevance,9,gemma2:27b,conservative,4.0,ingroup
relevance,9,gemma2:27b,conservative,4.0,ingroup
relevance,9,gemma2:27b,conservative,4.0,ingroup
relevance,9,gemma2:27b,conservative,4.0,ingroup
relevance,9,gemma2:27b,conservative,4.0,ingroup
relevance,9,gemma2:27b,conservative,4.0,ingroup
relevance,9,gemma2:27b,conservative,4.0,ingroup
relevance,9,gemma2:27b,conservative,4.0,ingroup
relevance,9,gemma2:27b,conservative,4.0,ingroup
relevance,9,gemma2:27b,conservative,4.0,ingroup
relevance,9,gemma2:27b,conservative,4.0,ingroup
relevance,9,gemma2:27b,conservative,4.0,ingroup
relevance,9,gemma2:27b,conservative,4.0,ingroup
relevance,9,gemma2:27b,conservative,4.0,ingroup
relevance,9,gemma2:27b,conservative,4.0,ingroup
relevance,9,gemma2:27b,conservative,4.0,ingroup
relevance,9,gemma2:27b,conservative,4.0,ingroup
relevance,9,gemma2:27b,conservative,4.0,ingroup
relevance,9,gemma2:27b,conservative,4.0,ingroup
relevance,9,gemma2:27b,conservative,4.0,ingroup
relevance,9,gemma2:27b,conservative,4.0,ingroup
relevance,9,gemma2:27b,conservative,4.0,ingroup
relevance,9,gemma2:27b,conservative,4.0,ingroup
relevance,9,gemma2:27b,conservative,4.0,ingroup
relevance,9,gemma2:27b,conservative,4.0,ingroup
relevance,9,gemma2:27b,conservative,4.0,ingroup
relevance,9,gemma2:27b,conservative,4.0,ingroup
relevance,9,gemma2:27b,moderate,4.0,ingroup
relevance,9,gemma2:27b,moderate,4.0,ingroup
relevance,9,gemma2:27b,moderate,4.0,ingroup
relevance,9,gemma2:27b,moderate,4.0,ingroup
relevance,9,gemma2:27b,moderate,4.0,ingroup
relevance,9,gemma2:27b,moderate,4.0,ingroup
relevance,9,gemma2:27b,moderate,4.0,ingroup
relevance,9,gemma2:27b,moderate,4.0,ingroup
relevance,9,gemma2:27b,moderate,4.0,ingroup
relevance,9,gemma2:27b,moderate,4.0,ingroup
relevance,9,gemma2:27b,moderate,4.0,ingroup
relevance,9,gemma2:27b,moderate,4.0,ingroup
relevance,9,gemma2:27b,moderate,4.0,ingroup
relevance,9,gemma2:27b,moderate,4.0,ingroup
relevance,9,gemma2:27b,moderate,4.0,ingroup
relevance,9,gemma2:27b,moderate,4.0,ingroup
relevance,9,gemma2:27b,moderate,4.0,ingroup
relevance,9,gemma2:27b,moderate,4.0,ingroup
relevance,9,gemma2:27b,moderate,4.0,ingroup
relevance,9,gemma2:27b,moderate,4.0,ingroup
relevance,9,gemma2:27b,moderate,4.0,ingroup
relevance,9,gemma2:27b,moderate,4.0,ingroup
relevance,9,gemma2:27b,moderate,4.0,ingroup
relevance,9,gemma2:27b,moderate,4.0,ingroup
relevance,9,gemma2:27b,moderate,4.0,ingroup
relevance,9,gemma2:27b,moderate,4.0,ingroup
relevance,9,gemma2:27b,moderate,4.0,ingroup
relevance,9,gemma2:27b,moderate,4.0,ingroup
relevance,9,gemma2:27b,moderate,4.0,ingroup
relevance,9,gemma2:27b,moderate,4.0,ingroup
relevance,9,gemma2:27b,moderate,4.0,ingroup
relevance,9,gemma2:27b,moderate,4.0,ingroup
relevance,9,gemma2:27b,moderate,4.0,ingroup
relevance,9,gemma2:27b,moderate,4.0,ingroup
relevance,9,gemma2:27b,moderate,4.0,ingroup
relevance,9,gemma2:27b,moderate,4.0,ingroup
relevance,9,gemma2:27b,moderate,4.0,ingroup
relevance,9,gemma2:27b,moderate,4.0,ingroup
relevance,9,gemma2:27b,moderate,4.0,ingroup
relevance,9,gemma2:27b,moderate,4.0,ingroup
relevance,9,gemma2:27b,moderate,4.0,ingroup
relevance,9,gemma2:27b,moderate,4.0,ingroup
relevance,9,gemma2:27b,moderate,4.0,ingroup
relevance,9,gemma2:27b,moderate,4.0,ingroup
relevance,9,gemma2:27b,moderate,4.0,ingroup
relevance,9,gemma2:27b,moderate,4.0,ingroup
relevance,9,gemma2:27b,moderate,4.0,ingroup
relevance,9,gemma2:27b,moderate,4.0,ingroup
relevance,9,gemma2:27b,moderate,4.0,ingroup
relevance,9,gemma2:27b,moderate,4.0,ingroup
relevance,9,gemma2:27b,liberal,4.0,ingroup
relevance,9,gemma2:27b,liberal,4.0,ingroup
relevance,9,gemma2:27b,liberal,4.0,ingroup
relevance,9,gemma2:27b,liberal,4.0,ingroup
relevance,9,gemma2:27b,liberal,4.0,ingroup
relevance,9,gemma2:27b,liberal,4.0,ingroup
relevance,9,gemma2:27b,liberal,4.0,ingroup
relevance,9,gemma2:27b,liberal,4.0,ingroup
relevance,9,gemma2:27b,liberal,4.0,ingroup
relevance,9,gemma2:27b,liberal,4.0,ingroup
relevance,9,gemma2:27b,liberal,3.0,ingroup
relevance,9,gemma2:27b,liberal,4.0,ingroup
relevance,9,gemma2:27b,liberal,3.0,ingroup
relevance,9,gemma2:27b,liberal,4.0,ingroup
relevance,9,gemma2:27b,liberal,4.0,ingroup
relevance,9,gemma2:27b,liberal,4.0,ingroup
relevance,9,gemma2:27b,liberal,3.0,ingroup
relevance,9,gemma2:27b,liberal,4.0,ingroup
relevance,9,gemma2:27b,liberal,4.0,ingroup
relevance,9,gemma2:27b,liberal,4.0,ingroup
relevance,9,gemma2:27b,liberal,4.0,ingroup
relevance,9,gemma2:27b,liberal,4.0,ingroup
relevance,9,gemma2:27b,liberal,4.0,ingroup
relevance,9,gemma2:27b,liberal,4.0,ingroup
relevance,9,gemma2:27b,liberal,4.0,ingroup
relevance,9,gemma2:27b,liberal,4.0,ingroup
relevance,9,gemma2:27b,liberal,4.0,ingroup
relevance,9,gemma2:27b,liberal,4.0,ingroup
relevance,9,gemma2:27b,liberal,4.0,ingroup
relevance,9,gemma2:27b,liberal,3.0,ingroup
relevance,9,gemma2:27b,liberal,4.0,ingroup
relevance,9,gemma2:27b,liberal,4.0,ingroup
relevance,9,gemma2:27b,liberal,4.0,ingroup
relevance,9,gemma2:27b,liberal,4.0,ingroup
relevance,9,gemma2:27b,liberal,4.0,ingroup
relevance,9,gemma2:27b,liberal,3.0,ingroup
relevance,9,gemma2:27b,liberal,4.0,ingroup
relevance,9,gemma2:27b,liberal,4.0,ingroup
relevance,9,gemma2:27b,liberal,4.0,ingroup
relevance,9,gemma2:27b,liberal,3.0,ingroup
relevance,9,gemma2:27b,liberal,3.0,ingroup
relevance,9,gemma2:27b,liberal,4.0,ingroup
relevance,9,gemma2:27b,liberal,4.0,ingroup
relevance,9,gemma2:27b,liberal,3.0,ingroup
relevance,9,gemma2:27b,liberal,3.0,ingroup
relevance,9,gemma2:27b,liberal,4.0,ingroup
relevance,9,gemma2:27b,liberal,4.0,ingroup
relevance,9,gemma2:27b,liberal,3.0,ingroup
relevance,9,gemma2:27b,liberal,4.0,ingroup
relevance,9,gemma2:27b,liberal,4.0,ingroup
relevance,9,qwen:72b,conservative,4.0,ingroup
relevance,9,qwen:72b,conservative,5.0,ingroup
relevance,9,qwen:72b,conservative,4.0,ingroup
relevance,9,qwen:72b,conservative,4.0,ingroup
relevance,9,qwen:72b,conservative,4.0,ingroup
relevance,9,qwen:72b,conservative,4.0,ingroup
relevance,9,qwen:72b,conservative,4.0,ingroup
relevance,9,qwen:72b,conservative,4.0,ingroup
relevance,9,qwen:72b,conservative,5.0,ingroup
relevance,9,qwen:72b,conservative,4.0,ingroup
relevance,9,qwen:72b,conservative,4.0,ingroup
relevance,9,qwen:72b,conservative,5.0,ingroup
relevance,9,qwen:72b,conservative,4.0,ingroup
relevance,9,qwen:72b,conservative,4.0,ingroup
relevance,9,qwen:72b,conservative,5.0,ingroup
relevance,9,qwen:72b,conservative,4.0,ingroup
relevance,9,qwen:72b,conservative,4.0,ingroup
relevance,9,qwen:72b,conservative,4.0,ingroup
relevance,9,qwen:72b,conservative,4.0,ingroup
relevance,9,qwen:72b,conservative,4.0,ingroup
relevance,9,qwen:72b,conservative,4.0,ingroup
relevance,9,qwen:72b,conservative,4.0,ingroup
relevance,9,qwen:72b,conservative,5.0,ingroup
relevance,9,qwen:72b,conservative,4.0,ingroup
relevance,9,qwen:72b,conservative,4.0,ingroup
relevance,9,qwen:72b,conservative,4.0,ingroup
relevance,9,qwen:72b,conservative,4.0,ingroup
relevance,9,qwen:72b,conservative,4.0,ingroup
relevance,9,qwen:72b,conservative,4.0,ingroup
relevance,9,qwen:72b,conservative,4.0,ingroup
relevance,9,qwen:72b,conservative,4.0,ingroup
relevance,9,qwen:72b,conservative,4.0,ingroup
relevance,9,qwen:72b,conservative,4.0,ingroup
relevance,9,qwen:72b,conservative,4.0,ingroup
relevance,9,qwen:72b,conservative,5.0,ingroup
relevance,9,qwen:72b,conservative,4.0,ingroup
relevance,9,qwen:72b,conservative,4.0,ingroup
relevance,9,qwen:72b,conservative,4.0,ingroup
relevance,9,qwen:72b,conservative,4.0,ingroup
relevance,9,qwen:72b,conservative,4.0,ingroup
relevance,9,qwen:72b,conservative,5.0,ingroup
relevance,9,qwen:72b,conservative,4.0,ingroup
relevance,9,qwen:72b,conservative,4.0,ingroup
relevance,9,qwen:72b,conservative,4.0,ingroup
relevance,9,qwen:72b,conservative,4.0,ingroup
relevance,9,qwen:72b,conservative,4.0,ingroup
relevance,9,qwen:72b,conservative,4.0,ingroup
relevance,9,qwen:72b,conservative,4.0,ingroup
relevance,9,qwen:72b,conservative,4.0,ingroup
relevance,9,qwen:72b,conservative,5.0,ingroup
relevance,9,qwen:72b,moderate,5.0,ingroup
relevance,9,qwen:72b,moderate,5.0,ingroup
relevance,9,qwen:72b,moderate,5.0,ingroup
relevance,9,qwen:72b,moderate,5.0,ingroup
relevance,9,qwen:72b,moderate,5.0,ingroup
relevance,9,qwen:72b,moderate,3.0,ingroup
relevance,9,qwen:72b,moderate,5.0,ingroup
relevance,9,qwen:72b,moderate,5.0,ingroup
relevance,9,qwen:72b,moderate,3.0,ingroup
relevance,9,qwen:72b,moderate,5.0,ingroup
relevance,9,qwen:72b,moderate,5.0,ingroup
relevance,9,qwen:72b,moderate,5.0,ingroup
relevance,9,qwen:72b,moderate,5.0,ingroup
relevance,9,qwen:72b,moderate,5.0,ingroup
relevance,9,qwen:72b,moderate,3.0,ingroup
relevance,9,qwen:72b,moderate,3.0,ingroup
relevance,9,qwen:72b,moderate,3.0,ingroup
relevance,9,qwen:72b,moderate,5.0,ingroup
relevance,9,qwen:72b,moderate,3.0,ingroup
relevance,9,qwen:72b,moderate,5.0,ingroup
relevance,9,qwen:72b,moderate,5.0,ingroup
relevance,9,qwen:72b,moderate,3.0,ingroup
relevance,9,qwen:72b,moderate,3.0,ingroup
relevance,9,qwen:72b,moderate,3.0,ingroup
relevance,9,qwen:72b,moderate,3.0,ingroup
relevance,9,qwen:72b,moderate,3.0,ingroup
relevance,9,qwen:72b,moderate,5.0,ingroup
relevance,9,qwen:72b,moderate,5.0,ingroup
relevance,9,qwen:72b,moderate,5.0,ingroup
relevance,9,qwen:72b,moderate,3.0,ingroup
relevance,9,qwen:72b,moderate,3.0,ingroup
relevance,9,qwen:72b,moderate,5.0,ingroup
relevance,9,qwen:72b,moderate,3.0,ingroup
relevance,9,qwen:72b,moderate,5.0,ingroup
relevance,9,qwen:72b,moderate,5.0,ingroup
relevance,9,qwen:72b,moderate,3.0,ingroup
relevance,9,qwen:72b,moderate,3.0,ingroup
relevance,9,qwen:72b,moderate,5.0,ingroup
relevance,9,qwen:72b,moderate,3.0,ingroup
relevance,9,qwen:72b,moderate,3.0,ingroup
relevance,9,qwen:72b,moderate,5.0,ingroup
relevance,9,qwen:72b,moderate,5.0,ingroup
relevance,9,qwen:72b,moderate,3.0,ingroup
relevance,9,qwen:72b,moderate,5.0,ingroup
relevance,9,qwen:72b,moderate,5.0,ingroup
relevance,9,qwen:72b,moderate,5.0,ingroup
relevance,9,qwen:72b,moderate,5.0,ingroup
relevance,9,qwen:72b,moderate,5.0,ingroup
relevance,9,qwen:72b,moderate,3.0,ingroup
relevance,9,qwen:72b,moderate,3.0,ingroup
relevance,9,qwen:72b,liberal,3.0,ingroup
relevance,9,qwen:72b,liberal,4.0,ingroup
relevance,9,qwen:72b,liberal,4.0,ingroup
relevance,9,qwen:72b,liberal,4.0,ingroup
relevance,9,qwen:72b,liberal,3.0,ingroup
relevance,9,qwen:72b,liberal,5.0,ingroup
relevance,9,qwen:72b,liberal,3.0,ingroup
relevance,9,qwen:72b,liberal,3.0,ingroup
relevance,9,qwen:72b,liberal,4.0,ingroup
relevance,9,qwen:72b,liberal,4.0,ingroup
relevance,9,qwen:72b,liberal,4.0,ingroup
relevance,9,qwen:72b,liberal,3.0,ingroup
relevance,9,qwen:72b,liberal,5.0,ingroup
relevance,9,qwen:72b,liberal,5.0,ingroup
relevance,9,qwen:72b,liberal,5.0,ingroup
relevance,9,qwen:72b,liberal,3.0,ingroup
relevance,9,qwen:72b,liberal,5.0,ingroup
relevance,9,qwen:72b,liberal,3.0,ingroup
relevance,9,qwen:72b,liberal,4.0,ingroup
relevance,9,qwen:72b,liberal,4.0,ingroup
relevance,9,qwen:72b,liberal,4.0,ingroup
relevance,9,qwen:72b,liberal,3.0,ingroup
relevance,9,qwen:72b,liberal,3.0,ingroup
relevance,9,qwen:72b,liberal,5.0,ingroup
relevance,9,qwen:72b,liberal,3.0,ingroup
relevance,9,qwen:72b,liberal,5.0,ingroup
relevance,9,qwen:72b,liberal,3.0,ingroup
relevance,9,qwen:72b,liberal,5.0,ingroup
relevance,9,qwen:72b,liberal,3.0,ingroup
relevance,9,qwen:72b,liberal,3.0,ingroup
relevance,9,qwen:72b,liberal,4.0,ingroup
relevance,9,qwen:72b,liberal,5.0,ingroup
relevance,9,qwen:72b,liberal,4.0,ingroup
relevance,9,qwen:72b,liberal,3.0,ingroup
relevance,9,qwen:72b,liberal,4.0,ingroup
relevance,9,qwen:72b,liberal,5.0,ingroup
relevance,9,qwen:72b,liberal,4.0,ingroup
relevance,9,qwen:72b,liberal,3.0,ingroup
relevance,9,qwen:72b,liberal,3.0,ingroup
relevance,9,qwen:72b,liberal,3.0,ingroup
relevance,9,qwen:72b,liberal,4.0,ingroup
relevance,9,qwen:72b,liberal,3.0,ingroup
relevance,9,qwen:72b,liberal,4.0,ingroup
relevance,9,qwen:72b,liberal,5.0,ingroup
relevance,9,qwen:72b,liberal,3.0,ingroup
relevance,9,qwen:72b,liberal,4.0,ingroup
relevance,9,qwen:72b,liberal,3.0,ingroup
relevance,9,qwen:72b,liberal,3.0,ingroup
relevance,9,qwen:72b,liberal,4.0,ingroup
relevance,9,qwen:72b,liberal,4.0,ingroup
relevance,9,qwen2:72b,conservative,5.0,ingroup
relevance,9,qwen2:72b,conservative,5.0,ingroup
relevance,9,qwen2:72b,conservative,5.0,ingroup
relevance,9,qwen2:72b,conservative,5.0,ingroup
relevance,9,qwen2:72b,conservative,5.0,ingroup
relevance,9,qwen2:72b,conservative,5.0,ingroup
relevance,9,qwen2:72b,conservative,4.0,ingroup
relevance,9,qwen2:72b,conservative,5.0,ingroup
relevance,9,qwen2:72b,conservative,5.0,ingroup
relevance,9,qwen2:72b,conservative,5.0,ingroup
relevance,9,qwen2:72b,conservative,4.0,ingroup
relevance,9,qwen2:72b,conservative,5.0,ingroup
relevance,9,qwen2:72b,conservative,5.0,ingroup
relevance,9,qwen2:72b,conservative,4.0,ingroup
relevance,9,qwen2:72b,conservative,5.0,ingroup
relevance,9,qwen2:72b,conservative,5.0,ingroup
relevance,9,qwen2:72b,conservative,5.0,ingroup
relevance,9,qwen2:72b,conservative,5.0,ingroup
relevance,9,qwen2:72b,conservative,5.0,ingroup
relevance,9,qwen2:72b,conservative,5.0,ingroup
relevance,9,qwen2:72b,conservative,5.0,ingroup
relevance,9,qwen2:72b,conservative,5.0,ingroup
relevance,9,qwen2:72b,conservative,5.0,ingroup
relevance,9,qwen2:72b,conservative,5.0,ingroup
relevance,9,qwen2:72b,conservative,5.0,ingroup
relevance,9,qwen2:72b,conservative,5.0,ingroup
relevance,9,qwen2:72b,conservative,5.0,ingroup
relevance,9,qwen2:72b,conservative,5.0,ingroup
relevance,9,qwen2:72b,conservative,5.0,ingroup
relevance,9,qwen2:72b,conservative,5.0,ingroup
relevance,9,qwen2:72b,conservative,5.0,ingroup
relevance,9,qwen2:72b,conservative,5.0,ingroup
relevance,9,qwen2:72b,conservative,5.0,ingroup
relevance,9,qwen2:72b,conservative,5.0,ingroup
relevance,9,qwen2:72b,conservative,5.0,ingroup
relevance,9,qwen2:72b,conservative,4.0,ingroup
relevance,9,qwen2:72b,conservative,5.0,ingroup
relevance,9,qwen2:72b,conservative,4.0,ingroup
relevance,9,qwen2:72b,conservative,5.0,ingroup
relevance,9,qwen2:72b,conservative,5.0,ingroup
relevance,9,qwen2:72b,conservative,5.0,ingroup
relevance,9,qwen2:72b,conservative,5.0,ingroup
relevance,9,qwen2:72b,conservative,5.0,ingroup
relevance,9,qwen2:72b,conservative,5.0,ingroup
relevance,9,qwen2:72b,conservative,4.0,ingroup
relevance,9,qwen2:72b,conservative,5.0,ingroup
relevance,9,qwen2:72b,conservative,5.0,ingroup
relevance,9,qwen2:72b,conservative,5.0,ingroup
relevance,9,qwen2:72b,conservative,5.0,ingroup
relevance,9,qwen2:72b,conservative,5.0,ingroup
relevance,9,qwen2:72b,moderate,5.0,ingroup
relevance,9,qwen2:72b,moderate,5.0,ingroup
relevance,9,qwen2:72b,moderate,5.0,ingroup
relevance,9,qwen2:72b,moderate,5.0,ingroup
relevance,9,qwen2:72b,moderate,4.0,ingroup
relevance,9,qwen2:72b,moderate,4.0,ingroup
relevance,9,qwen2:72b,moderate,4.0,ingroup
relevance,9,qwen2:72b,moderate,4.0,ingroup
relevance,9,qwen2:72b,moderate,5.0,ingroup
relevance,9,qwen2:72b,moderate,4.0,ingroup
relevance,9,qwen2:72b,moderate,5.0,ingroup
relevance,9,qwen2:72b,moderate,4.0,ingroup
relevance,9,qwen2:72b,moderate,5.0,ingroup
relevance,9,qwen2:72b,moderate,4.0,ingroup
relevance,9,qwen2:72b,moderate,5.0,ingroup
relevance,9,qwen2:72b,moderate,4.0,ingroup
relevance,9,qwen2:72b,moderate,4.0,ingroup
relevance,9,qwen2:72b,moderate,4.0,ingroup
relevance,9,qwen2:72b,moderate,4.0,ingroup
relevance,9,qwen2:72b,moderate,5.0,ingroup
relevance,9,qwen2:72b,moderate,5.0,ingroup
relevance,9,qwen2:72b,moderate,5.0,ingroup
relevance,9,qwen2:72b,moderate,4.0,ingroup
relevance,9,qwen2:72b,moderate,4.0,ingroup
relevance,9,qwen2:72b,moderate,5.0,ingroup
relevance,9,qwen2:72b,moderate,5.0,ingroup
relevance,9,qwen2:72b,moderate,5.0,ingroup
relevance,9,qwen2:72b,moderate,5.0,ingroup
relevance,9,qwen2:72b,moderate,4.0,ingroup
relevance,9,qwen2:72b,moderate,4.0,ingroup
relevance,9,qwen2:72b,moderate,4.0,ingroup
relevance,9,qwen2:72b,moderate,5.0,ingroup
relevance,9,qwen2:72b,moderate,5.0,ingroup
relevance,9,qwen2:72b,moderate,4.0,ingroup
relevance,9,qwen2:72b,moderate,5.0,ingroup
relevance,9,qwen2:72b,moderate,4.0,ingroup
relevance,9,qwen2:72b,moderate,4.0,ingroup
relevance,9,qwen2:72b,moderate,4.0,ingroup
relevance,9,qwen2:72b,moderate,4.0,ingroup
relevance,9,qwen2:72b,moderate,4.0,ingroup
relevance,9,qwen2:72b,moderate,4.0,ingroup
relevance,9,qwen2:72b,moderate,4.0,ingroup
relevance,9,qwen2:72b,moderate,4.0,ingroup
relevance,9,qwen2:72b,moderate,5.0,ingroup
relevance,9,qwen2:72b,moderate,5.0,ingroup
relevance,9,qwen2:72b,moderate,4.0,ingroup
relevance,9,qwen2:72b,moderate,4.0,ingroup
relevance,9,qwen2:72b,moderate,5.0,ingroup
relevance,9,qwen2:72b,moderate,4.0,ingroup
relevance,9,qwen2:72b,moderate,4.0,ingroup
relevance,9,qwen2:72b,liberal,4.0,ingroup
relevance,9,qwen2:72b,liberal,4.0,ingroup
relevance,9,qwen2:72b,liberal,4.0,ingroup
relevance,9,qwen2:72b,liberal,4.0,ingroup
relevance,9,qwen2:72b,liberal,4.0,ingroup
relevance,9,qwen2:72b,liberal,4.0,ingroup
relevance,9,qwen2:72b,liberal,4.0,ingroup
relevance,9,qwen2:72b,liberal,4.0,ingroup
relevance,9,qwen2:72b,liberal,4.0,ingroup
relevance,9,qwen2:72b,liberal,4.0,ingroup
relevance,9,qwen2:72b,liberal,5.0,ingroup
relevance,9,qwen2:72b,liberal,4.0,ingroup
relevance,9,qwen2:72b,liberal,4.0,ingroup
relevance,9,qwen2:72b,liberal,5.0,ingroup
relevance,9,qwen2:72b,liberal,4.0,ingroup
relevance,9,qwen2:72b,liberal,4.0,ingroup
relevance,9,qwen2:72b,liberal,4.0,ingroup
relevance,9,qwen2:72b,liberal,4.0,ingroup
relevance,9,qwen2:72b,liberal,4.0,ingroup
relevance,9,qwen2:72b,liberal,4.0,ingroup
relevance,9,qwen2:72b,liberal,4.0,ingroup
relevance,9,qwen2:72b,liberal,5.0,ingroup
relevance,9,qwen2:72b,liberal,5.0,ingroup
relevance,9,qwen2:72b,liberal,5.0,ingroup
relevance,9,qwen2:72b,liberal,4.0,ingroup
relevance,9,qwen2:72b,liberal,4.0,ingroup
relevance,9,qwen2:72b,liberal,4.0,ingroup
relevance,9,qwen2:72b,liberal,4.0,ingroup
relevance,9,qwen2:72b,liberal,5.0,ingroup
relevance,9,qwen2:72b,liberal,5.0,ingroup
relevance,9,qwen2:72b,liberal,4.0,ingroup
relevance,9,qwen2:72b,liberal,4.0,ingroup
relevance,9,qwen2:72b,liberal,4.0,ingroup
relevance,9,qwen2:72b,liberal,4.0,ingroup
relevance,9,qwen2:72b,liberal,4.0,ingroup
relevance,9,qwen2:72b,liberal,4.0,ingroup
relevance,9,qwen2:72b,liberal,4.0,ingroup
relevance,9,qwen2:72b,liberal,5.0,ingroup
relevance,9,qwen2:72b,liberal,4.0,ingroup
relevance,9,qwen2:72b,liberal,4.0,ingroup
relevance,9,qwen2:72b,liberal,4.0,ingroup
relevance,9,qwen2:72b,liberal,4.0,ingroup
relevance,9,qwen2:72b,liberal,4.0,ingroup
relevance,9,qwen2:72b,liberal,4.0,ingroup
relevance,9,qwen2:72b,liberal,4.0,ingroup
relevance,9,qwen2:72b,liberal,4.0,ingroup
relevance,9,qwen2:72b,liberal,4.0,ingroup
relevance,9,qwen2:72b,liberal,4.0,ingroup
relevance,9,qwen2:72b,liberal,4.0,ingroup
relevance,9,qwen2:72b,liberal,4.0,ingroup
relevance,10,llama3.1:8b,conservative,3.0,authority
relevance,10,llama3.1:8b,conservative,2.0,authority
relevance,10,llama3.1:8b,conservative,3.0,authority
relevance,10,llama3.1:8b,conservative,2.0,authority
relevance,10,llama3.1:8b,conservative,2.0,authority
relevance,10,llama3.1:8b,conservative,5.0,authority
relevance,10,llama3.1:8b,conservative,4.0,authority
relevance,10,llama3.1:8b,conservative,2.0,authority
relevance,10,llama3.1:8b,conservative,2.0,authority
relevance,10,llama3.1:8b,conservative,5.0,authority
relevance,10,llama3.1:8b,conservative,5.0,authority
relevance,10,llama3.1:8b,conservative,3.0,authority
relevance,10,llama3.1:8b,conservative,4.0,authority
relevance,10,llama3.1:8b,conservative,2.0,authority
relevance,10,llama3.1:8b,conservative,5.0,authority
relevance,10,llama3.1:8b,conservative,2.0,authority
relevance,10,llama3.1:8b,conservative,5.0,authority
relevance,10,llama3.1:8b,conservative,5.0,authority
relevance,10,llama3.1:8b,conservative,2.0,authority
relevance,10,llama3.1:8b,conservative,2.0,authority
relevance,10,llama3.1:8b,conservative,3.0,authority
relevance,10,llama3.1:8b,conservative,3.0,authority
relevance,10,llama3.1:8b,conservative,3.0,authority
relevance,10,llama3.1:8b,conservative,3.0,authority
relevance,10,llama3.1:8b,conservative,4.0,authority
relevance,10,llama3.1:8b,conservative,5.0,authority
relevance,10,llama3.1:8b,conservative,2.0,authority
relevance,10,llama3.1:8b,conservative,2.0,authority
relevance,10,llama3.1:8b,conservative,5.0,authority
relevance,10,llama3.1:8b,conservative,3.0,authority
relevance,10,llama3.1:8b,conservative,4.0,authority
relevance,10,llama3.1:8b,conservative,4.0,authority
relevance,10,llama3.1:8b,conservative,4.0,authority
relevance,10,llama3.1:8b,conservative,3.0,authority
relevance,10,llama3.1:8b,conservative,2.0,authority
relevance,10,llama3.1:8b,conservative,5.0,authority
relevance,10,llama3.1:8b,conservative,2.0,authority
relevance,10,llama3.1:8b,conservative,4.0,authority
relevance,10,llama3.1:8b,conservative,3.0,authority
relevance,10,llama3.1:8b,conservative,2.0,authority
relevance,10,llama3.1:8b,conservative,5.0,authority
relevance,10,llama3.1:8b,conservative,2.0,authority
relevance,10,llama3.1:8b,conservative,4.0,authority
relevance,10,llama3.1:8b,conservative,5.0,authority
relevance,10,llama3.1:8b,conservative,3.0,authority
relevance,10,llama3.1:8b,conservative,4.0,authority
relevance,10,llama3.1:8b,conservative,2.0,authority
relevance,10,llama3.1:8b,conservative,2.0,authority
relevance,10,llama3.1:8b,conservative,4.0,authority
relevance,10,llama3.1:8b,conservative,2.0,authority
relevance,10,llama3.1:8b,moderate,2.0,authority
relevance,10,llama3.1:8b,moderate,2.0,authority
relevance,10,llama3.1:8b,moderate,2.0,authority
relevance,10,llama3.1:8b,moderate,2.0,authority
relevance,10,llama3.1:8b,moderate,4.0,authority
relevance,10,llama3.1:8b,moderate,2.0,authority
relevance,10,llama3.1:8b,moderate,3.0,authority
relevance,10,llama3.1:8b,moderate,2.0,authority
relevance,10,llama3.1:8b,moderate,4.0,authority
relevance,10,llama3.1:8b,moderate,2.0,authority
relevance,10,llama3.1:8b,moderate,4.0,authority
relevance,10,llama3.1:8b,moderate,1.0,authority
relevance,10,llama3.1:8b,moderate,3.0,authority
relevance,10,llama3.1:8b,moderate,4.0,authority
relevance,10,llama3.1:8b,moderate,4.0,authority
relevance,10,llama3.1:8b,moderate,4.0,authority
relevance,10,llama3.1:8b,moderate,3.0,authority
relevance,10,llama3.1:8b,moderate,3.0,authority
relevance,10,llama3.1:8b,moderate,3.0,authority
relevance,10,llama3.1:8b,moderate,3.0,authority
relevance,10,llama3.1:8b,moderate,2.0,authority
relevance,10,llama3.1:8b,moderate,2.0,authority
relevance,10,llama3.1:8b,moderate,3.0,authority
relevance,10,llama3.1:8b,moderate,2.0,authority
relevance,10,llama3.1:8b,moderate,3.0,authority
relevance,10,llama3.1:8b,moderate,3.0,authority
relevance,10,llama3.1:8b,moderate,4.0,authority
relevance,10,llama3.1:8b,moderate,4.0,authority
relevance,10,llama3.1:8b,moderate,3.0,authority
relevance,10,llama3.1:8b,moderate,3.0,authority
relevance,10,llama3.1:8b,moderate,3.0,authority
relevance,10,llama3.1:8b,moderate,2.0,authority
relevance,10,llama3.1:8b,moderate,1.0,authority
relevance,10,llama3.1:8b,moderate,3.0,authority
relevance,10,llama3.1:8b,moderate,3.0,authority
relevance,10,llama3.1:8b,moderate,1.0,authority
relevance,10,llama3.1:8b,moderate,3.0,authority
relevance,10,llama3.1:8b,moderate,3.0,authority
relevance,10,llama3.1:8b,moderate,2.0,authority
relevance,10,llama3.1:8b,moderate,3.0,authority
relevance,10,llama3.1:8b,moderate,2.0,authority
relevance,10,llama3.1:8b,moderate,3.0,authority
relevance,10,llama3.1:8b,moderate,3.0,authority
relevance,10,llama3.1:8b,moderate,2.0,authority
relevance,10,llama3.1:8b,moderate,3.0,authority
relevance,10,llama3.1:8b,moderate,2.0,authority
relevance,10,llama3.1:8b,moderate,3.0,authority
relevance,10,llama3.1:8b,moderate,2.0,authority
relevance,10,llama3.1:8b,moderate,1.0,authority
relevance,10,llama3.1:8b,moderate,3.0,authority
relevance,10,llama3.1:8b,liberal,2.0,authority
relevance,10,llama3.1:8b,liberal,2.0,authority
relevance,10,llama3.1:8b,liberal,2.0,authority
relevance,10,llama3.1:8b,liberal,4.0,authority
relevance,10,llama3.1:8b,liberal,2.0,authority
relevance,10,llama3.1:8b,liberal,5.0,authority
relevance,10,llama3.1:8b,liberal,3.0,authority
relevance,10,llama3.1:8b,liberal,3.0,authority
relevance,10,llama3.1:8b,liberal,4.0,authority
relevance,10,llama3.1:8b,liberal,3.0,authority
relevance,10,llama3.1:8b,liberal,3.0,authority
relevance,10,llama3.1:8b,liberal,2.0,authority
relevance,10,llama3.1:8b,liberal,2.0,authority
relevance,10,llama3.1:8b,liberal,4.0,authority
relevance,10,llama3.1:8b,liberal,3.0,authority
relevance,10,llama3.1:8b,liberal,2.0,authority
relevance,10,llama3.1:8b,liberal,4.0,authority
relevance,10,llama3.1:8b,liberal,3.0,authority
relevance,10,llama3.1:8b,liberal,4.0,authority
relevance,10,llama3.1:8b,liberal,2.0,authority
relevance,10,llama3.1:8b,liberal,4.0,authority
relevance,10,llama3.1:8b,liberal,2.0,authority
relevance,10,llama3.1:8b,liberal,3.0,authority
relevance,10,llama3.1:8b,liberal,3.0,authority
relevance,10,llama3.1:8b,liberal,2.0,authority
relevance,10,llama3.1:8b,liberal,3.0,authority
relevance,10,llama3.1:8b,liberal,2.0,authority
relevance,10,llama3.1:8b,liberal,2.0,authority
relevance,10,llama3.1:8b,liberal,2.0,authority
relevance,10,llama3.1:8b,liberal,3.0,authority
relevance,10,llama3.1:8b,liberal,2.0,authority
relevance,10,llama3.1:8b,liberal,2.0,authority
relevance,10,llama3.1:8b,liberal,2.0,authority
relevance,10,llama3.1:8b,liberal,4.0,authority
relevance,10,llama3.1:8b,liberal,2.0,authority
relevance,10,llama3.1:8b,liberal,2.0,authority
relevance,10,llama3.1:8b,liberal,5.0,authority
relevance,10,llama3.1:8b,liberal,5.0,authority
relevance,10,llama3.1:8b,liberal,3.0,authority
relevance,10,llama3.1:8b,liberal,3.0,authority
relevance,10,llama3.1:8b,liberal,4.0,authority
relevance,10,llama3.1:8b,liberal,3.0,authority
relevance,10,llama3.1:8b,liberal,3.0,authority
relevance,10,llama3.1:8b,liberal,5.0,authority
relevance,10,llama3.1:8b,liberal,2.0,authority
relevance,10,llama3.1:8b,liberal,5.0,authority
relevance,10,llama3.1:8b,liberal,2.0,authority
relevance,10,llama3.1:8b,liberal,2.0,authority
relevance,10,llama3.1:8b,liberal,2.0,authority
relevance,10,llama3.1:8b,liberal,2.0,authority
relevance,10,llama2:70b,conservative,3.0,authority
relevance,10,llama2:70b,conservative,3.0,authority
relevance,10,llama2:70b,conservative,3.0,authority
relevance,10,llama2:70b,conservative,3.0,authority
relevance,10,llama2:70b,conservative,3.0,authority
relevance,10,llama2:70b,conservative,4.0,authority
relevance,10,llama2:70b,conservative,3.0,authority
relevance,10,llama2:70b,conservative,4.0,authority
relevance,10,llama2:70b,conservative,4.0,authority
relevance,10,llama2:70b,conservative,4.0,authority
relevance,10,llama2:70b,conservative,4.0,authority
relevance,10,llama2:70b,conservative,4.0,authority
relevance,10,llama2:70b,conservative,3.0,authority
relevance,10,llama2:70b,conservative,3.0,authority
relevance,10,llama2:70b,conservative,3.0,authority
relevance,10,llama2:70b,conservative,3.0,authority
relevance,10,llama2:70b,conservative,3.0,authority
relevance,10,llama2:70b,conservative,4.0,authority
relevance,10,llama2:70b,conservative,3.0,authority
relevance,10,llama2:70b,conservative,3.0,authority
relevance,10,llama2:70b,conservative,3.0,authority
relevance,10,llama2:70b,conservative,3.0,authority
relevance,10,llama2:70b,conservative,3.0,authority
relevance,10,llama2:70b,conservative,4.0,authority
relevance,10,llama2:70b,conservative,3.0,authority
relevance,10,llama2:70b,conservative,3.0,authority
relevance,10,llama2:70b,conservative,4.0,authority
relevance,10,llama2:70b,conservative,3.0,authority
relevance,10,llama2:70b,conservative,3.0,authority
relevance,10,llama2:70b,conservative,3.0,authority
relevance,10,llama2:70b,conservative,3.0,authority
relevance,10,llama2:70b,conservative,3.0,authority
relevance,10,llama2:70b,conservative,3.0,authority
relevance,10,llama2:70b,conservative,3.0,authority
relevance,10,llama2:70b,conservative,3.0,authority
relevance,10,llama2:70b,conservative,4.0,authority
relevance,10,llama2:70b,conservative,4.0,authority
relevance,10,llama2:70b,conservative,3.0,authority
relevance,10,llama2:70b,conservative,3.0,authority
relevance,10,llama2:70b,conservative,3.0,authority
relevance,10,llama2:70b,conservative,4.0,authority
relevance,10,llama2:70b,conservative,4.0,authority
relevance,10,llama2:70b,conservative,3.0,authority
relevance,10,llama2:70b,conservative,3.0,authority
relevance,10,llama2:70b,conservative,4.0,authority
relevance,10,llama2:70b,conservative,3.0,authority
relevance,10,llama2:70b,conservative,3.0,authority
relevance,10,llama2:70b,conservative,4.0,authority
relevance,10,llama2:70b,conservative,4.0,authority
relevance,10,llama2:70b,conservative,4.0,authority
relevance,10,llama2:70b,moderate,3.0,authority
relevance,10,llama2:70b,moderate,3.0,authority
relevance,10,llama2:70b,moderate,3.0,authority
relevance,10,llama2:70b,moderate,3.0,authority
relevance,10,llama2:70b,moderate,2.0,authority
relevance,10,llama2:70b,moderate,3.0,authority
relevance,10,llama2:70b,moderate,3.0,authority
relevance,10,llama2:70b,moderate,3.0,authority
relevance,10,llama2:70b,moderate,3.0,authority
relevance,10,llama2:70b,moderate,2.0,authority
relevance,10,llama2:70b,moderate,2.0,authority
relevance,10,llama2:70b,moderate,3.0,authority
relevance,10,llama2:70b,moderate,3.0,authority
relevance,10,llama2:70b,moderate,3.0,authority
relevance,10,llama2:70b,moderate,2.0,authority
relevance,10,llama2:70b,moderate,3.0,authority
relevance,10,llama2:70b,moderate,2.0,authority
relevance,10,llama2:70b,moderate,2.0,authority
relevance,10,llama2:70b,moderate,3.0,authority
relevance,10,llama2:70b,moderate,3.0,authority
relevance,10,llama2:70b,moderate,2.0,authority
relevance,10,llama2:70b,moderate,3.0,authority
relevance,10,llama2:70b,moderate,2.0,authority
relevance,10,llama2:70b,moderate,2.0,authority
relevance,10,llama2:70b,moderate,3.0,authority
relevance,10,llama2:70b,moderate,3.0,authority
relevance,10,llama2:70b,moderate,3.0,authority
relevance,10,llama2:70b,moderate,3.0,authority
relevance,10,llama2:70b,moderate,3.0,authority
relevance,10,llama2:70b,moderate,3.0,authority
relevance,10,llama2:70b,moderate,2.0,authority
relevance,10,llama2:70b,moderate,3.0,authority
relevance,10,llama2:70b,moderate,2.0,authority
relevance,10,llama2:70b,moderate,3.0,authority
relevance,10,llama2:70b,moderate,2.0,authority
relevance,10,llama2:70b,moderate,3.0,authority
relevance,10,llama2:70b,moderate,3.0,authority
relevance,10,llama2:70b,moderate,2.0,authority
relevance,10,llama2:70b,moderate,3.0,authority
relevance,10,llama2:70b,moderate,2.0,authority
relevance,10,llama2:70b,moderate,4.0,authority
relevance,10,llama2:70b,moderate,3.0,authority
relevance,10,llama2:70b,moderate,3.0,authority
relevance,10,llama2:70b,moderate,2.0,authority
relevance,10,llama2:70b,moderate,3.0,authority
relevance,10,llama2:70b,moderate,3.0,authority
relevance,10,llama2:70b,moderate,3.0,authority
relevance,10,llama2:70b,moderate,3.0,authority
relevance,10,llama2:70b,moderate,3.0,authority
relevance,10,llama2:70b,moderate,3.0,authority
relevance,10,llama2:70b,liberal,2.0,authority
relevance,10,llama2:70b,liberal,2.0,authority
relevance,10,llama2:70b,liberal,3.0,authority
relevance,10,llama2:70b,liberal,3.0,authority
relevance,10,llama2:70b,liberal,3.0,authority
relevance,10,llama2:70b,liberal,3.0,authority
relevance,10,llama2:70b,liberal,2.0,authority
relevance,10,llama2:70b,liberal,3.0,authority
relevance,10,llama2:70b,liberal,2.0,authority
relevance,10,llama2:70b,liberal,2.0,authority
relevance,10,llama2:70b,liberal,3.0,authority
relevance,10,llama2:70b,liberal,2.0,authority
relevance,10,llama2:70b,liberal,2.0,authority
relevance,10,llama2:70b,liberal,3.0,authority
relevance,10,llama2:70b,liberal,3.0,authority
relevance,10,llama2:70b,liberal,2.0,authority
relevance,10,llama2:70b,liberal,3.0,authority
relevance,10,llama2:70b,liberal,2.0,authority
relevance,10,llama2:70b,liberal,3.0,authority
relevance,10,llama2:70b,liberal,3.0,authority
relevance,10,llama2:70b,liberal,3.0,authority
relevance,10,llama2:70b,liberal,3.0,authority
relevance,10,llama2:70b,liberal,3.0,authority
relevance,10,llama2:70b,liberal,3.0,authority
relevance,10,llama2:70b,liberal,3.0,authority
relevance,10,llama2:70b,liberal,2.0,authority
relevance,10,llama2:70b,liberal,3.0,authority
relevance,10,llama2:70b,liberal,1.0,authority
relevance,10,llama2:70b,liberal,1.0,authority
relevance,10,llama2:70b,liberal,2.0,authority
relevance,10,llama2:70b,liberal,2.0,authority
relevance,10,llama2:70b,liberal,1.0,authority
relevance,10,llama2:70b,liberal,2.0,authority
relevance,10,llama2:70b,liberal,2.0,authority
relevance,10,llama2:70b,liberal,2.0,authority
relevance,10,llama2:70b,liberal,3.0,authority
relevance,10,llama2:70b,liberal,3.0,authority
relevance,10,llama2:70b,liberal,2.0,authority
relevance,10,llama2:70b,liberal,3.0,authority
relevance,10,llama2:70b,liberal,3.0,authority
relevance,10,llama2:70b,liberal,1.0,authority
relevance,10,llama2:70b,liberal,3.0,authority
relevance,10,llama2:70b,liberal,3.0,authority
relevance,10,llama2:70b,liberal,3.0,authority
relevance,10,llama2:70b,liberal,2.0,authority
relevance,10,llama2:70b,liberal,3.0,authority
relevance,10,llama2:70b,liberal,2.0,authority
relevance,10,llama2:70b,liberal,3.0,authority
relevance,10,llama2:70b,liberal,2.0,authority
relevance,10,llama2:70b,liberal,3.0,authority
relevance,10,llama3:70b,conservative,5.0,authority
relevance,10,llama3:70b,conservative,5.0,authority
relevance,10,llama3:70b,conservative,5.0,authority
relevance,10,llama3:70b,conservative,5.0,authority
relevance,10,llama3:70b,conservative,4.0,authority
relevance,10,llama3:70b,conservative,4.0,authority
relevance,10,llama3:70b,conservative,5.0,authority
relevance,10,llama3:70b,conservative,5.0,authority
relevance,10,llama3:70b,conservative,5.0,authority
relevance,10,llama3:70b,conservative,4.0,authority
relevance,10,llama3:70b,conservative,4.0,authority
relevance,10,llama3:70b,conservative,4.0,authority
relevance,10,llama3:70b,conservative,5.0,authority
relevance,10,llama3:70b,conservative,5.0,authority
relevance,10,llama3:70b,conservative,5.0,authority
relevance,10,llama3:70b,conservative,4.0,authority
relevance,10,llama3:70b,conservative,5.0,authority
relevance,10,llama3:70b,conservative,5.0,authority
relevance,10,llama3:70b,conservative,5.0,authority
relevance,10,llama3:70b,conservative,5.0,authority
relevance,10,llama3:70b,conservative,5.0,authority
relevance,10,llama3:70b,conservative,4.0,authority
relevance,10,llama3:70b,conservative,5.0,authority
relevance,10,llama3:70b,conservative,5.0,authority
relevance,10,llama3:70b,conservative,5.0,authority
relevance,10,llama3:70b,conservative,5.0,authority
relevance,10,llama3:70b,conservative,5.0,authority
relevance,10,llama3:70b,conservative,5.0,authority
relevance,10,llama3:70b,conservative,5.0,authority
relevance,10,llama3:70b,conservative,5.0,authority
relevance,10,llama3:70b,conservative,5.0,authority
relevance,10,llama3:70b,conservative,5.0,authority
relevance,10,llama3:70b,conservative,5.0,authority
relevance,10,llama3:70b,conservative,5.0,authority
relevance,10,llama3:70b,conservative,5.0,authority
relevance,10,llama3:70b,conservative,5.0,authority
relevance,10,llama3:70b,conservative,5.0,authority
relevance,10,llama3:70b,conservative,5.0,authority
relevance,10,llama3:70b,conservative,5.0,authority
relevance,10,llama3:70b,conservative,5.0,authority
relevance,10,llama3:70b,conservative,4.0,authority
relevance,10,llama3:70b,conservative,4.0,authority
relevance,10,llama3:70b,conservative,5.0,authority
relevance,10,llama3:70b,conservative,5.0,authority
relevance,10,llama3:70b,conservative,5.0,authority
relevance,10,llama3:70b,conservative,5.0,authority
relevance,10,llama3:70b,conservative,5.0,authority
relevance,10,llama3:70b,conservative,5.0,authority
relevance,10,llama3:70b,conservative,5.0,authority
relevance,10,llama3:70b,conservative,5.0,authority
relevance,10,llama3:70b,moderate,3.0,authority
relevance,10,llama3:70b,moderate,2.0,authority
relevance,10,llama3:70b,moderate,2.0,authority
relevance,10,llama3:70b,moderate,2.0,authority
relevance,10,llama3:70b,moderate,2.0,authority
relevance,10,llama3:70b,moderate,3.0,authority
relevance,10,llama3:70b,moderate,2.0,authority
relevance,10,llama3:70b,moderate,3.0,authority
relevance,10,llama3:70b,moderate,3.0,authority
relevance,10,llama3:70b,moderate,3.0,authority
relevance,10,llama3:70b,moderate,2.0,authority
relevance,10,llama3:70b,moderate,2.0,authority
relevance,10,llama3:70b,moderate,2.0,authority
relevance,10,llama3:70b,moderate,2.0,authority
relevance,10,llama3:70b,moderate,2.0,authority
relevance,10,llama3:70b,moderate,2.0,authority
relevance,10,llama3:70b,moderate,3.0,authority
relevance,10,llama3:70b,moderate,2.0,authority
relevance,10,llama3:70b,moderate,2.0,authority
relevance,10,llama3:70b,moderate,2.0,authority
relevance,10,llama3:70b,moderate,2.0,authority
relevance,10,llama3:70b,moderate,2.0,authority
relevance,10,llama3:70b,moderate,2.0,authority
relevance,10,llama3:70b,moderate,2.0,authority
relevance,10,llama3:70b,moderate,3.0,authority
relevance,10,llama3:70b,moderate,2.0,authority
relevance,10,llama3:70b,moderate,2.0,authority
relevance,10,llama3:70b,moderate,2.0,authority
relevance,10,llama3:70b,moderate,2.0,authority
relevance,10,llama3:70b,moderate,2.0,authority
relevance,10,llama3:70b,moderate,2.0,authority
relevance,10,llama3:70b,moderate,2.0,authority
relevance,10,llama3:70b,moderate,2.0,authority
relevance,10,llama3:70b,moderate,2.0,authority
relevance,10,llama3:70b,moderate,2.0,authority
relevance,10,llama3:70b,moderate,2.0,authority
relevance,10,llama3:70b,moderate,3.0,authority
relevance,10,llama3:70b,moderate,2.0,authority
relevance,10,llama3:70b,moderate,2.0,authority
relevance,10,llama3:70b,moderate,3.0,authority
relevance,10,llama3:70b,moderate,2.0,authority
relevance,10,llama3:70b,moderate,2.0,authority
relevance,10,llama3:70b,moderate,2.0,authority
relevance,10,llama3:70b,moderate,3.0,authority
relevance,10,llama3:70b,moderate,2.0,authority
relevance,10,llama3:70b,moderate,2.0,authority
relevance,10,llama3:70b,moderate,2.0,authority
relevance,10,llama3:70b,moderate,2.0,authority
relevance,10,llama3:70b,moderate,2.0,authority
relevance,10,llama3:70b,moderate,2.0,authority
relevance,10,llama3:70b,liberal,1.0,authority
relevance,10,llama3:70b,liberal,1.0,authority
relevance,10,llama3:70b,liberal,1.0,authority
relevance,10,llama3:70b,liberal,1.0,authority
relevance,10,llama3:70b,liberal,1.0,authority
relevance,10,llama3:70b,liberal,1.0,authority
relevance,10,llama3:70b,liberal,1.0,authority
relevance,10,llama3:70b,liberal,1.0,authority
relevance,10,llama3:70b,liberal,1.0,authority
relevance,10,llama3:70b,liberal,1.0,authority
relevance,10,llama3:70b,liberal,1.0,authority
relevance,10,llama3:70b,liberal,2.0,authority
relevance,10,llama3:70b,liberal,1.0,authority
relevance,10,llama3:70b,liberal,2.0,authority
relevance,10,llama3:70b,liberal,1.0,authority
relevance,10,llama3:70b,liberal,1.0,authority
relevance,10,llama3:70b,liberal,1.0,authority
relevance,10,llama3:70b,liberal,1.0,authority
relevance,10,llama3:70b,liberal,1.0,authority
relevance,10,llama3:70b,liberal,1.0,authority
relevance,10,llama3:70b,liberal,1.0,authority
relevance,10,llama3:70b,liberal,1.0,authority
relevance,10,llama3:70b,liberal,2.0,authority
relevance,10,llama3:70b,liberal,1.0,authority
relevance,10,llama3:70b,liberal,1.0,authority
relevance,10,llama3:70b,liberal,1.0,authority
relevance,10,llama3:70b,liberal,1.0,authority
relevance,10,llama3:70b,liberal,1.0,authority
relevance,10,llama3:70b,liberal,1.0,authority
relevance,10,llama3:70b,liberal,2.0,authority
relevance,10,llama3:70b,liberal,1.0,authority
relevance,10,llama3:70b,liberal,1.0,authority
relevance,10,llama3:70b,liberal,2.0,authority
relevance,10,llama3:70b,liberal,2.0,authority
relevance,10,llama3:70b,liberal,1.0,authority
relevance,10,llama3:70b,liberal,1.0,authority
relevance,10,llama3:70b,liberal,1.0,authority
relevance,10,llama3:70b,liberal,1.0,authority
relevance,10,llama3:70b,liberal,1.0,authority
relevance,10,llama3:70b,liberal,1.0,authority
relevance,10,llama3:70b,liberal,2.0,authority
relevance,10,llama3:70b,liberal,1.0,authority
relevance,10,llama3:70b,liberal,1.0,authority
relevance,10,llama3:70b,liberal,1.0,authority
relevance,10,llama3:70b,liberal,1.0,authority
relevance,10,llama3:70b,liberal,2.0,authority
relevance,10,llama3:70b,liberal,1.0,authority
relevance,10,llama3:70b,liberal,1.0,authority
relevance,10,llama3:70b,liberal,1.0,authority
relevance,10,llama3:70b,liberal,1.0,authority
relevance,10,llama3.1:70b,conservative,4.0,authority
relevance,10,llama3.1:70b,conservative,4.0,authority
relevance,10,llama3.1:70b,conservative,5.0,authority
relevance,10,llama3.1:70b,conservative,5.0,authority
relevance,10,llama3.1:70b,conservative,4.0,authority
relevance,10,llama3.1:70b,conservative,5.0,authority
relevance,10,llama3.1:70b,conservative,5.0,authority
relevance,10,llama3.1:70b,conservative,4.0,authority
relevance,10,llama3.1:70b,conservative,4.0,authority
relevance,10,llama3.1:70b,conservative,5.0,authority
relevance,10,llama3.1:70b,conservative,5.0,authority
relevance,10,llama3.1:70b,conservative,5.0,authority
relevance,10,llama3.1:70b,conservative,4.0,authority
relevance,10,llama3.1:70b,conservative,5.0,authority
relevance,10,llama3.1:70b,conservative,4.0,authority
relevance,10,llama3.1:70b,conservative,4.0,authority
relevance,10,llama3.1:70b,conservative,5.0,authority
relevance,10,llama3.1:70b,conservative,4.0,authority
relevance,10,llama3.1:70b,conservative,5.0,authority
relevance,10,llama3.1:70b,conservative,4.0,authority
relevance,10,llama3.1:70b,conservative,5.0,authority
relevance,10,llama3.1:70b,conservative,5.0,authority
relevance,10,llama3.1:70b,conservative,5.0,authority
relevance,10,llama3.1:70b,conservative,5.0,authority
relevance,10,llama3.1:70b,conservative,5.0,authority
relevance,10,llama3.1:70b,conservative,5.0,authority
relevance,10,llama3.1:70b,conservative,4.0,authority
relevance,10,llama3.1:70b,conservative,5.0,authority
relevance,10,llama3.1:70b,conservative,5.0,authority
relevance,10,llama3.1:70b,conservative,5.0,authority
relevance,10,llama3.1:70b,conservative,5.0,authority
relevance,10,llama3.1:70b,conservative,4.0,authority
relevance,10,llama3.1:70b,conservative,5.0,authority
relevance,10,llama3.1:70b,conservative,4.0,authority
relevance,10,llama3.1:70b,conservative,5.0,authority
relevance,10,llama3.1:70b,conservative,5.0,authority
relevance,10,llama3.1:70b,conservative,5.0,authority
relevance,10,llama3.1:70b,conservative,5.0,authority
relevance,10,llama3.1:70b,conservative,4.0,authority
relevance,10,llama3.1:70b,conservative,5.0,authority
relevance,10,llama3.1:70b,conservative,4.0,authority
relevance,10,llama3.1:70b,conservative,5.0,authority
relevance,10,llama3.1:70b,conservative,4.0,authority
relevance,10,llama3.1:70b,conservative,4.0,authority
relevance,10,llama3.1:70b,conservative,5.0,authority
relevance,10,llama3.1:70b,conservative,4.0,authority
relevance,10,llama3.1:70b,conservative,5.0,authority
relevance,10,llama3.1:70b,conservative,5.0,authority
relevance,10,llama3.1:70b,conservative,4.0,authority
relevance,10,llama3.1:70b,conservative,5.0,authority
relevance,10,llama3.1:70b,moderate,2.0,authority
relevance,10,llama3.1:70b,moderate,2.0,authority
relevance,10,llama3.1:70b,moderate,2.0,authority
relevance,10,llama3.1:70b,moderate,2.0,authority
relevance,10,llama3.1:70b,moderate,2.0,authority
relevance,10,llama3.1:70b,moderate,2.0,authority
relevance,10,llama3.1:70b,moderate,2.0,authority
relevance,10,llama3.1:70b,moderate,3.0,authority
relevance,10,llama3.1:70b,moderate,2.0,authority
relevance,10,llama3.1:70b,moderate,2.0,authority
relevance,10,llama3.1:70b,moderate,2.0,authority
relevance,10,llama3.1:70b,moderate,3.0,authority
relevance,10,llama3.1:70b,moderate,2.0,authority
relevance,10,llama3.1:70b,moderate,2.0,authority
relevance,10,llama3.1:70b,moderate,1.0,authority
relevance,10,llama3.1:70b,moderate,2.0,authority
relevance,10,llama3.1:70b,moderate,3.0,authority
relevance,10,llama3.1:70b,moderate,2.0,authority
relevance,10,llama3.1:70b,moderate,2.0,authority
relevance,10,llama3.1:70b,moderate,3.0,authority
relevance,10,llama3.1:70b,moderate,2.0,authority
relevance,10,llama3.1:70b,moderate,2.0,authority
relevance,10,llama3.1:70b,moderate,2.0,authority
relevance,10,llama3.1:70b,moderate,2.0,authority
relevance,10,llama3.1:70b,moderate,2.0,authority
relevance,10,llama3.1:70b,moderate,2.0,authority
relevance,10,llama3.1:70b,moderate,3.0,authority
relevance,10,llama3.1:70b,moderate,2.0,authority
relevance,10,llama3.1:70b,moderate,2.0,authority
relevance,10,llama3.1:70b,moderate,2.0,authority
relevance,10,llama3.1:70b,moderate,1.0,authority
relevance,10,llama3.1:70b,moderate,2.0,authority
relevance,10,llama3.1:70b,moderate,2.0,authority
relevance,10,llama3.1:70b,moderate,3.0,authority
relevance,10,llama3.1:70b,moderate,2.0,authority
relevance,10,llama3.1:70b,moderate,2.0,authority
relevance,10,llama3.1:70b,moderate,2.0,authority
relevance,10,llama3.1:70b,moderate,2.0,authority
relevance,10,llama3.1:70b,moderate,2.0,authority
relevance,10,llama3.1:70b,moderate,2.0,authority
relevance,10,llama3.1:70b,moderate,2.0,authority
relevance,10,llama3.1:70b,moderate,3.0,authority
relevance,10,llama3.1:70b,moderate,2.0,authority
relevance,10,llama3.1:70b,moderate,2.0,authority
relevance,10,llama3.1:70b,moderate,2.0,authority
relevance,10,llama3.1:70b,moderate,2.0,authority
relevance,10,llama3.1:70b,moderate,2.0,authority
relevance,10,llama3.1:70b,moderate,2.0,authority
relevance,10,llama3.1:70b,moderate,3.0,authority
relevance,10,llama3.1:70b,moderate,2.0,authority
relevance,10,llama3.1:70b,liberal,2.0,authority
relevance,10,llama3.1:70b,liberal,1.0,authority
relevance,10,llama3.1:70b,liberal,1.0,authority
relevance,10,llama3.1:70b,liberal,1.0,authority
relevance,10,llama3.1:70b,liberal,2.0,authority
relevance,10,llama3.1:70b,liberal,1.0,authority
relevance,10,llama3.1:70b,liberal,1.0,authority
relevance,10,llama3.1:70b,liberal,1.0,authority
relevance,10,llama3.1:70b,liberal,1.0,authority
relevance,10,llama3.1:70b,liberal,2.0,authority
relevance,10,llama3.1:70b,liberal,1.0,authority
relevance,10,llama3.1:70b,liberal,1.0,authority
relevance,10,llama3.1:70b,liberal,1.0,authority
relevance,10,llama3.1:70b,liberal,1.0,authority
relevance,10,llama3.1:70b,liberal,1.0,authority
relevance,10,llama3.1:70b,liberal,2.0,authority
relevance,10,llama3.1:70b,liberal,1.0,authority
relevance,10,llama3.1:70b,liberal,1.0,authority
relevance,10,llama3.1:70b,liberal,2.0,authority
relevance,10,llama3.1:70b,liberal,1.0,authority
relevance,10,llama3.1:70b,liberal,1.0,authority
relevance,10,llama3.1:70b,liberal,1.0,authority
relevance,10,llama3.1:70b,liberal,2.0,authority
relevance,10,llama3.1:70b,liberal,1.0,authority
relevance,10,llama3.1:70b,liberal,1.0,authority
relevance,10,llama3.1:70b,liberal,1.0,authority
relevance,10,llama3.1:70b,liberal,2.0,authority
relevance,10,llama3.1:70b,liberal,1.0,authority
relevance,10,llama3.1:70b,liberal,2.0,authority
relevance,10,llama3.1:70b,liberal,2.0,authority
relevance,10,llama3.1:70b,liberal,1.0,authority
relevance,10,llama3.1:70b,liberal,1.0,authority
relevance,10,llama3.1:70b,liberal,1.0,authority
relevance,10,llama3.1:70b,liberal,1.0,authority
relevance,10,llama3.1:70b,liberal,2.0,authority
relevance,10,llama3.1:70b,liberal,1.0,authority
relevance,10,llama3.1:70b,liberal,1.0,authority
relevance,10,llama3.1:70b,liberal,1.0,authority
relevance,10,llama3.1:70b,liberal,1.0,authority
relevance,10,llama3.1:70b,liberal,1.0,authority
relevance,10,llama3.1:70b,liberal,1.0,authority
relevance,10,llama3.1:70b,liberal,1.0,authority
relevance,10,llama3.1:70b,liberal,1.0,authority
relevance,10,llama3.1:70b,liberal,2.0,authority
relevance,10,llama3.1:70b,liberal,2.0,authority
relevance,10,llama3.1:70b,liberal,1.0,authority
relevance,10,llama3.1:70b,liberal,1.0,authority
relevance,10,llama3.1:70b,liberal,1.0,authority
relevance,10,llama3.1:70b,liberal,2.0,authority
relevance,10,llama3.1:70b,liberal,1.0,authority
relevance,10,mistral:7b,conservative,3.0,authority
relevance,10,mistral:7b,conservative,0.0,authority
relevance,10,mistral:7b,conservative,1.0,authority
relevance,10,mistral:7b,conservative,2.0,authority
relevance,10,mistral:7b,conservative,3.0,authority
relevance,10,mistral:7b,conservative,2.0,authority
relevance,10,mistral:7b,conservative,2.0,authority
relevance,10,mistral:7b,conservative,2.0,authority
relevance,10,mistral:7b,conservative,1.0,authority
relevance,10,mistral:7b,conservative,2.0,authority
relevance,10,mistral:7b,conservative,2.0,authority
relevance,10,mistral:7b,conservative,2.0,authority
relevance,10,mistral:7b,conservative,2.0,authority
relevance,10,mistral:7b,conservative,2.0,authority
relevance,10,mistral:7b,conservative,2.0,authority
relevance,10,mistral:7b,conservative,3.0,authority
relevance,10,mistral:7b,conservative,2.0,authority
relevance,10,mistral:7b,conservative,3.0,authority
relevance,10,mistral:7b,conservative,2.0,authority
relevance,10,mistral:7b,conservative,2.0,authority
relevance,10,mistral:7b,conservative,0.0,authority
relevance,10,mistral:7b,conservative,0.0,authority
relevance,10,mistral:7b,conservative,2.0,authority
relevance,10,mistral:7b,conservative,0.0,authority
relevance,10,mistral:7b,conservative,2.0,authority
relevance,10,mistral:7b,conservative,2.0,authority
relevance,10,mistral:7b,conservative,1.0,authority
relevance,10,mistral:7b,conservative,2.0,authority
relevance,10,mistral:7b,conservative,2.0,authority
relevance,10,mistral:7b,conservative,3.0,authority
relevance,10,mistral:7b,conservative,2.0,authority
relevance,10,mistral:7b,conservative,2.0,authority
relevance,10,mistral:7b,conservative,2.0,authority
relevance,10,mistral:7b,conservative,2.0,authority
relevance,10,mistral:7b,conservative,2.0,authority
relevance,10,mistral:7b,conservative,2.0,authority
relevance,10,mistral:7b,conservative,2.0,authority
relevance,10,mistral:7b,conservative,3.0,authority
relevance,10,mistral:7b,conservative,2.0,authority
relevance,10,mistral:7b,conservative,3.0,authority
relevance,10,mistral:7b,conservative,2.0,authority
relevance,10,mistral:7b,conservative,2.0,authority
relevance,10,mistral:7b,conservative,2.0,authority
relevance,10,mistral:7b,conservative,2.0,authority
relevance,10,mistral:7b,conservative,2.0,authority
relevance,10,mistral:7b,conservative,2.0,authority
relevance,10,mistral:7b,conservative,2.0,authority
relevance,10,mistral:7b,conservative,2.0,authority
relevance,10,mistral:7b,conservative,2.0,authority
relevance,10,mistral:7b,moderate,1.0,authority
relevance,10,mistral:7b,moderate,1.0,authority
relevance,10,mistral:7b,moderate,1.0,authority
relevance,10,mistral:7b,moderate,1.0,authority
relevance,10,mistral:7b,moderate,1.0,authority
relevance,10,mistral:7b,moderate,1.0,authority
relevance,10,mistral:7b,moderate,1.0,authority
relevance,10,mistral:7b,moderate,1.0,authority
relevance,10,mistral:7b,moderate,1.0,authority
relevance,10,mistral:7b,moderate,1.0,authority
relevance,10,mistral:7b,moderate,1.0,authority
relevance,10,mistral:7b,moderate,1.0,authority
relevance,10,mistral:7b,moderate,1.0,authority
relevance,10,mistral:7b,moderate,1.0,authority
relevance,10,mistral:7b,moderate,2.0,authority
relevance,10,mistral:7b,moderate,1.0,authority
relevance,10,mistral:7b,moderate,1.0,authority
relevance,10,mistral:7b,moderate,1.0,authority
relevance,10,mistral:7b,moderate,1.0,authority
relevance,10,mistral:7b,moderate,1.0,authority
relevance,10,mistral:7b,moderate,1.0,authority
relevance,10,mistral:7b,moderate,1.0,authority
relevance,10,mistral:7b,moderate,1.0,authority
relevance,10,mistral:7b,moderate,1.0,authority
relevance,10,mistral:7b,moderate,1.0,authority
relevance,10,mistral:7b,moderate,1.0,authority
relevance,10,mistral:7b,moderate,1.0,authority
relevance,10,mistral:7b,moderate,1.0,authority
relevance,10,mistral:7b,moderate,1.0,authority
relevance,10,mistral:7b,moderate,1.0,authority
relevance,10,mistral:7b,moderate,1.0,authority
relevance,10,mistral:7b,moderate,3.0,authority
relevance,10,mistral:7b,moderate,1.0,authority
relevance,10,mistral:7b,moderate,1.0,authority
relevance,10,mistral:7b,moderate,1.0,authority
relevance,10,mistral:7b,moderate,1.0,authority
relevance,10,mistral:7b,moderate,1.0,authority
relevance,10,mistral:7b,moderate,1.0,authority
relevance,10,mistral:7b,moderate,1.0,authority
relevance,10,mistral:7b,moderate,1.0,authority
relevance,10,mistral:7b,moderate,1.0,authority
relevance,10,mistral:7b,moderate,1.0,authority
relevance,10,mistral:7b,moderate,1.0,authority
relevance,10,mistral:7b,moderate,1.0,authority
relevance,10,mistral:7b,moderate,1.0,authority
relevance,10,mistral:7b,moderate,1.0,authority
relevance,10,mistral:7b,moderate,1.0,authority
relevance,10,mistral:7b,moderate,1.0,authority
relevance,10,mistral:7b,moderate,1.0,authority
relevance,10,mistral:7b,moderate,1.0,authority
relevance,10,mistral:7b,liberal,1.0,authority
relevance,10,mistral:7b,liberal,1.0,authority
relevance,10,mistral:7b,liberal,1.0,authority
relevance,10,mistral:7b,liberal,1.0,authority
relevance,10,mistral:7b,liberal,1.0,authority
relevance,10,mistral:7b,liberal,1.0,authority
relevance,10,mistral:7b,liberal,1.0,authority
relevance,10,mistral:7b,liberal,1.0,authority
relevance,10,mistral:7b,liberal,1.0,authority
relevance,10,mistral:7b,liberal,1.0,authority
relevance,10,mistral:7b,liberal,1.0,authority
relevance,10,mistral:7b,liberal,1.0,authority
relevance,10,mistral:7b,liberal,1.0,authority
relevance,10,mistral:7b,liberal,1.0,authority
relevance,10,mistral:7b,liberal,1.0,authority
relevance,10,mistral:7b,liberal,1.0,authority
relevance,10,mistral:7b,liberal,1.0,authority
relevance,10,mistral:7b,liberal,1.0,authority
relevance,10,mistral:7b,liberal,1.0,authority
relevance,10,mistral:7b,liberal,1.0,authority
relevance,10,mistral:7b,liberal,1.0,authority
relevance,10,mistral:7b,liberal,1.0,authority
relevance,10,mistral:7b,liberal,1.0,authority
relevance,10,mistral:7b,liberal,1.0,authority
relevance,10,mistral:7b,liberal,1.0,authority
relevance,10,mistral:7b,liberal,1.0,authority
relevance,10,mistral:7b,liberal,1.0,authority
relevance,10,mistral:7b,liberal,1.0,authority
relevance,10,mistral:7b,liberal,1.0,authority
relevance,10,mistral:7b,liberal,1.0,authority
relevance,10,mistral:7b,liberal,1.0,authority
relevance,10,mistral:7b,liberal,1.0,authority
relevance,10,mistral:7b,liberal,1.0,authority
relevance,10,mistral:7b,liberal,1.0,authority
relevance,10,mistral:7b,liberal,1.0,authority
relevance,10,mistral:7b,liberal,1.0,authority
relevance,10,mistral:7b,liberal,1.0,authority
relevance,10,mistral:7b,liberal,1.0,authority
relevance,10,mistral:7b,liberal,1.0,authority
relevance,10,mistral:7b,liberal,1.0,authority
relevance,10,mistral:7b,liberal,1.0,authority
relevance,10,mistral:7b,liberal,1.0,authority
relevance,10,mistral:7b,liberal,1.0,authority
relevance,10,mistral:7b,liberal,1.0,authority
relevance,10,mistral:7b,liberal,1.0,authority
relevance,10,mistral:7b,liberal,1.0,authority
relevance,10,mistral:7b,liberal,1.0,authority
relevance,10,mistral:7b,liberal,1.0,authority
relevance,10,mistral:7b,liberal,1.0,authority
relevance,10,mistral:7b,liberal,1.0,authority
relevance,10,mixtral:8x22b,conservative,4.0,authority
relevance,10,mixtral:8x22b,conservative,4.0,authority
relevance,10,mixtral:8x22b,conservative,4.0,authority
relevance,10,mixtral:8x22b,conservative,4.0,authority
relevance,10,mixtral:8x22b,conservative,4.0,authority
relevance,10,mixtral:8x22b,conservative,4.0,authority
relevance,10,mixtral:8x22b,conservative,4.0,authority
relevance,10,mixtral:8x22b,conservative,4.0,authority
relevance,10,mixtral:8x22b,conservative,4.0,authority
relevance,10,mixtral:8x22b,conservative,4.0,authority
relevance,10,mixtral:8x22b,conservative,4.0,authority
relevance,10,mixtral:8x22b,conservative,4.0,authority
relevance,10,mixtral:8x22b,conservative,4.0,authority
relevance,10,mixtral:8x22b,conservative,4.0,authority
relevance,10,mixtral:8x22b,conservative,4.0,authority
relevance,10,mixtral:8x22b,conservative,4.0,authority
relevance,10,mixtral:8x22b,conservative,4.0,authority
relevance,10,mixtral:8x22b,conservative,4.0,authority
relevance,10,mixtral:8x22b,conservative,4.0,authority
relevance,10,mixtral:8x22b,conservative,4.0,authority
relevance,10,mixtral:8x22b,conservative,4.0,authority
relevance,10,mixtral:8x22b,conservative,4.0,authority
relevance,10,mixtral:8x22b,conservative,4.0,authority
relevance,10,mixtral:8x22b,conservative,4.0,authority
relevance,10,mixtral:8x22b,conservative,4.0,authority
relevance,10,mixtral:8x22b,conservative,4.0,authority
relevance,10,mixtral:8x22b,conservative,4.0,authority
relevance,10,mixtral:8x22b,conservative,4.0,authority
relevance,10,mixtral:8x22b,conservative,4.0,authority
relevance,10,mixtral:8x22b,conservative,4.0,authority
relevance,10,mixtral:8x22b,conservative,4.0,authority
relevance,10,mixtral:8x22b,conservative,4.0,authority
relevance,10,mixtral:8x22b,conservative,4.0,authority
relevance,10,mixtral:8x22b,conservative,4.0,authority
relevance,10,mixtral:8x22b,conservative,4.0,authority
relevance,10,mixtral:8x22b,conservative,4.0,authority
relevance,10,mixtral:8x22b,conservative,4.0,authority
relevance,10,mixtral:8x22b,conservative,4.0,authority
relevance,10,mixtral:8x22b,conservative,4.0,authority
relevance,10,mixtral:8x22b,conservative,4.0,authority
relevance,10,mixtral:8x22b,conservative,4.0,authority
relevance,10,mixtral:8x22b,conservative,4.0,authority
relevance,10,mixtral:8x22b,conservative,4.0,authority
relevance,10,mixtral:8x22b,conservative,4.0,authority
relevance,10,mixtral:8x22b,conservative,4.0,authority
relevance,10,mixtral:8x22b,conservative,4.0,authority
relevance,10,mixtral:8x22b,conservative,4.0,authority
relevance,10,mixtral:8x22b,conservative,4.0,authority
relevance,10,mixtral:8x22b,conservative,4.0,authority
relevance,10,mixtral:8x22b,conservative,4.0,authority
relevance,10,mixtral:8x22b,moderate,2.0,authority
relevance,10,mixtral:8x22b,moderate,2.0,authority
relevance,10,mixtral:8x22b,moderate,2.0,authority
relevance,10,mixtral:8x22b,moderate,2.0,authority
relevance,10,mixtral:8x22b,moderate,2.0,authority
relevance,10,mixtral:8x22b,moderate,2.0,authority
relevance,10,mixtral:8x22b,moderate,2.0,authority
relevance,10,mixtral:8x22b,moderate,2.0,authority
relevance,10,mixtral:8x22b,moderate,2.0,authority
relevance,10,mixtral:8x22b,moderate,2.0,authority
relevance,10,mixtral:8x22b,moderate,2.0,authority
relevance,10,mixtral:8x22b,moderate,2.0,authority
relevance,10,mixtral:8x22b,moderate,2.0,authority
relevance,10,mixtral:8x22b,moderate,2.0,authority
relevance,10,mixtral:8x22b,moderate,2.0,authority
relevance,10,mixtral:8x22b,moderate,2.0,authority
relevance,10,mixtral:8x22b,moderate,2.0,authority
relevance,10,mixtral:8x22b,moderate,2.0,authority
relevance,10,mixtral:8x22b,moderate,2.0,authority
relevance,10,mixtral:8x22b,moderate,2.0,authority
relevance,10,mixtral:8x22b,moderate,2.0,authority
relevance,10,mixtral:8x22b,moderate,2.0,authority
relevance,10,mixtral:8x22b,moderate,2.0,authority
relevance,10,mixtral:8x22b,moderate,2.0,authority
relevance,10,mixtral:8x22b,moderate,2.0,authority
relevance,10,mixtral:8x22b,moderate,2.0,authority
relevance,10,mixtral:8x22b,moderate,2.0,authority
relevance,10,mixtral:8x22b,moderate,2.0,authority
relevance,10,mixtral:8x22b,moderate,2.0,authority
relevance,10,mixtral:8x22b,moderate,2.0,authority
relevance,10,mixtral:8x22b,moderate,2.0,authority
relevance,10,mixtral:8x22b,moderate,2.0,authority
relevance,10,mixtral:8x22b,moderate,2.0,authority
relevance,10,mixtral:8x22b,moderate,2.0,authority
relevance,10,mixtral:8x22b,moderate,2.0,authority
relevance,10,mixtral:8x22b,moderate,2.0,authority
relevance,10,mixtral:8x22b,moderate,2.0,authority
relevance,10,mixtral:8x22b,moderate,2.0,authority
relevance,10,mixtral:8x22b,moderate,2.0,authority
relevance,10,mixtral:8x22b,moderate,2.0,authority
relevance,10,mixtral:8x22b,moderate,2.0,authority
relevance,10,mixtral:8x22b,moderate,2.0,authority
relevance,10,mixtral:8x22b,moderate,2.0,authority
relevance,10,mixtral:8x22b,moderate,2.0,authority
relevance,10,mixtral:8x22b,moderate,2.0,authority
relevance,10,mixtral:8x22b,moderate,2.0,authority
relevance,10,mixtral:8x22b,moderate,2.0,authority
relevance,10,mixtral:8x22b,moderate,2.0,authority
relevance,10,mixtral:8x22b,moderate,2.0,authority
relevance,10,mixtral:8x22b,moderate,2.0,authority
relevance,10,mixtral:8x22b,liberal,2.0,authority
relevance,10,mixtral:8x22b,liberal,2.0,authority
relevance,10,mixtral:8x22b,liberal,2.0,authority
relevance,10,mixtral:8x22b,liberal,2.0,authority
relevance,10,mixtral:8x22b,liberal,2.0,authority
relevance,10,mixtral:8x22b,liberal,2.0,authority
relevance,10,mixtral:8x22b,liberal,2.0,authority
relevance,10,mixtral:8x22b,liberal,2.0,authority
relevance,10,mixtral:8x22b,liberal,2.0,authority
relevance,10,mixtral:8x22b,liberal,2.0,authority
relevance,10,mixtral:8x22b,liberal,2.0,authority
relevance,10,mixtral:8x22b,liberal,2.0,authority
relevance,10,mixtral:8x22b,liberal,2.0,authority
relevance,10,mixtral:8x22b,liberal,2.0,authority
relevance,10,mixtral:8x22b,liberal,2.0,authority
relevance,10,mixtral:8x22b,liberal,2.0,authority
relevance,10,mixtral:8x22b,liberal,2.0,authority
relevance,10,mixtral:8x22b,liberal,2.0,authority
relevance,10,mixtral:8x22b,liberal,2.0,authority
relevance,10,mixtral:8x22b,liberal,2.0,authority
relevance,10,mixtral:8x22b,liberal,2.0,authority
relevance,10,mixtral:8x22b,liberal,2.0,authority
relevance,10,mixtral:8x22b,liberal,2.0,authority
relevance,10,mixtral:8x22b,liberal,2.0,authority
relevance,10,mixtral:8x22b,liberal,2.0,authority
relevance,10,mixtral:8x22b,liberal,2.0,authority
relevance,10,mixtral:8x22b,liberal,2.0,authority
relevance,10,mixtral:8x22b,liberal,2.0,authority
relevance,10,mixtral:8x22b,liberal,2.0,authority
relevance,10,mixtral:8x22b,liberal,2.0,authority
relevance,10,mixtral:8x22b,liberal,2.0,authority
relevance,10,mixtral:8x22b,liberal,2.0,authority
relevance,10,mixtral:8x22b,liberal,2.0,authority
relevance,10,mixtral:8x22b,liberal,2.0,authority
relevance,10,mixtral:8x22b,liberal,2.0,authority
relevance,10,mixtral:8x22b,liberal,2.0,authority
relevance,10,mixtral:8x22b,liberal,2.0,authority
relevance,10,mixtral:8x22b,liberal,2.0,authority
relevance,10,mixtral:8x22b,liberal,2.0,authority
relevance,10,mixtral:8x22b,liberal,2.0,authority
relevance,10,mixtral:8x22b,liberal,2.0,authority
relevance,10,mixtral:8x22b,liberal,2.0,authority
relevance,10,mixtral:8x22b,liberal,2.0,authority
relevance,10,mixtral:8x22b,liberal,2.0,authority
relevance,10,mixtral:8x22b,liberal,2.0,authority
relevance,10,mixtral:8x22b,liberal,2.0,authority
relevance,10,mixtral:8x22b,liberal,2.0,authority
relevance,10,mixtral:8x22b,liberal,2.0,authority
relevance,10,mixtral:8x22b,liberal,2.0,authority
relevance,10,mixtral:8x22b,liberal,2.0,authority
relevance,10,mixtral:8x7b,conservative,4.0,authority
relevance,10,mixtral:8x7b,conservative,4.0,authority
relevance,10,mixtral:8x7b,conservative,4.0,authority
relevance,10,mixtral:8x7b,conservative,4.0,authority
relevance,10,mixtral:8x7b,conservative,4.0,authority
relevance,10,mixtral:8x7b,conservative,4.0,authority
relevance,10,mixtral:8x7b,conservative,4.0,authority
relevance,10,mixtral:8x7b,conservative,4.0,authority
relevance,10,mixtral:8x7b,conservative,4.0,authority
relevance,10,mixtral:8x7b,conservative,4.0,authority
relevance,10,mixtral:8x7b,conservative,4.0,authority
relevance,10,mixtral:8x7b,conservative,4.0,authority
relevance,10,mixtral:8x7b,conservative,4.0,authority
relevance,10,mixtral:8x7b,conservative,4.0,authority
relevance,10,mixtral:8x7b,conservative,4.0,authority
relevance,10,mixtral:8x7b,conservative,4.0,authority
relevance,10,mixtral:8x7b,conservative,4.0,authority
relevance,10,mixtral:8x7b,conservative,4.0,authority
relevance,10,mixtral:8x7b,conservative,4.0,authority
relevance,10,mixtral:8x7b,conservative,4.0,authority
relevance,10,mixtral:8x7b,conservative,4.0,authority
relevance,10,mixtral:8x7b,conservative,4.0,authority
relevance,10,mixtral:8x7b,conservative,4.0,authority
relevance,10,mixtral:8x7b,conservative,4.0,authority
relevance,10,mixtral:8x7b,conservative,4.0,authority
relevance,10,mixtral:8x7b,conservative,4.0,authority
relevance,10,mixtral:8x7b,conservative,4.0,authority
relevance,10,mixtral:8x7b,conservative,4.0,authority
relevance,10,mixtral:8x7b,conservative,4.0,authority
relevance,10,mixtral:8x7b,conservative,4.0,authority
relevance,10,mixtral:8x7b,conservative,4.0,authority
relevance,10,mixtral:8x7b,conservative,4.0,authority
relevance,10,mixtral:8x7b,conservative,4.0,authority
relevance,10,mixtral:8x7b,conservative,4.0,authority
relevance,10,mixtral:8x7b,conservative,4.0,authority
relevance,10,mixtral:8x7b,conservative,4.0,authority
relevance,10,mixtral:8x7b,conservative,4.0,authority
relevance,10,mixtral:8x7b,conservative,3.0,authority
relevance,10,mixtral:8x7b,conservative,4.0,authority
relevance,10,mixtral:8x7b,conservative,4.0,authority
relevance,10,mixtral:8x7b,conservative,4.0,authority
relevance,10,mixtral:8x7b,conservative,4.0,authority
relevance,10,mixtral:8x7b,conservative,4.0,authority
relevance,10,mixtral:8x7b,conservative,4.0,authority
relevance,10,mixtral:8x7b,conservative,4.0,authority
relevance,10,mixtral:8x7b,conservative,4.0,authority
relevance,10,mixtral:8x7b,conservative,4.0,authority
relevance,10,mixtral:8x7b,conservative,4.0,authority
relevance,10,mixtral:8x7b,conservative,4.0,authority
relevance,10,mixtral:8x7b,conservative,4.0,authority
relevance,10,mixtral:8x7b,moderate,3.0,authority
relevance,10,mixtral:8x7b,moderate,3.0,authority
relevance,10,mixtral:8x7b,moderate,3.0,authority
relevance,10,mixtral:8x7b,moderate,3.0,authority
relevance,10,mixtral:8x7b,moderate,2.0,authority
relevance,10,mixtral:8x7b,moderate,3.0,authority
relevance,10,mixtral:8x7b,moderate,3.0,authority
relevance,10,mixtral:8x7b,moderate,3.0,authority
relevance,10,mixtral:8x7b,moderate,3.0,authority
relevance,10,mixtral:8x7b,moderate,3.0,authority
relevance,10,mixtral:8x7b,moderate,3.0,authority
relevance,10,mixtral:8x7b,moderate,3.0,authority
relevance,10,mixtral:8x7b,moderate,3.0,authority
relevance,10,mixtral:8x7b,moderate,3.0,authority
relevance,10,mixtral:8x7b,moderate,3.0,authority
relevance,10,mixtral:8x7b,moderate,3.0,authority
relevance,10,mixtral:8x7b,moderate,2.0,authority
relevance,10,mixtral:8x7b,moderate,3.0,authority
relevance,10,mixtral:8x7b,moderate,3.0,authority
relevance,10,mixtral:8x7b,moderate,3.0,authority
relevance,10,mixtral:8x7b,moderate,3.0,authority
relevance,10,mixtral:8x7b,moderate,3.0,authority
relevance,10,mixtral:8x7b,moderate,2.0,authority
relevance,10,mixtral:8x7b,moderate,3.0,authority
relevance,10,mixtral:8x7b,moderate,3.0,authority
relevance,10,mixtral:8x7b,moderate,3.0,authority
relevance,10,mixtral:8x7b,moderate,3.0,authority
relevance,10,mixtral:8x7b,moderate,3.0,authority
relevance,10,mixtral:8x7b,moderate,3.0,authority
relevance,10,mixtral:8x7b,moderate,3.0,authority
relevance,10,mixtral:8x7b,moderate,3.0,authority
relevance,10,mixtral:8x7b,moderate,2.0,authority
relevance,10,mixtral:8x7b,moderate,3.0,authority
relevance,10,mixtral:8x7b,moderate,3.0,authority
relevance,10,mixtral:8x7b,moderate,3.0,authority
relevance,10,mixtral:8x7b,moderate,2.0,authority
relevance,10,mixtral:8x7b,moderate,3.0,authority
relevance,10,mixtral:8x7b,moderate,3.0,authority
relevance,10,mixtral:8x7b,moderate,3.0,authority
relevance,10,mixtral:8x7b,moderate,3.0,authority
relevance,10,mixtral:8x7b,moderate,3.0,authority
relevance,10,mixtral:8x7b,moderate,3.0,authority
relevance,10,mixtral:8x7b,moderate,2.0,authority
relevance,10,mixtral:8x7b,moderate,3.0,authority
relevance,10,mixtral:8x7b,moderate,3.0,authority
relevance,10,mixtral:8x7b,moderate,3.0,authority
relevance,10,mixtral:8x7b,moderate,2.0,authority
relevance,10,mixtral:8x7b,moderate,3.0,authority
relevance,10,mixtral:8x7b,moderate,3.0,authority
relevance,10,mixtral:8x7b,moderate,3.0,authority
relevance,10,mixtral:8x7b,liberal,2.0,authority
relevance,10,mixtral:8x7b,liberal,2.0,authority
relevance,10,mixtral:8x7b,liberal,2.0,authority
relevance,10,mixtral:8x7b,liberal,2.0,authority
relevance,10,mixtral:8x7b,liberal,2.0,authority
relevance,10,mixtral:8x7b,liberal,2.0,authority
relevance,10,mixtral:8x7b,liberal,2.0,authority
relevance,10,mixtral:8x7b,liberal,2.0,authority
relevance,10,mixtral:8x7b,liberal,2.0,authority
relevance,10,mixtral:8x7b,liberal,2.0,authority
relevance,10,mixtral:8x7b,liberal,2.0,authority
relevance,10,mixtral:8x7b,liberal,2.0,authority
relevance,10,mixtral:8x7b,liberal,2.0,authority
relevance,10,mixtral:8x7b,liberal,2.0,authority
relevance,10,mixtral:8x7b,liberal,2.0,authority
relevance,10,mixtral:8x7b,liberal,2.0,authority
relevance,10,mixtral:8x7b,liberal,2.0,authority
relevance,10,mixtral:8x7b,liberal,2.0,authority
relevance,10,mixtral:8x7b,liberal,2.0,authority
relevance,10,mixtral:8x7b,liberal,2.0,authority
relevance,10,mixtral:8x7b,liberal,2.0,authority
relevance,10,mixtral:8x7b,liberal,2.0,authority
relevance,10,mixtral:8x7b,liberal,2.0,authority
relevance,10,mixtral:8x7b,liberal,2.0,authority
relevance,10,mixtral:8x7b,liberal,2.0,authority
relevance,10,mixtral:8x7b,liberal,2.0,authority
relevance,10,mixtral:8x7b,liberal,2.0,authority
relevance,10,mixtral:8x7b,liberal,2.0,authority
relevance,10,mixtral:8x7b,liberal,2.0,authority
relevance,10,mixtral:8x7b,liberal,2.0,authority
relevance,10,mixtral:8x7b,liberal,2.0,authority
relevance,10,mixtral:8x7b,liberal,2.0,authority
relevance,10,mixtral:8x7b,liberal,2.0,authority
relevance,10,mixtral:8x7b,liberal,2.0,authority
relevance,10,mixtral:8x7b,liberal,2.0,authority
relevance,10,mixtral:8x7b,liberal,2.0,authority
relevance,10,mixtral:8x7b,liberal,2.0,authority
relevance,10,mixtral:8x7b,liberal,2.0,authority
relevance,10,mixtral:8x7b,liberal,2.0,authority
relevance,10,mixtral:8x7b,liberal,2.0,authority
relevance,10,mixtral:8x7b,liberal,2.0,authority
relevance,10,mixtral:8x7b,liberal,2.0,authority
relevance,10,mixtral:8x7b,liberal,2.0,authority
relevance,10,mixtral:8x7b,liberal,2.0,authority
relevance,10,mixtral:8x7b,liberal,2.0,authority
relevance,10,mixtral:8x7b,liberal,2.0,authority
relevance,10,mixtral:8x7b,liberal,2.0,authority
relevance,10,mixtral:8x7b,liberal,2.0,authority
relevance,10,mixtral:8x7b,liberal,2.0,authority
relevance,10,mixtral:8x7b,liberal,2.0,authority
relevance,10,phi3:14b,conservative,3.0,authority
relevance,10,phi3:14b,conservative,3.0,authority
relevance,10,phi3:14b,conservative,2.0,authority
relevance,10,phi3:14b,conservative,3.0,authority
relevance,10,phi3:14b,conservative,3.0,authority
relevance,10,phi3:14b,conservative,3.0,authority
relevance,10,phi3:14b,conservative,2.0,authority
relevance,10,phi3:14b,conservative,5.0,authority
relevance,10,phi3:14b,conservative,4.0,authority
relevance,10,phi3:14b,conservative,3.0,authority
relevance,10,phi3:14b,conservative,4.0,authority
relevance,10,phi3:14b,conservative,5.0,authority
relevance,10,phi3:14b,conservative,3.0,authority
relevance,10,phi3:14b,conservative,2.0,authority
relevance,10,phi3:14b,conservative,2.0,authority
relevance,10,phi3:14b,conservative,3.0,authority
relevance,10,phi3:14b,conservative,3.0,authority
relevance,10,phi3:14b,conservative,4.0,authority
relevance,10,phi3:14b,conservative,3.0,authority
relevance,10,phi3:14b,conservative,4.0,authority
relevance,10,phi3:14b,conservative,4.0,authority
relevance,10,phi3:14b,conservative,5.0,authority
relevance,10,phi3:14b,conservative,3.0,authority
relevance,10,phi3:14b,conservative,4.0,authority
relevance,10,phi3:14b,conservative,4.0,authority
relevance,10,phi3:14b,conservative,2.0,authority
relevance,10,phi3:14b,conservative,2.0,authority
relevance,10,phi3:14b,conservative,2.0,authority
relevance,10,phi3:14b,conservative,3.0,authority
relevance,10,phi3:14b,conservative,2.0,authority
relevance,10,phi3:14b,conservative,2.0,authority
relevance,10,phi3:14b,conservative,2.0,authority
relevance,10,phi3:14b,conservative,2.0,authority
relevance,10,phi3:14b,conservative,3.0,authority
relevance,10,phi3:14b,conservative,4.0,authority
relevance,10,phi3:14b,conservative,2.0,authority
relevance,10,phi3:14b,conservative,3.0,authority
relevance,10,phi3:14b,conservative,2.0,authority
relevance,10,phi3:14b,conservative,3.0,authority
relevance,10,phi3:14b,conservative,5.0,authority
relevance,10,phi3:14b,conservative,3.0,authority
relevance,10,phi3:14b,conservative,3.0,authority
relevance,10,phi3:14b,conservative,2.0,authority
relevance,10,phi3:14b,conservative,4.0,authority
relevance,10,phi3:14b,conservative,3.0,authority
relevance,10,phi3:14b,conservative,4.0,authority
relevance,10,phi3:14b,conservative,2.0,authority
relevance,10,phi3:14b,conservative,3.0,authority
relevance,10,phi3:14b,conservative,4.0,authority
relevance,10,phi3:14b,conservative,3.0,authority
relevance,10,phi3:14b,moderate,3.0,authority
relevance,10,phi3:14b,moderate,3.0,authority
relevance,10,phi3:14b,moderate,4.0,authority
relevance,10,phi3:14b,moderate,4.0,authority
relevance,10,phi3:14b,moderate,3.0,authority
relevance,10,phi3:14b,moderate,3.0,authority
relevance,10,phi3:14b,moderate,2.0,authority
relevance,10,phi3:14b,moderate,3.0,authority
relevance,10,phi3:14b,moderate,3.0,authority
relevance,10,phi3:14b,moderate,4.0,authority
relevance,10,phi3:14b,moderate,4.0,authority
relevance,10,phi3:14b,moderate,3.0,authority
relevance,10,phi3:14b,moderate,2.0,authority
relevance,10,phi3:14b,moderate,2.0,authority
relevance,10,phi3:14b,moderate,2.0,authority
relevance,10,phi3:14b,moderate,3.0,authority
relevance,10,phi3:14b,moderate,3.0,authority
relevance,10,phi3:14b,moderate,4.0,authority
relevance,10,phi3:14b,moderate,3.0,authority
relevance,10,phi3:14b,moderate,3.0,authority
relevance,10,phi3:14b,moderate,2.0,authority
relevance,10,phi3:14b,moderate,2.0,authority
relevance,10,phi3:14b,moderate,4.0,authority
relevance,10,phi3:14b,moderate,2.0,authority
relevance,10,phi3:14b,moderate,3.0,authority
relevance,10,phi3:14b,moderate,2.0,authority
relevance,10,phi3:14b,moderate,4.0,authority
relevance,10,phi3:14b,moderate,3.0,authority
relevance,10,phi3:14b,moderate,2.0,authority
relevance,10,phi3:14b,moderate,4.0,authority
relevance,10,phi3:14b,moderate,4.0,authority
relevance,10,phi3:14b,moderate,2.0,authority
relevance,10,phi3:14b,moderate,3.0,authority
relevance,10,phi3:14b,moderate,2.0,authority
relevance,10,phi3:14b,moderate,4.0,authority
relevance,10,phi3:14b,moderate,2.0,authority
relevance,10,phi3:14b,moderate,2.0,authority
relevance,10,phi3:14b,moderate,3.0,authority
relevance,10,phi3:14b,moderate,4.0,authority
relevance,10,phi3:14b,moderate,2.0,authority
relevance,10,phi3:14b,moderate,4.0,authority
relevance,10,phi3:14b,moderate,2.0,authority
relevance,10,phi3:14b,moderate,2.0,authority
relevance,10,phi3:14b,moderate,1.0,authority
relevance,10,phi3:14b,moderate,2.0,authority
relevance,10,phi3:14b,moderate,2.0,authority
relevance,10,phi3:14b,moderate,2.0,authority
relevance,10,phi3:14b,moderate,4.0,authority
relevance,10,phi3:14b,moderate,4.0,authority
relevance,10,phi3:14b,moderate,3.0,authority
relevance,10,phi3:14b,liberal,2.0,authority
relevance,10,phi3:14b,liberal,2.0,authority
relevance,10,phi3:14b,liberal,3.0,authority
relevance,10,phi3:14b,liberal,3.0,authority
relevance,10,phi3:14b,liberal,2.0,authority
relevance,10,phi3:14b,liberal,4.0,authority
relevance,10,phi3:14b,liberal,1.0,authority
relevance,10,phi3:14b,liberal,1.0,authority
relevance,10,phi3:14b,liberal,2.0,authority
relevance,10,phi3:14b,liberal,1.0,authority
relevance,10,phi3:14b,liberal,3.0,authority
relevance,10,phi3:14b,liberal,3.0,authority
relevance,10,phi3:14b,liberal,2.0,authority
relevance,10,phi3:14b,liberal,3.0,authority
relevance,10,phi3:14b,liberal,2.0,authority
relevance,10,phi3:14b,liberal,2.0,authority
relevance,10,phi3:14b,liberal,2.0,authority
relevance,10,phi3:14b,liberal,2.0,authority
relevance,10,phi3:14b,liberal,1.0,authority
relevance,10,phi3:14b,liberal,1.0,authority
relevance,10,phi3:14b,liberal,2.0,authority
relevance,10,phi3:14b,liberal,3.0,authority
relevance,10,phi3:14b,liberal,2.0,authority
relevance,10,phi3:14b,liberal,2.0,authority
relevance,10,phi3:14b,liberal,3.0,authority
relevance,10,phi3:14b,liberal,3.0,authority
relevance,10,phi3:14b,liberal,3.0,authority
relevance,10,phi3:14b,liberal,3.0,authority
relevance,10,phi3:14b,liberal,1.0,authority
relevance,10,phi3:14b,liberal,2.0,authority
relevance,10,phi3:14b,liberal,4.0,authority
relevance,10,phi3:14b,liberal,3.0,authority
relevance,10,phi3:14b,liberal,2.0,authority
relevance,10,phi3:14b,liberal,2.0,authority
relevance,10,phi3:14b,liberal,1.0,authority
relevance,10,phi3:14b,liberal,1.0,authority
relevance,10,phi3:14b,liberal,3.0,authority
relevance,10,phi3:14b,liberal,2.0,authority
relevance,10,phi3:14b,liberal,3.0,authority
relevance,10,phi3:14b,liberal,2.0,authority
relevance,10,phi3:14b,liberal,3.0,authority
relevance,10,phi3:14b,liberal,3.0,authority
relevance,10,phi3:14b,liberal,3.0,authority
relevance,10,phi3:14b,liberal,1.0,authority
relevance,10,phi3:14b,liberal,2.0,authority
relevance,10,phi3:14b,liberal,2.0,authority
relevance,10,phi3:14b,liberal,4.0,authority
relevance,10,phi3:14b,liberal,4.0,authority
relevance,10,phi3:14b,liberal,3.0,authority
relevance,10,phi3:14b,liberal,2.0,authority
relevance,10,gemma:7b,conservative,3.0,authority
relevance,10,gemma:7b,conservative,3.0,authority
relevance,10,gemma:7b,conservative,3.0,authority
relevance,10,gemma:7b,conservative,3.0,authority
relevance,10,gemma:7b,conservative,3.0,authority
relevance,10,gemma:7b,conservative,3.0,authority
relevance,10,gemma:7b,conservative,3.0,authority
relevance,10,gemma:7b,conservative,3.0,authority
relevance,10,gemma:7b,conservative,3.0,authority
relevance,10,gemma:7b,conservative,3.0,authority
relevance,10,gemma:7b,conservative,3.0,authority
relevance,10,gemma:7b,conservative,3.0,authority
relevance,10,gemma:7b,conservative,3.0,authority
relevance,10,gemma:7b,conservative,3.0,authority
relevance,10,gemma:7b,conservative,3.0,authority
relevance,10,gemma:7b,conservative,3.0,authority
relevance,10,gemma:7b,conservative,3.0,authority
relevance,10,gemma:7b,conservative,3.0,authority
relevance,10,gemma:7b,conservative,3.0,authority
relevance,10,gemma:7b,conservative,3.0,authority
relevance,10,gemma:7b,conservative,3.0,authority
relevance,10,gemma:7b,conservative,3.0,authority
relevance,10,gemma:7b,conservative,3.0,authority
relevance,10,gemma:7b,conservative,3.0,authority
relevance,10,gemma:7b,conservative,3.0,authority
relevance,10,gemma:7b,conservative,3.0,authority
relevance,10,gemma:7b,conservative,3.0,authority
relevance,10,gemma:7b,conservative,3.0,authority
relevance,10,gemma:7b,conservative,3.0,authority
relevance,10,gemma:7b,conservative,2.0,authority
relevance,10,gemma:7b,conservative,3.0,authority
relevance,10,gemma:7b,conservative,3.0,authority
relevance,10,gemma:7b,conservative,3.0,authority
relevance,10,gemma:7b,conservative,3.0,authority
relevance,10,gemma:7b,conservative,3.0,authority
relevance,10,gemma:7b,conservative,3.0,authority
relevance,10,gemma:7b,conservative,3.0,authority
relevance,10,gemma:7b,conservative,3.0,authority
relevance,10,gemma:7b,conservative,3.0,authority
relevance,10,gemma:7b,conservative,3.0,authority
relevance,10,gemma:7b,conservative,3.0,authority
relevance,10,gemma:7b,conservative,3.0,authority
relevance,10,gemma:7b,conservative,3.0,authority
relevance,10,gemma:7b,conservative,3.0,authority
relevance,10,gemma:7b,conservative,3.0,authority
relevance,10,gemma:7b,conservative,3.0,authority
relevance,10,gemma:7b,conservative,3.0,authority
relevance,10,gemma:7b,conservative,3.0,authority
relevance,10,gemma:7b,conservative,3.0,authority
relevance,10,gemma:7b,conservative,3.0,authority
relevance,10,gemma:7b,moderate,3.0,authority
relevance,10,gemma:7b,moderate,3.0,authority
relevance,10,gemma:7b,moderate,3.0,authority
relevance,10,gemma:7b,moderate,3.0,authority
relevance,10,gemma:7b,moderate,3.0,authority
relevance,10,gemma:7b,moderate,3.0,authority
relevance,10,gemma:7b,moderate,3.0,authority
relevance,10,gemma:7b,moderate,3.0,authority
relevance,10,gemma:7b,moderate,3.0,authority
relevance,10,gemma:7b,moderate,3.0,authority
relevance,10,gemma:7b,moderate,3.0,authority
relevance,10,gemma:7b,moderate,3.0,authority
relevance,10,gemma:7b,moderate,3.0,authority
relevance,10,gemma:7b,moderate,3.0,authority
relevance,10,gemma:7b,moderate,3.0,authority
relevance,10,gemma:7b,moderate,3.0,authority
relevance,10,gemma:7b,moderate,3.0,authority
relevance,10,gemma:7b,moderate,3.0,authority
relevance,10,gemma:7b,moderate,3.0,authority
relevance,10,gemma:7b,moderate,3.0,authority
relevance,10,gemma:7b,moderate,3.0,authority
relevance,10,gemma:7b,moderate,3.0,authority
relevance,10,gemma:7b,moderate,3.0,authority
relevance,10,gemma:7b,moderate,3.0,authority
relevance,10,gemma:7b,moderate,3.0,authority
relevance,10,gemma:7b,moderate,3.0,authority
relevance,10,gemma:7b,moderate,3.0,authority
relevance,10,gemma:7b,moderate,3.0,authority
relevance,10,gemma:7b,moderate,3.0,authority
relevance,10,gemma:7b,moderate,3.0,authority
relevance,10,gemma:7b,moderate,3.0,authority
relevance,10,gemma:7b,moderate,3.0,authority
relevance,10,gemma:7b,moderate,3.0,authority
relevance,10,gemma:7b,moderate,3.0,authority
relevance,10,gemma:7b,moderate,3.0,authority
relevance,10,gemma:7b,moderate,3.0,authority
relevance,10,gemma:7b,moderate,3.0,authority
relevance,10,gemma:7b,moderate,3.0,authority
relevance,10,gemma:7b,moderate,3.0,authority
relevance,10,gemma:7b,moderate,3.0,authority
relevance,10,gemma:7b,moderate,3.0,authority
relevance,10,gemma:7b,moderate,3.0,authority
relevance,10,gemma:7b,moderate,3.0,authority
relevance,10,gemma:7b,moderate,3.0,authority
relevance,10,gemma:7b,moderate,3.0,authority
relevance,10,gemma:7b,liberal,3.0,authority
relevance,10,gemma:7b,liberal,3.0,authority
relevance,10,gemma:7b,liberal,3.0,authority
relevance,10,gemma:7b,liberal,3.0,authority
relevance,10,gemma:7b,liberal,3.0,authority
relevance,10,gemma:7b,liberal,3.0,authority
relevance,10,gemma:7b,liberal,3.0,authority
relevance,10,gemma:7b,liberal,3.0,authority
relevance,10,gemma:7b,liberal,3.0,authority
relevance,10,gemma:7b,liberal,3.0,authority
relevance,10,gemma:7b,liberal,3.0,authority
relevance,10,gemma:7b,liberal,3.0,authority
relevance,10,gemma:7b,liberal,3.0,authority
relevance,10,gemma:7b,liberal,3.0,authority
relevance,10,gemma:7b,liberal,3.0,authority
relevance,10,gemma:7b,liberal,3.0,authority
relevance,10,gemma:7b,liberal,3.0,authority
relevance,10,gemma:7b,liberal,3.0,authority
relevance,10,gemma:7b,liberal,3.0,authority
relevance,10,gemma:7b,liberal,3.0,authority
relevance,10,gemma:7b,liberal,3.0,authority
relevance,10,gemma:7b,liberal,3.0,authority
relevance,10,gemma:7b,liberal,3.0,authority
relevance,10,gemma:7b,liberal,3.0,authority
relevance,10,gemma:7b,liberal,3.0,authority
relevance,10,gemma:7b,liberal,3.0,authority
relevance,10,gemma:7b,liberal,3.0,authority
relevance,10,gemma:7b,liberal,3.0,authority
relevance,10,gemma:7b,liberal,3.0,authority
relevance,10,gemma:7b,liberal,3.0,authority
relevance,10,gemma:7b,liberal,3.0,authority
relevance,10,gemma:7b,liberal,3.0,authority
relevance,10,gemma:7b,liberal,3.0,authority
relevance,10,gemma:7b,liberal,3.0,authority
relevance,10,gemma:7b,liberal,3.0,authority
relevance,10,gemma:7b,liberal,3.0,authority
relevance,10,gemma:7b,liberal,3.0,authority
relevance,10,gemma:7b,liberal,3.0,authority
relevance,10,gemma:7b,liberal,3.0,authority
relevance,10,gemma:7b,liberal,3.0,authority
relevance,10,gemma:7b,liberal,3.0,authority
relevance,10,gemma:7b,liberal,3.0,authority
relevance,10,gemma:7b,liberal,3.0,authority
relevance,10,gemma:7b,liberal,3.0,authority
relevance,10,gemma:7b,liberal,3.0,authority
relevance,10,gemma2:27b,conservative,4.0,authority
relevance,10,gemma2:27b,conservative,4.0,authority
relevance,10,gemma2:27b,conservative,4.0,authority
relevance,10,gemma2:27b,conservative,4.0,authority
relevance,10,gemma2:27b,conservative,4.0,authority
relevance,10,gemma2:27b,conservative,4.0,authority
relevance,10,gemma2:27b,conservative,4.0,authority
relevance,10,gemma2:27b,conservative,4.0,authority
relevance,10,gemma2:27b,conservative,4.0,authority
relevance,10,gemma2:27b,conservative,4.0,authority
relevance,10,gemma2:27b,conservative,4.0,authority
relevance,10,gemma2:27b,conservative,4.0,authority
relevance,10,gemma2:27b,conservative,4.0,authority
relevance,10,gemma2:27b,conservative,4.0,authority
relevance,10,gemma2:27b,conservative,4.0,authority
relevance,10,gemma2:27b,conservative,4.0,authority
relevance,10,gemma2:27b,conservative,4.0,authority
relevance,10,gemma2:27b,conservative,4.0,authority
relevance,10,gemma2:27b,conservative,4.0,authority
relevance,10,gemma2:27b,conservative,4.0,authority
relevance,10,gemma2:27b,conservative,4.0,authority
relevance,10,gemma2:27b,conservative,4.0,authority
relevance,10,gemma2:27b,conservative,4.0,authority
relevance,10,gemma2:27b,conservative,4.0,authority
relevance,10,gemma2:27b,conservative,4.0,authority
relevance,10,gemma2:27b,conservative,4.0,authority
relevance,10,gemma2:27b,conservative,4.0,authority
relevance,10,gemma2:27b,conservative,4.0,authority
relevance,10,gemma2:27b,conservative,4.0,authority
relevance,10,gemma2:27b,conservative,4.0,authority
relevance,10,gemma2:27b,conservative,4.0,authority
relevance,10,gemma2:27b,conservative,4.0,authority
relevance,10,gemma2:27b,conservative,4.0,authority
relevance,10,gemma2:27b,conservative,4.0,authority
relevance,10,gemma2:27b,conservative,4.0,authority
relevance,10,gemma2:27b,conservative,4.0,authority
relevance,10,gemma2:27b,conservative,4.0,authority
relevance,10,gemma2:27b,conservative,4.0,authority
relevance,10,gemma2:27b,conservative,4.0,authority
relevance,10,gemma2:27b,conservative,4.0,authority
relevance,10,gemma2:27b,conservative,4.0,authority
relevance,10,gemma2:27b,conservative,4.0,authority
relevance,10,gemma2:27b,conservative,4.0,authority
relevance,10,gemma2:27b,conservative,4.0,authority
relevance,10,gemma2:27b,conservative,4.0,authority
relevance,10,gemma2:27b,conservative,4.0,authority
relevance,10,gemma2:27b,conservative,4.0,authority
relevance,10,gemma2:27b,conservative,4.0,authority
relevance,10,gemma2:27b,conservative,4.0,authority
relevance,10,gemma2:27b,conservative,4.0,authority
relevance,10,gemma2:27b,moderate,3.0,authority
relevance,10,gemma2:27b,moderate,3.0,authority
relevance,10,gemma2:27b,moderate,3.0,authority
relevance,10,gemma2:27b,moderate,3.0,authority
relevance,10,gemma2:27b,moderate,3.0,authority
relevance,10,gemma2:27b,moderate,3.0,authority
relevance,10,gemma2:27b,moderate,3.0,authority
relevance,10,gemma2:27b,moderate,3.0,authority
relevance,10,gemma2:27b,moderate,3.0,authority
relevance,10,gemma2:27b,moderate,3.0,authority
relevance,10,gemma2:27b,moderate,3.0,authority
relevance,10,gemma2:27b,moderate,3.0,authority
relevance,10,gemma2:27b,moderate,3.0,authority
relevance,10,gemma2:27b,moderate,3.0,authority
relevance,10,gemma2:27b,moderate,3.0,authority
relevance,10,gemma2:27b,moderate,3.0,authority
relevance,10,gemma2:27b,moderate,3.0,authority
relevance,10,gemma2:27b,moderate,3.0,authority
relevance,10,gemma2:27b,moderate,3.0,authority
relevance,10,gemma2:27b,moderate,3.0,authority
relevance,10,gemma2:27b,moderate,3.0,authority
relevance,10,gemma2:27b,moderate,3.0,authority
relevance,10,gemma2:27b,moderate,3.0,authority
relevance,10,gemma2:27b,moderate,3.0,authority
relevance,10,gemma2:27b,moderate,3.0,authority
relevance,10,gemma2:27b,moderate,3.0,authority
relevance,10,gemma2:27b,moderate,3.0,authority
relevance,10,gemma2:27b,moderate,3.0,authority
relevance,10,gemma2:27b,moderate,3.0,authority
relevance,10,gemma2:27b,moderate,3.0,authority
relevance,10,gemma2:27b,moderate,3.0,authority
relevance,10,gemma2:27b,moderate,3.0,authority
relevance,10,gemma2:27b,moderate,3.0,authority
relevance,10,gemma2:27b,moderate,3.0,authority
relevance,10,gemma2:27b,moderate,3.0,authority
relevance,10,gemma2:27b,moderate,3.0,authority
relevance,10,gemma2:27b,moderate,3.0,authority
relevance,10,gemma2:27b,moderate,3.0,authority
relevance,10,gemma2:27b,moderate,3.0,authority
relevance,10,gemma2:27b,moderate,3.0,authority
relevance,10,gemma2:27b,moderate,3.0,authority
relevance,10,gemma2:27b,moderate,3.0,authority
relevance,10,gemma2:27b,moderate,3.0,authority
relevance,10,gemma2:27b,moderate,3.0,authority
relevance,10,gemma2:27b,moderate,3.0,authority
relevance,10,gemma2:27b,moderate,3.0,authority
relevance,10,gemma2:27b,moderate,3.0,authority
relevance,10,gemma2:27b,moderate,3.0,authority
relevance,10,gemma2:27b,moderate,3.0,authority
relevance,10,gemma2:27b,moderate,3.0,authority
relevance,10,gemma2:27b,liberal,2.0,authority
relevance,10,gemma2:27b,liberal,2.0,authority
relevance,10,gemma2:27b,liberal,2.0,authority
relevance,10,gemma2:27b,liberal,2.0,authority
relevance,10,gemma2:27b,liberal,2.0,authority
relevance,10,gemma2:27b,liberal,2.0,authority
relevance,10,gemma2:27b,liberal,2.0,authority
relevance,10,gemma2:27b,liberal,2.0,authority
relevance,10,gemma2:27b,liberal,1.0,authority
relevance,10,gemma2:27b,liberal,2.0,authority
relevance,10,gemma2:27b,liberal,2.0,authority
relevance,10,gemma2:27b,liberal,1.0,authority
relevance,10,gemma2:27b,liberal,2.0,authority
relevance,10,gemma2:27b,liberal,2.0,authority
relevance,10,gemma2:27b,liberal,1.0,authority
relevance,10,gemma2:27b,liberal,2.0,authority
relevance,10,gemma2:27b,liberal,2.0,authority
relevance,10,gemma2:27b,liberal,2.0,authority
relevance,10,gemma2:27b,liberal,2.0,authority
relevance,10,gemma2:27b,liberal,2.0,authority
relevance,10,gemma2:27b,liberal,2.0,authority
relevance,10,gemma2:27b,liberal,2.0,authority
relevance,10,gemma2:27b,liberal,2.0,authority
relevance,10,gemma2:27b,liberal,1.0,authority
relevance,10,gemma2:27b,liberal,2.0,authority
relevance,10,gemma2:27b,liberal,2.0,authority
relevance,10,gemma2:27b,liberal,2.0,authority
relevance,10,gemma2:27b,liberal,2.0,authority
relevance,10,gemma2:27b,liberal,2.0,authority
relevance,10,gemma2:27b,liberal,2.0,authority
relevance,10,gemma2:27b,liberal,2.0,authority
relevance,10,gemma2:27b,liberal,2.0,authority
relevance,10,gemma2:27b,liberal,2.0,authority
relevance,10,gemma2:27b,liberal,2.0,authority
relevance,10,gemma2:27b,liberal,2.0,authority
relevance,10,gemma2:27b,liberal,2.0,authority
relevance,10,gemma2:27b,liberal,2.0,authority
relevance,10,gemma2:27b,liberal,2.0,authority
relevance,10,gemma2:27b,liberal,2.0,authority
relevance,10,gemma2:27b,liberal,2.0,authority
relevance,10,gemma2:27b,liberal,1.0,authority
relevance,10,gemma2:27b,liberal,2.0,authority
relevance,10,gemma2:27b,liberal,2.0,authority
relevance,10,gemma2:27b,liberal,2.0,authority
relevance,10,gemma2:27b,liberal,2.0,authority
relevance,10,gemma2:27b,liberal,2.0,authority
relevance,10,gemma2:27b,liberal,2.0,authority
relevance,10,gemma2:27b,liberal,2.0,authority
relevance,10,gemma2:27b,liberal,2.0,authority
relevance,10,gemma2:27b,liberal,2.0,authority
relevance,10,qwen:72b,conservative,4.0,authority
relevance,10,qwen:72b,conservative,4.0,authority
relevance,10,qwen:72b,conservative,4.0,authority
relevance,10,qwen:72b,conservative,4.0,authority
relevance,10,qwen:72b,conservative,4.0,authority
relevance,10,qwen:72b,conservative,4.0,authority
relevance,10,qwen:72b,conservative,4.0,authority
relevance,10,qwen:72b,conservative,4.0,authority
relevance,10,qwen:72b,conservative,3.0,authority
relevance,10,qwen:72b,conservative,4.0,authority
relevance,10,qwen:72b,conservative,4.0,authority
relevance,10,qwen:72b,conservative,4.0,authority
relevance,10,qwen:72b,conservative,4.0,authority
relevance,10,qwen:72b,conservative,4.0,authority
relevance,10,qwen:72b,conservative,4.0,authority
relevance,10,qwen:72b,conservative,4.0,authority
relevance,10,qwen:72b,conservative,4.0,authority
relevance,10,qwen:72b,conservative,4.0,authority
relevance,10,qwen:72b,conservative,4.0,authority
relevance,10,qwen:72b,conservative,4.0,authority
relevance,10,qwen:72b,conservative,4.0,authority
relevance,10,qwen:72b,conservative,4.0,authority
relevance,10,qwen:72b,conservative,4.0,authority
relevance,10,qwen:72b,conservative,4.0,authority
relevance,10,qwen:72b,conservative,4.0,authority
relevance,10,qwen:72b,conservative,4.0,authority
relevance,10,qwen:72b,conservative,4.0,authority
relevance,10,qwen:72b,conservative,4.0,authority
relevance,10,qwen:72b,conservative,4.0,authority
relevance,10,qwen:72b,conservative,4.0,authority
relevance,10,qwen:72b,conservative,4.0,authority
relevance,10,qwen:72b,conservative,4.0,authority
relevance,10,qwen:72b,conservative,4.0,authority
relevance,10,qwen:72b,conservative,4.0,authority
relevance,10,qwen:72b,conservative,4.0,authority
relevance,10,qwen:72b,conservative,4.0,authority
relevance,10,qwen:72b,conservative,4.0,authority
relevance,10,qwen:72b,conservative,4.0,authority
relevance,10,qwen:72b,conservative,4.0,authority
relevance,10,qwen:72b,conservative,4.0,authority
relevance,10,qwen:72b,conservative,4.0,authority
relevance,10,qwen:72b,conservative,3.0,authority
relevance,10,qwen:72b,conservative,4.0,authority
relevance,10,qwen:72b,conservative,4.0,authority
relevance,10,qwen:72b,conservative,4.0,authority
relevance,10,qwen:72b,conservative,4.0,authority
relevance,10,qwen:72b,conservative,4.0,authority
relevance,10,qwen:72b,conservative,4.0,authority
relevance,10,qwen:72b,conservative,4.0,authority
relevance,10,qwen:72b,conservative,4.0,authority
relevance,10,qwen:72b,moderate,3.0,authority
relevance,10,qwen:72b,moderate,3.0,authority
relevance,10,qwen:72b,moderate,0.0,authority
relevance,10,qwen:72b,moderate,2.0,authority
relevance,10,qwen:72b,moderate,2.0,authority
relevance,10,qwen:72b,moderate,2.0,authority
relevance,10,qwen:72b,moderate,0.0,authority
relevance,10,qwen:72b,moderate,3.0,authority
relevance,10,qwen:72b,moderate,2.0,authority
relevance,10,qwen:72b,moderate,2.0,authority
relevance,10,qwen:72b,moderate,2.0,authority
relevance,10,qwen:72b,moderate,2.0,authority
relevance,10,qwen:72b,moderate,0.0,authority
relevance,10,qwen:72b,moderate,0.0,authority
relevance,10,qwen:72b,moderate,2.0,authority
relevance,10,qwen:72b,moderate,2.0,authority
relevance,10,qwen:72b,moderate,5.0,authority
relevance,10,qwen:72b,moderate,0.0,authority
relevance,10,qwen:72b,moderate,0.0,authority
relevance,10,qwen:72b,moderate,1.0,authority
relevance,10,qwen:72b,moderate,0.0,authority
relevance,10,qwen:72b,moderate,2.0,authority
relevance,10,qwen:72b,moderate,1.0,authority
relevance,10,qwen:72b,moderate,1.0,authority
relevance,10,qwen:72b,moderate,2.0,authority
relevance,10,qwen:72b,moderate,2.0,authority
relevance,10,qwen:72b,moderate,3.0,authority
relevance,10,qwen:72b,moderate,2.0,authority
relevance,10,qwen:72b,moderate,0.0,authority
relevance,10,qwen:72b,moderate,2.0,authority
relevance,10,qwen:72b,moderate,2.0,authority
relevance,10,qwen:72b,moderate,2.0,authority
relevance,10,qwen:72b,moderate,1.0,authority
relevance,10,qwen:72b,moderate,2.0,authority
relevance,10,qwen:72b,moderate,1.0,authority
relevance,10,qwen:72b,moderate,2.0,authority
relevance,10,qwen:72b,moderate,2.0,authority
relevance,10,qwen:72b,moderate,0.0,authority
relevance,10,qwen:72b,moderate,2.0,authority
relevance,10,qwen:72b,moderate,2.0,authority
relevance,10,qwen:72b,moderate,2.0,authority
relevance,10,qwen:72b,moderate,1.0,authority
relevance,10,qwen:72b,moderate,0.0,authority
relevance,10,qwen:72b,moderate,1.0,authority
relevance,10,qwen:72b,moderate,0.0,authority
relevance,10,qwen:72b,moderate,1.0,authority
relevance,10,qwen:72b,moderate,5.0,authority
relevance,10,qwen:72b,moderate,2.0,authority
relevance,10,qwen:72b,moderate,3.0,authority
relevance,10,qwen:72b,moderate,2.0,authority
relevance,10,qwen:72b,liberal,2.0,authority
relevance,10,qwen:72b,liberal,1.0,authority
relevance,10,qwen:72b,liberal,2.0,authority
relevance,10,qwen:72b,liberal,1.0,authority
relevance,10,qwen:72b,liberal,1.0,authority
relevance,10,qwen:72b,liberal,2.0,authority
relevance,10,qwen:72b,liberal,2.0,authority
relevance,10,qwen:72b,liberal,1.0,authority
relevance,10,qwen:72b,liberal,3.0,authority
relevance,10,qwen:72b,liberal,2.0,authority
relevance,10,qwen:72b,liberal,1.0,authority
relevance,10,qwen:72b,liberal,1.0,authority
relevance,10,qwen:72b,liberal,1.0,authority
relevance,10,qwen:72b,liberal,1.0,authority
relevance,10,qwen:72b,liberal,1.0,authority
relevance,10,qwen:72b,liberal,1.0,authority
relevance,10,qwen:72b,liberal,2.0,authority
relevance,10,qwen:72b,liberal,1.0,authority
relevance,10,qwen:72b,liberal,1.0,authority
relevance,10,qwen:72b,liberal,1.0,authority
relevance,10,qwen:72b,liberal,1.0,authority
relevance,10,qwen:72b,liberal,1.0,authority
relevance,10,qwen:72b,liberal,2.0,authority
relevance,10,qwen:72b,liberal,1.0,authority
relevance,10,qwen:72b,liberal,2.0,authority
relevance,10,qwen:72b,liberal,1.0,authority
relevance,10,qwen:72b,liberal,3.0,authority
relevance,10,qwen:72b,liberal,1.0,authority
relevance,10,qwen:72b,liberal,1.0,authority
relevance,10,qwen:72b,liberal,3.0,authority
relevance,10,qwen:72b,liberal,1.0,authority
relevance,10,qwen:72b,liberal,2.0,authority
relevance,10,qwen:72b,liberal,1.0,authority
relevance,10,qwen:72b,liberal,1.0,authority
relevance,10,qwen:72b,liberal,1.0,authority
relevance,10,qwen:72b,liberal,1.0,authority
relevance,10,qwen:72b,liberal,2.0,authority
relevance,10,qwen:72b,liberal,2.0,authority
relevance,10,qwen:72b,liberal,1.0,authority
relevance,10,qwen:72b,liberal,2.0,authority
relevance,10,qwen:72b,liberal,1.0,authority
relevance,10,qwen:72b,liberal,1.0,authority
relevance,10,qwen:72b,liberal,1.0,authority
relevance,10,qwen:72b,liberal,3.0,authority
relevance,10,qwen:72b,liberal,1.0,authority
relevance,10,qwen:72b,liberal,1.0,authority
relevance,10,qwen:72b,liberal,2.0,authority
relevance,10,qwen:72b,liberal,2.0,authority
relevance,10,qwen:72b,liberal,1.0,authority
relevance,10,qwen:72b,liberal,1.0,authority
relevance,10,qwen2:72b,conservative,4.0,authority
relevance,10,qwen2:72b,conservative,4.0,authority
relevance,10,qwen2:72b,conservative,4.0,authority
relevance,10,qwen2:72b,conservative,4.0,authority
relevance,10,qwen2:72b,conservative,4.0,authority
relevance,10,qwen2:72b,conservative,4.0,authority
relevance,10,qwen2:72b,conservative,4.0,authority
relevance,10,qwen2:72b,conservative,4.0,authority
relevance,10,qwen2:72b,conservative,4.0,authority
relevance,10,qwen2:72b,conservative,4.0,authority
relevance,10,qwen2:72b,conservative,4.0,authority
relevance,10,qwen2:72b,conservative,4.0,authority
relevance,10,qwen2:72b,conservative,4.0,authority
relevance,10,qwen2:72b,conservative,4.0,authority
relevance,10,qwen2:72b,conservative,4.0,authority
relevance,10,qwen2:72b,conservative,4.0,authority
relevance,10,qwen2:72b,conservative,4.0,authority
relevance,10,qwen2:72b,conservative,4.0,authority
relevance,10,qwen2:72b,conservative,4.0,authority
relevance,10,qwen2:72b,conservative,4.0,authority
relevance,10,qwen2:72b,conservative,4.0,authority
relevance,10,qwen2:72b,conservative,4.0,authority
relevance,10,qwen2:72b,conservative,4.0,authority
relevance,10,qwen2:72b,conservative,4.0,authority
relevance,10,qwen2:72b,conservative,4.0,authority
relevance,10,qwen2:72b,conservative,4.0,authority
relevance,10,qwen2:72b,conservative,4.0,authority
relevance,10,qwen2:72b,conservative,4.0,authority
relevance,10,qwen2:72b,conservative,4.0,authority
relevance,10,qwen2:72b,conservative,4.0,authority
relevance,10,qwen2:72b,conservative,4.0,authority
relevance,10,qwen2:72b,conservative,4.0,authority
relevance,10,qwen2:72b,conservative,4.0,authority
relevance,10,qwen2:72b,conservative,4.0,authority
relevance,10,qwen2:72b,conservative,3.0,authority
relevance,10,qwen2:72b,conservative,4.0,authority
relevance,10,qwen2:72b,conservative,4.0,authority
relevance,10,qwen2:72b,conservative,4.0,authority
relevance,10,qwen2:72b,conservative,4.0,authority
relevance,10,qwen2:72b,conservative,4.0,authority
relevance,10,qwen2:72b,conservative,4.0,authority
relevance,10,qwen2:72b,conservative,4.0,authority
relevance,10,qwen2:72b,conservative,4.0,authority
relevance,10,qwen2:72b,conservative,4.0,authority
relevance,10,qwen2:72b,conservative,4.0,authority
relevance,10,qwen2:72b,conservative,3.0,authority
relevance,10,qwen2:72b,conservative,4.0,authority
relevance,10,qwen2:72b,conservative,4.0,authority
relevance,10,qwen2:72b,conservative,4.0,authority
relevance,10,qwen2:72b,conservative,4.0,authority
relevance,10,qwen2:72b,moderate,2.0,authority
relevance,10,qwen2:72b,moderate,3.0,authority
relevance,10,qwen2:72b,moderate,2.0,authority
relevance,10,qwen2:72b,moderate,3.0,authority
relevance,10,qwen2:72b,moderate,3.0,authority
relevance,10,qwen2:72b,moderate,3.0,authority
relevance,10,qwen2:72b,moderate,3.0,authority
relevance,10,qwen2:72b,moderate,2.0,authority
relevance,10,qwen2:72b,moderate,2.0,authority
relevance,10,qwen2:72b,moderate,2.0,authority
relevance,10,qwen2:72b,moderate,3.0,authority
relevance,10,qwen2:72b,moderate,3.0,authority
relevance,10,qwen2:72b,moderate,2.0,authority
relevance,10,qwen2:72b,moderate,3.0,authority
relevance,10,qwen2:72b,moderate,3.0,authority
relevance,10,qwen2:72b,moderate,2.0,authority
relevance,10,qwen2:72b,moderate,2.0,authority
relevance,10,qwen2:72b,moderate,2.0,authority
relevance,10,qwen2:72b,moderate,2.0,authority
relevance,10,qwen2:72b,moderate,2.0,authority
relevance,10,qwen2:72b,moderate,3.0,authority
relevance,10,qwen2:72b,moderate,3.0,authority
relevance,10,qwen2:72b,moderate,3.0,authority
relevance,10,qwen2:72b,moderate,3.0,authority
relevance,10,qwen2:72b,moderate,3.0,authority
relevance,10,qwen2:72b,moderate,2.0,authority
relevance,10,qwen2:72b,moderate,2.0,authority
relevance,10,qwen2:72b,moderate,3.0,authority
relevance,10,qwen2:72b,moderate,3.0,authority
relevance,10,qwen2:72b,moderate,2.0,authority
relevance,10,qwen2:72b,moderate,2.0,authority
relevance,10,qwen2:72b,moderate,2.0,authority
relevance,10,qwen2:72b,moderate,3.0,authority
relevance,10,qwen2:72b,moderate,2.0,authority
relevance,10,qwen2:72b,moderate,2.0,authority
relevance,10,qwen2:72b,moderate,3.0,authority
relevance,10,qwen2:72b,moderate,3.0,authority
relevance,10,qwen2:72b,moderate,2.0,authority
relevance,10,qwen2:72b,moderate,2.0,authority
relevance,10,qwen2:72b,moderate,2.0,authority
relevance,10,qwen2:72b,moderate,3.0,authority
relevance,10,qwen2:72b,moderate,3.0,authority
relevance,10,qwen2:72b,moderate,2.0,authority
relevance,10,qwen2:72b,moderate,2.0,authority
relevance,10,qwen2:72b,moderate,2.0,authority
relevance,10,qwen2:72b,moderate,2.0,authority
relevance,10,qwen2:72b,moderate,2.0,authority
relevance,10,qwen2:72b,moderate,2.0,authority
relevance,10,qwen2:72b,moderate,2.0,authority
relevance,10,qwen2:72b,moderate,2.0,authority
relevance,10,qwen2:72b,liberal,2.0,authority
relevance,10,qwen2:72b,liberal,2.0,authority
relevance,10,qwen2:72b,liberal,2.0,authority
relevance,10,qwen2:72b,liberal,2.0,authority
relevance,10,qwen2:72b,liberal,2.0,authority
relevance,10,qwen2:72b,liberal,2.0,authority
relevance,10,qwen2:72b,liberal,2.0,authority
relevance,10,qwen2:72b,liberal,2.0,authority
relevance,10,qwen2:72b,liberal,2.0,authority
relevance,10,qwen2:72b,liberal,2.0,authority
relevance,10,qwen2:72b,liberal,2.0,authority
relevance,10,qwen2:72b,liberal,2.0,authority
relevance,10,qwen2:72b,liberal,2.0,authority
relevance,10,qwen2:72b,liberal,2.0,authority
relevance,10,qwen2:72b,liberal,2.0,authority
relevance,10,qwen2:72b,liberal,2.0,authority
relevance,10,qwen2:72b,liberal,2.0,authority
relevance,10,qwen2:72b,liberal,2.0,authority
relevance,10,qwen2:72b,liberal,2.0,authority
relevance,10,qwen2:72b,liberal,2.0,authority
relevance,10,qwen2:72b,liberal,2.0,authority
relevance,10,qwen2:72b,liberal,2.0,authority
relevance,10,qwen2:72b,liberal,2.0,authority
relevance,10,qwen2:72b,liberal,2.0,authority
relevance,10,qwen2:72b,liberal,2.0,authority
relevance,10,qwen2:72b,liberal,2.0,authority
relevance,10,qwen2:72b,liberal,1.0,authority
relevance,10,qwen2:72b,liberal,2.0,authority
relevance,10,qwen2:72b,liberal,2.0,authority
relevance,10,qwen2:72b,liberal,2.0,authority
relevance,10,qwen2:72b,liberal,2.0,authority
relevance,10,qwen2:72b,liberal,2.0,authority
relevance,10,qwen2:72b,liberal,2.0,authority
relevance,10,qwen2:72b,liberal,2.0,authority
relevance,10,qwen2:72b,liberal,2.0,authority
relevance,10,qwen2:72b,liberal,2.0,authority
relevance,10,qwen2:72b,liberal,2.0,authority
relevance,10,qwen2:72b,liberal,2.0,authority
relevance,10,qwen2:72b,liberal,2.0,authority
relevance,10,qwen2:72b,liberal,2.0,authority
relevance,10,qwen2:72b,liberal,2.0,authority
relevance,10,qwen2:72b,liberal,2.0,authority
relevance,10,qwen2:72b,liberal,2.0,authority
relevance,10,qwen2:72b,liberal,2.0,authority
relevance,10,qwen2:72b,liberal,2.0,authority
relevance,10,qwen2:72b,liberal,2.0,authority
relevance,10,qwen2:72b,liberal,2.0,authority
relevance,10,qwen2:72b,liberal,2.0,authority
relevance,10,qwen2:72b,liberal,2.0,authority
relevance,10,qwen2:72b,liberal,2.0,authority
relevance,11,llama3.1:8b,conservative,3.0,purity
relevance,11,llama3.1:8b,conservative,2.0,purity
relevance,11,llama3.1:8b,conservative,4.0,purity
relevance,11,llama3.1:8b,conservative,1.0,purity
relevance,11,llama3.1:8b,conservative,0.0,purity
relevance,11,llama3.1:8b,conservative,3.0,purity
relevance,11,llama3.1:8b,conservative,2.0,purity
relevance,11,llama3.1:8b,conservative,0.0,purity
relevance,11,llama3.1:8b,conservative,1.0,purity
relevance,11,llama3.1:8b,conservative,3.0,purity
relevance,11,llama3.1:8b,conservative,2.0,purity
relevance,11,llama3.1:8b,conservative,4.0,purity
relevance,11,llama3.1:8b,conservative,0.0,purity
relevance,11,llama3.1:8b,conservative,0.0,purity
relevance,11,llama3.1:8b,conservative,2.0,purity
relevance,11,llama3.1:8b,conservative,3.0,purity
relevance,11,llama3.1:8b,conservative,0.0,purity
relevance,11,llama3.1:8b,conservative,4.0,purity
relevance,11,llama3.1:8b,conservative,2.0,purity
relevance,11,llama3.1:8b,conservative,0.0,purity
relevance,11,llama3.1:8b,conservative,0.0,purity
relevance,11,llama3.1:8b,conservative,0.0,purity
relevance,11,llama3.1:8b,conservative,0.0,purity
relevance,11,llama3.1:8b,conservative,0.0,purity
relevance,11,llama3.1:8b,conservative,2.0,purity
relevance,11,llama3.1:8b,conservative,0.0,purity
relevance,11,llama3.1:8b,conservative,2.0,purity
relevance,11,llama3.1:8b,conservative,0.0,purity
relevance,11,llama3.1:8b,conservative,1.0,purity
relevance,11,llama3.1:8b,conservative,0.0,purity
relevance,11,llama3.1:8b,conservative,3.0,purity
relevance,11,llama3.1:8b,conservative,1.0,purity
relevance,11,llama3.1:8b,conservative,2.0,purity
relevance,11,llama3.1:8b,conservative,1.0,purity
relevance,11,llama3.1:8b,conservative,2.0,purity
relevance,11,llama3.1:8b,conservative,0.0,purity
relevance,11,llama3.1:8b,conservative,0.0,purity
relevance,11,llama3.1:8b,conservative,0.0,purity
relevance,11,llama3.1:8b,conservative,2.0,purity
relevance,11,llama3.1:8b,conservative,1.0,purity
relevance,11,llama3.1:8b,conservative,1.0,purity
relevance,11,llama3.1:8b,conservative,0.0,purity
relevance,11,llama3.1:8b,conservative,0.0,purity
relevance,11,llama3.1:8b,conservative,3.0,purity
relevance,11,llama3.1:8b,conservative,3.0,purity
relevance,11,llama3.1:8b,conservative,1.0,purity
relevance,11,llama3.1:8b,conservative,3.0,purity
relevance,11,llama3.1:8b,conservative,0.0,purity
relevance,11,llama3.1:8b,conservative,4.0,purity
relevance,11,llama3.1:8b,conservative,1.0,purity
relevance,11,llama3.1:8b,moderate,2.0,purity
relevance,11,llama3.1:8b,moderate,4.0,purity
relevance,11,llama3.1:8b,moderate,0.0,purity
relevance,11,llama3.1:8b,moderate,2.0,purity
relevance,11,llama3.1:8b,moderate,2.0,purity
relevance,11,llama3.1:8b,moderate,3.0,purity
relevance,11,llama3.1:8b,moderate,0.0,purity
relevance,11,llama3.1:8b,moderate,3.0,purity
relevance,11,llama3.1:8b,moderate,4.0,purity
relevance,11,llama3.1:8b,moderate,1.0,purity
relevance,11,llama3.1:8b,moderate,2.0,purity
relevance,11,llama3.1:8b,moderate,2.0,purity
relevance,11,llama3.1:8b,moderate,2.0,purity
relevance,11,llama3.1:8b,moderate,0.0,purity
relevance,11,llama3.1:8b,moderate,0.0,purity
relevance,11,llama3.1:8b,moderate,2.0,purity
relevance,11,llama3.1:8b,moderate,2.0,purity
relevance,11,llama3.1:8b,moderate,0.0,purity
relevance,11,llama3.1:8b,moderate,1.0,purity
relevance,11,llama3.1:8b,moderate,2.0,purity
relevance,11,llama3.1:8b,moderate,2.0,purity
relevance,11,llama3.1:8b,moderate,3.0,purity
relevance,11,llama3.1:8b,moderate,1.0,purity
relevance,11,llama3.1:8b,moderate,1.0,purity
relevance,11,llama3.1:8b,moderate,0.0,purity
relevance,11,llama3.1:8b,moderate,3.0,purity
relevance,11,llama3.1:8b,moderate,1.0,purity
relevance,11,llama3.1:8b,moderate,0.0,purity
relevance,11,llama3.1:8b,moderate,1.0,purity
relevance,11,llama3.1:8b,moderate,1.0,purity
relevance,11,llama3.1:8b,moderate,1.0,purity
relevance,11,llama3.1:8b,moderate,0.0,purity
relevance,11,llama3.1:8b,moderate,3.0,purity
relevance,11,llama3.1:8b,moderate,3.0,purity
relevance,11,llama3.1:8b,moderate,2.0,purity
relevance,11,llama3.1:8b,moderate,2.0,purity
relevance,11,llama3.1:8b,moderate,3.0,purity
relevance,11,llama3.1:8b,moderate,2.0,purity
relevance,11,llama3.1:8b,moderate,1.0,purity
relevance,11,llama3.1:8b,moderate,3.0,purity
relevance,11,llama3.1:8b,moderate,2.0,purity
relevance,11,llama3.1:8b,moderate,3.0,purity
relevance,11,llama3.1:8b,moderate,3.0,purity
relevance,11,llama3.1:8b,moderate,1.0,purity
relevance,11,llama3.1:8b,moderate,0.0,purity
relevance,11,llama3.1:8b,moderate,2.0,purity
relevance,11,llama3.1:8b,moderate,1.0,purity
relevance,11,llama3.1:8b,moderate,2.0,purity
relevance,11,llama3.1:8b,moderate,2.0,purity
relevance,11,llama3.1:8b,moderate,0.0,purity
relevance,11,llama3.1:8b,liberal,0.0,purity
relevance,11,llama3.1:8b,liberal,0.0,purity
relevance,11,llama3.1:8b,liberal,0.0,purity
relevance,11,llama3.1:8b,liberal,0.0,purity
relevance,11,llama3.1:8b,liberal,2.0,purity
relevance,11,llama3.1:8b,liberal,0.0,purity
relevance,11,llama3.1:8b,liberal,0.0,purity
relevance,11,llama3.1:8b,liberal,2.0,purity
relevance,11,llama3.1:8b,liberal,0.0,purity
relevance,11,llama3.1:8b,liberal,2.0,purity
relevance,11,llama3.1:8b,liberal,1.0,purity
relevance,11,llama3.1:8b,liberal,0.0,purity
relevance,11,llama3.1:8b,liberal,3.0,purity
relevance,11,llama3.1:8b,liberal,1.0,purity
relevance,11,llama3.1:8b,liberal,0.0,purity
relevance,11,llama3.1:8b,liberal,0.0,purity
relevance,11,llama3.1:8b,liberal,1.0,purity
relevance,11,llama3.1:8b,liberal,2.0,purity
relevance,11,llama3.1:8b,liberal,0.0,purity
relevance,11,llama3.1:8b,liberal,3.0,purity
relevance,11,llama3.1:8b,liberal,0.0,purity
relevance,11,llama3.1:8b,liberal,2.0,purity
relevance,11,llama3.1:8b,liberal,0.0,purity
relevance,11,llama3.1:8b,liberal,3.0,purity
relevance,11,llama3.1:8b,liberal,1.0,purity
relevance,11,llama3.1:8b,liberal,0.0,purity
relevance,11,llama3.1:8b,liberal,2.0,purity
relevance,11,llama3.1:8b,liberal,2.0,purity
relevance,11,llama3.1:8b,liberal,0.0,purity
relevance,11,llama3.1:8b,liberal,0.0,purity
relevance,11,llama3.1:8b,liberal,2.0,purity
relevance,11,llama3.1:8b,liberal,1.0,purity
relevance,11,llama3.1:8b,liberal,1.0,purity
relevance,11,llama3.1:8b,liberal,0.0,purity
relevance,11,llama3.1:8b,liberal,1.0,purity
relevance,11,llama3.1:8b,liberal,2.0,purity
relevance,11,llama3.1:8b,liberal,0.0,purity
relevance,11,llama3.1:8b,liberal,2.0,purity
relevance,11,llama3.1:8b,liberal,2.0,purity
relevance,11,llama3.1:8b,liberal,1.0,purity
relevance,11,llama3.1:8b,liberal,3.0,purity
relevance,11,llama3.1:8b,liberal,0.0,purity
relevance,11,llama3.1:8b,liberal,1.0,purity
relevance,11,llama3.1:8b,liberal,3.0,purity
relevance,11,llama3.1:8b,liberal,0.0,purity
relevance,11,llama3.1:8b,liberal,0.0,purity
relevance,11,llama3.1:8b,liberal,1.0,purity
relevance,11,llama3.1:8b,liberal,0.0,purity
relevance,11,llama3.1:8b,liberal,0.0,purity
relevance,11,llama3.1:8b,liberal,0.0,purity
relevance,11,llama2:70b,conservative,1.0,purity
relevance,11,llama2:70b,conservative,1.0,purity
relevance,11,llama2:70b,conservative,2.0,purity
relevance,11,llama2:70b,conservative,2.0,purity
relevance,11,llama2:70b,conservative,1.0,purity
relevance,11,llama2:70b,conservative,1.0,purity
relevance,11,llama2:70b,conservative,1.0,purity
relevance,11,llama2:70b,conservative,4.0,purity
relevance,11,llama2:70b,conservative,1.0,purity
relevance,11,llama2:70b,conservative,2.0,purity
relevance,11,llama2:70b,conservative,1.0,purity
relevance,11,llama2:70b,conservative,2.0,purity
relevance,11,llama2:70b,conservative,2.0,purity
relevance,11,llama2:70b,conservative,1.0,purity
relevance,11,llama2:70b,conservative,1.0,purity
relevance,11,llama2:70b,conservative,1.0,purity
relevance,11,llama2:70b,conservative,1.0,purity
relevance,11,llama2:70b,conservative,1.0,purity
relevance,11,llama2:70b,conservative,2.0,purity
relevance,11,llama2:70b,conservative,1.0,purity
relevance,11,llama2:70b,conservative,1.0,purity
relevance,11,llama2:70b,conservative,1.0,purity
relevance,11,llama2:70b,conservative,1.0,purity
relevance,11,llama2:70b,conservative,1.0,purity
relevance,11,llama2:70b,conservative,1.0,purity
relevance,11,llama2:70b,conservative,1.0,purity
relevance,11,llama2:70b,conservative,4.0,purity
relevance,11,llama2:70b,conservative,1.0,purity
relevance,11,llama2:70b,conservative,2.0,purity
relevance,11,llama2:70b,conservative,1.0,purity
relevance,11,llama2:70b,conservative,1.0,purity
relevance,11,llama2:70b,conservative,2.0,purity
relevance,11,llama2:70b,conservative,1.0,purity
relevance,11,llama2:70b,conservative,1.0,purity
relevance,11,llama2:70b,conservative,2.0,purity
relevance,11,llama2:70b,conservative,1.0,purity
relevance,11,llama2:70b,conservative,4.0,purity
relevance,11,llama2:70b,conservative,1.0,purity
relevance,11,llama2:70b,conservative,1.0,purity
relevance,11,llama2:70b,conservative,1.0,purity
relevance,11,llama2:70b,conservative,1.0,purity
relevance,11,llama2:70b,conservative,1.0,purity
relevance,11,llama2:70b,conservative,2.0,purity
relevance,11,llama2:70b,conservative,4.0,purity
relevance,11,llama2:70b,conservative,1.0,purity
relevance,11,llama2:70b,conservative,4.0,purity
relevance,11,llama2:70b,conservative,1.0,purity
relevance,11,llama2:70b,conservative,1.0,purity
relevance,11,llama2:70b,conservative,2.0,purity
relevance,11,llama2:70b,moderate,2.0,purity
relevance,11,llama2:70b,moderate,2.0,purity
relevance,11,llama2:70b,moderate,3.0,purity
relevance,11,llama2:70b,moderate,3.0,purity
relevance,11,llama2:70b,moderate,1.0,purity
relevance,11,llama2:70b,moderate,2.0,purity
relevance,11,llama2:70b,moderate,1.0,purity
relevance,11,llama2:70b,moderate,1.0,purity
relevance,11,llama2:70b,moderate,1.0,purity
relevance,11,llama2:70b,moderate,2.0,purity
relevance,11,llama2:70b,moderate,2.0,purity
relevance,11,llama2:70b,moderate,1.0,purity
relevance,11,llama2:70b,moderate,2.0,purity
relevance,11,llama2:70b,moderate,1.0,purity
relevance,11,llama2:70b,moderate,3.0,purity
relevance,11,llama2:70b,moderate,3.0,purity
relevance,11,llama2:70b,moderate,3.0,purity
relevance,11,llama2:70b,moderate,1.0,purity
relevance,11,llama2:70b,moderate,1.0,purity
relevance,11,llama2:70b,moderate,2.0,purity
relevance,11,llama2:70b,moderate,1.0,purity
relevance,11,llama2:70b,moderate,2.0,purity
relevance,11,llama2:70b,moderate,2.0,purity
relevance,11,llama2:70b,moderate,2.0,purity
relevance,11,llama2:70b,moderate,3.0,purity
relevance,11,llama2:70b,moderate,2.0,purity
relevance,11,llama2:70b,moderate,2.0,purity
relevance,11,llama2:70b,moderate,1.0,purity
relevance,11,llama2:70b,moderate,2.0,purity
relevance,11,llama2:70b,moderate,2.0,purity
relevance,11,llama2:70b,moderate,1.0,purity
relevance,11,llama2:70b,moderate,2.0,purity
relevance,11,llama2:70b,moderate,1.0,purity
relevance,11,llama2:70b,moderate,1.0,purity
relevance,11,llama2:70b,moderate,1.0,purity
relevance,11,llama2:70b,moderate,2.0,purity
relevance,11,llama2:70b,moderate,3.0,purity
relevance,11,llama2:70b,moderate,2.0,purity
relevance,11,llama2:70b,moderate,1.0,purity
relevance,11,llama2:70b,moderate,2.0,purity
relevance,11,llama2:70b,moderate,1.0,purity
relevance,11,llama2:70b,moderate,1.0,purity
relevance,11,llama2:70b,moderate,2.0,purity
relevance,11,llama2:70b,moderate,2.0,purity
relevance,11,llama2:70b,moderate,1.0,purity
relevance,11,llama2:70b,moderate,1.0,purity
relevance,11,llama2:70b,moderate,2.0,purity
relevance,11,llama2:70b,moderate,2.0,purity
relevance,11,llama2:70b,moderate,1.0,purity
relevance,11,llama2:70b,moderate,2.0,purity
relevance,11,llama2:70b,liberal,2.0,purity
relevance,11,llama2:70b,liberal,1.0,purity
relevance,11,llama2:70b,liberal,2.0,purity
relevance,11,llama2:70b,liberal,2.0,purity
relevance,11,llama2:70b,liberal,3.0,purity
relevance,11,llama2:70b,liberal,2.0,purity
relevance,11,llama2:70b,liberal,3.0,purity
relevance,11,llama2:70b,liberal,4.0,purity
relevance,11,llama2:70b,liberal,2.0,purity
relevance,11,llama2:70b,liberal,2.0,purity
relevance,11,llama2:70b,liberal,1.0,purity
relevance,11,llama2:70b,liberal,2.0,purity
relevance,11,llama2:70b,liberal,4.0,purity
relevance,11,llama2:70b,liberal,1.0,purity
relevance,11,llama2:70b,liberal,4.0,purity
relevance,11,llama2:70b,liberal,2.0,purity
relevance,11,llama2:70b,liberal,2.0,purity
relevance,11,llama2:70b,liberal,2.0,purity
relevance,11,llama2:70b,liberal,2.0,purity
relevance,11,llama2:70b,liberal,4.0,purity
relevance,11,llama2:70b,liberal,1.0,purity
relevance,11,llama2:70b,liberal,3.0,purity
relevance,11,llama2:70b,liberal,3.0,purity
relevance,11,llama2:70b,liberal,3.0,purity
relevance,11,llama2:70b,liberal,1.0,purity
relevance,11,llama2:70b,liberal,1.0,purity
relevance,11,llama2:70b,liberal,2.0,purity
relevance,11,llama2:70b,liberal,2.0,purity
relevance,11,llama2:70b,liberal,2.0,purity
relevance,11,llama2:70b,liberal,1.0,purity
relevance,11,llama2:70b,liberal,1.0,purity
relevance,11,llama2:70b,liberal,2.0,purity
relevance,11,llama2:70b,liberal,1.0,purity
relevance,11,llama2:70b,liberal,1.0,purity
relevance,11,llama2:70b,liberal,1.0,purity
relevance,11,llama2:70b,liberal,1.0,purity
relevance,11,llama2:70b,liberal,2.0,purity
relevance,11,llama2:70b,liberal,2.0,purity
relevance,11,llama2:70b,liberal,4.0,purity
relevance,11,llama2:70b,liberal,3.0,purity
relevance,11,llama2:70b,liberal,2.0,purity
relevance,11,llama2:70b,liberal,2.0,purity
relevance,11,llama2:70b,liberal,2.0,purity
relevance,11,llama2:70b,liberal,2.0,purity
relevance,11,llama2:70b,liberal,1.0,purity
relevance,11,llama2:70b,liberal,1.0,purity
relevance,11,llama2:70b,liberal,2.0,purity
relevance,11,llama2:70b,liberal,1.0,purity
relevance,11,llama2:70b,liberal,4.0,purity
relevance,11,llama2:70b,liberal,2.0,purity
relevance,11,llama3:70b,conservative,5.0,purity
relevance,11,llama3:70b,conservative,5.0,purity
relevance,11,llama3:70b,conservative,5.0,purity
relevance,11,llama3:70b,conservative,5.0,purity
relevance,11,llama3:70b,conservative,5.0,purity
relevance,11,llama3:70b,conservative,5.0,purity
relevance,11,llama3:70b,conservative,5.0,purity
relevance,11,llama3:70b,conservative,5.0,purity
relevance,11,llama3:70b,conservative,5.0,purity
relevance,11,llama3:70b,conservative,5.0,purity
relevance,11,llama3:70b,conservative,5.0,purity
relevance,11,llama3:70b,conservative,4.0,purity
relevance,11,llama3:70b,conservative,5.0,purity
relevance,11,llama3:70b,conservative,5.0,purity
relevance,11,llama3:70b,conservative,5.0,purity
relevance,11,llama3:70b,conservative,5.0,purity
relevance,11,llama3:70b,conservative,5.0,purity
relevance,11,llama3:70b,conservative,5.0,purity
relevance,11,llama3:70b,conservative,5.0,purity
relevance,11,llama3:70b,conservative,5.0,purity
relevance,11,llama3:70b,conservative,5.0,purity
relevance,11,llama3:70b,conservative,4.0,purity
relevance,11,llama3:70b,conservative,5.0,purity
relevance,11,llama3:70b,conservative,5.0,purity
relevance,11,llama3:70b,conservative,5.0,purity
relevance,11,llama3:70b,conservative,5.0,purity
relevance,11,llama3:70b,conservative,5.0,purity
relevance,11,llama3:70b,conservative,4.0,purity
relevance,11,llama3:70b,conservative,5.0,purity
relevance,11,llama3:70b,conservative,5.0,purity
relevance,11,llama3:70b,conservative,5.0,purity
relevance,11,llama3:70b,conservative,5.0,purity
relevance,11,llama3:70b,conservative,5.0,purity
relevance,11,llama3:70b,conservative,5.0,purity
relevance,11,llama3:70b,conservative,5.0,purity
relevance,11,llama3:70b,conservative,5.0,purity
relevance,11,llama3:70b,conservative,5.0,purity
relevance,11,llama3:70b,conservative,4.0,purity
relevance,11,llama3:70b,conservative,5.0,purity
relevance,11,llama3:70b,conservative,5.0,purity
relevance,11,llama3:70b,conservative,5.0,purity
relevance,11,llama3:70b,conservative,5.0,purity
relevance,11,llama3:70b,conservative,5.0,purity
relevance,11,llama3:70b,conservative,5.0,purity
relevance,11,llama3:70b,conservative,5.0,purity
relevance,11,llama3:70b,conservative,5.0,purity
relevance,11,llama3:70b,conservative,5.0,purity
relevance,11,llama3:70b,conservative,4.0,purity
relevance,11,llama3:70b,conservative,5.0,purity
relevance,11,llama3:70b,conservative,4.0,purity
relevance,11,llama3:70b,moderate,2.0,purity
relevance,11,llama3:70b,moderate,3.0,purity
relevance,11,llama3:70b,moderate,2.0,purity
relevance,11,llama3:70b,moderate,2.0,purity
relevance,11,llama3:70b,moderate,2.0,purity
relevance,11,llama3:70b,moderate,0.0,purity
relevance,11,llama3:70b,moderate,3.0,purity
relevance,11,llama3:70b,moderate,0.0,purity
relevance,11,llama3:70b,moderate,3.0,purity
relevance,11,llama3:70b,moderate,2.0,purity
relevance,11,llama3:70b,moderate,3.0,purity
relevance,11,llama3:70b,moderate,2.0,purity
relevance,11,llama3:70b,moderate,0.0,purity
relevance,11,llama3:70b,moderate,3.0,purity
relevance,11,llama3:70b,moderate,2.0,purity
relevance,11,llama3:70b,moderate,3.0,purity
relevance,11,llama3:70b,moderate,3.0,purity
relevance,11,llama3:70b,moderate,3.0,purity
relevance,11,llama3:70b,moderate,3.0,purity
relevance,11,llama3:70b,moderate,2.0,purity
relevance,11,llama3:70b,moderate,3.0,purity
relevance,11,llama3:70b,moderate,3.0,purity
relevance,11,llama3:70b,moderate,0.0,purity
relevance,11,llama3:70b,moderate,3.0,purity
relevance,11,llama3:70b,moderate,2.0,purity
relevance,11,llama3:70b,moderate,0.0,purity
relevance,11,llama3:70b,moderate,3.0,purity
relevance,11,llama3:70b,moderate,2.0,purity
relevance,11,llama3:70b,moderate,2.0,purity
relevance,11,llama3:70b,moderate,0.0,purity
relevance,11,llama3:70b,moderate,0.0,purity
relevance,11,llama3:70b,moderate,3.0,purity
relevance,11,llama3:70b,moderate,0.0,purity
relevance,11,llama3:70b,moderate,2.0,purity
relevance,11,llama3:70b,moderate,0.0,purity
relevance,11,llama3:70b,moderate,3.0,purity
relevance,11,llama3:70b,moderate,2.0,purity
relevance,11,llama3:70b,moderate,3.0,purity
relevance,11,llama3:70b,moderate,2.0,purity
relevance,11,llama3:70b,moderate,3.0,purity
relevance,11,llama3:70b,moderate,2.0,purity
relevance,11,llama3:70b,moderate,0.0,purity
relevance,11,llama3:70b,moderate,2.0,purity
relevance,11,llama3:70b,moderate,0.0,purity
relevance,11,llama3:70b,moderate,3.0,purity
relevance,11,llama3:70b,moderate,2.0,purity
relevance,11,llama3:70b,moderate,3.0,purity
relevance,11,llama3:70b,moderate,3.0,purity
relevance,11,llama3:70b,moderate,3.0,purity
relevance,11,llama3:70b,moderate,3.0,purity
relevance,11,llama3:70b,liberal,5.0,purity
relevance,11,llama3:70b,liberal,5.0,purity
relevance,11,llama3:70b,liberal,5.0,purity
relevance,11,llama3:70b,liberal,5.0,purity
relevance,11,llama3:70b,liberal,5.0,purity
relevance,11,llama3:70b,liberal,5.0,purity
relevance,11,llama3:70b,liberal,4.0,purity
relevance,11,llama3:70b,liberal,5.0,purity
relevance,11,llama3:70b,liberal,5.0,purity
relevance,11,llama3:70b,liberal,4.0,purity
relevance,11,llama3:70b,liberal,4.0,purity
relevance,11,llama3:70b,liberal,5.0,purity
relevance,11,llama3:70b,liberal,5.0,purity
relevance,11,llama3:70b,liberal,5.0,purity
relevance,11,llama3:70b,liberal,5.0,purity
relevance,11,llama3:70b,liberal,4.0,purity
relevance,11,llama3:70b,liberal,5.0,purity
relevance,11,llama3:70b,liberal,5.0,purity
relevance,11,llama3:70b,liberal,4.0,purity
relevance,11,llama3:70b,liberal,5.0,purity
relevance,11,llama3:70b,liberal,5.0,purity
relevance,11,llama3:70b,liberal,5.0,purity
relevance,11,llama3:70b,liberal,5.0,purity
relevance,11,llama3:70b,liberal,5.0,purity
relevance,11,llama3:70b,liberal,4.0,purity
relevance,11,llama3:70b,liberal,4.0,purity
relevance,11,llama3:70b,liberal,5.0,purity
relevance,11,llama3:70b,liberal,5.0,purity
relevance,11,llama3:70b,liberal,5.0,purity
relevance,11,llama3:70b,liberal,4.0,purity
relevance,11,llama3:70b,liberal,5.0,purity
relevance,11,llama3:70b,liberal,4.0,purity
relevance,11,llama3:70b,liberal,5.0,purity
relevance,11,llama3:70b,liberal,5.0,purity
relevance,11,llama3:70b,liberal,4.0,purity
relevance,11,llama3:70b,liberal,5.0,purity
relevance,11,llama3:70b,liberal,5.0,purity
relevance,11,llama3:70b,liberal,5.0,purity
relevance,11,llama3:70b,liberal,5.0,purity
relevance,11,llama3:70b,liberal,5.0,purity
relevance,11,llama3:70b,liberal,4.0,purity
relevance,11,llama3:70b,liberal,5.0,purity
relevance,11,llama3:70b,liberal,4.0,purity
relevance,11,llama3:70b,liberal,5.0,purity
relevance,11,llama3:70b,liberal,5.0,purity
relevance,11,llama3:70b,liberal,5.0,purity
relevance,11,llama3:70b,liberal,4.0,purity
relevance,11,llama3:70b,liberal,4.0,purity
relevance,11,llama3:70b,liberal,4.0,purity
relevance,11,llama3:70b,liberal,5.0,purity
relevance,11,llama3.1:70b,conservative,5.0,purity
relevance,11,llama3.1:70b,conservative,4.0,purity
relevance,11,llama3.1:70b,conservative,5.0,purity
relevance,11,llama3.1:70b,conservative,5.0,purity
relevance,11,llama3.1:70b,conservative,5.0,purity
relevance,11,llama3.1:70b,conservative,4.0,purity
relevance,11,llama3.1:70b,conservative,5.0,purity
relevance,11,llama3.1:70b,conservative,5.0,purity
relevance,11,llama3.1:70b,conservative,4.0,purity
relevance,11,llama3.1:70b,conservative,5.0,purity
relevance,11,llama3.1:70b,conservative,5.0,purity
relevance,11,llama3.1:70b,conservative,5.0,purity
relevance,11,llama3.1:70b,conservative,5.0,purity
relevance,11,llama3.1:70b,conservative,5.0,purity
relevance,11,llama3.1:70b,conservative,5.0,purity
relevance,11,llama3.1:70b,conservative,5.0,purity
relevance,11,llama3.1:70b,conservative,4.0,purity
relevance,11,llama3.1:70b,conservative,4.0,purity
relevance,11,llama3.1:70b,conservative,4.0,purity
relevance,11,llama3.1:70b,conservative,4.0,purity
relevance,11,llama3.1:70b,conservative,5.0,purity
relevance,11,llama3.1:70b,conservative,5.0,purity
relevance,11,llama3.1:70b,conservative,4.0,purity
relevance,11,llama3.1:70b,conservative,5.0,purity
relevance,11,llama3.1:70b,conservative,4.0,purity
relevance,11,llama3.1:70b,conservative,5.0,purity
relevance,11,llama3.1:70b,conservative,5.0,purity
relevance,11,llama3.1:70b,conservative,5.0,purity
relevance,11,llama3.1:70b,conservative,4.0,purity
relevance,11,llama3.1:70b,conservative,5.0,purity
relevance,11,llama3.1:70b,conservative,5.0,purity
relevance,11,llama3.1:70b,conservative,5.0,purity
relevance,11,llama3.1:70b,conservative,5.0,purity
relevance,11,llama3.1:70b,conservative,5.0,purity
relevance,11,llama3.1:70b,conservative,5.0,purity
relevance,11,llama3.1:70b,conservative,4.0,purity
relevance,11,llama3.1:70b,conservative,5.0,purity
relevance,11,llama3.1:70b,conservative,5.0,purity
relevance,11,llama3.1:70b,conservative,5.0,purity
relevance,11,llama3.1:70b,conservative,5.0,purity
relevance,11,llama3.1:70b,conservative,5.0,purity
relevance,11,llama3.1:70b,conservative,5.0,purity
relevance,11,llama3.1:70b,conservative,5.0,purity
relevance,11,llama3.1:70b,conservative,4.0,purity
relevance,11,llama3.1:70b,conservative,5.0,purity
relevance,11,llama3.1:70b,conservative,4.0,purity
relevance,11,llama3.1:70b,conservative,5.0,purity
relevance,11,llama3.1:70b,conservative,4.0,purity
relevance,11,llama3.1:70b,conservative,5.0,purity
relevance,11,llama3.1:70b,conservative,5.0,purity
relevance,11,llama3.1:70b,moderate,5.0,purity
relevance,11,llama3.1:70b,moderate,4.0,purity
relevance,11,llama3.1:70b,moderate,4.0,purity
relevance,11,llama3.1:70b,moderate,4.0,purity
relevance,11,llama3.1:70b,moderate,5.0,purity
relevance,11,llama3.1:70b,moderate,4.0,purity
relevance,11,llama3.1:70b,moderate,4.0,purity
relevance,11,llama3.1:70b,moderate,5.0,purity
relevance,11,llama3.1:70b,moderate,5.0,purity
relevance,11,llama3.1:70b,moderate,4.0,purity
relevance,11,llama3.1:70b,moderate,4.0,purity
relevance,11,llama3.1:70b,moderate,4.0,purity
relevance,11,llama3.1:70b,moderate,4.0,purity
relevance,11,llama3.1:70b,moderate,4.0,purity
relevance,11,llama3.1:70b,moderate,4.0,purity
relevance,11,llama3.1:70b,moderate,4.0,purity
relevance,11,llama3.1:70b,moderate,4.0,purity
relevance,11,llama3.1:70b,moderate,5.0,purity
relevance,11,llama3.1:70b,moderate,5.0,purity
relevance,11,llama3.1:70b,moderate,5.0,purity
relevance,11,llama3.1:70b,moderate,5.0,purity
relevance,11,llama3.1:70b,moderate,5.0,purity
relevance,11,llama3.1:70b,moderate,5.0,purity
relevance,11,llama3.1:70b,moderate,4.0,purity
relevance,11,llama3.1:70b,moderate,5.0,purity
relevance,11,llama3.1:70b,moderate,5.0,purity
relevance,11,llama3.1:70b,moderate,4.0,purity
relevance,11,llama3.1:70b,moderate,4.0,purity
relevance,11,llama3.1:70b,moderate,5.0,purity
relevance,11,llama3.1:70b,moderate,5.0,purity
relevance,11,llama3.1:70b,moderate,4.0,purity
relevance,11,llama3.1:70b,moderate,5.0,purity
relevance,11,llama3.1:70b,moderate,4.0,purity
relevance,11,llama3.1:70b,moderate,4.0,purity
relevance,11,llama3.1:70b,moderate,5.0,purity
relevance,11,llama3.1:70b,moderate,5.0,purity
relevance,11,llama3.1:70b,moderate,4.0,purity
relevance,11,llama3.1:70b,moderate,5.0,purity
relevance,11,llama3.1:70b,moderate,4.0,purity
relevance,11,llama3.1:70b,moderate,4.0,purity
relevance,11,llama3.1:70b,moderate,5.0,purity
relevance,11,llama3.1:70b,moderate,5.0,purity
relevance,11,llama3.1:70b,moderate,5.0,purity
relevance,11,llama3.1:70b,moderate,4.0,purity
relevance,11,llama3.1:70b,moderate,4.0,purity
relevance,11,llama3.1:70b,moderate,4.0,purity
relevance,11,llama3.1:70b,moderate,5.0,purity
relevance,11,llama3.1:70b,moderate,5.0,purity
relevance,11,llama3.1:70b,moderate,4.0,purity
relevance,11,llama3.1:70b,moderate,4.0,purity
relevance,11,llama3.1:70b,liberal,4.0,purity
relevance,11,llama3.1:70b,liberal,3.0,purity
relevance,11,llama3.1:70b,liberal,4.0,purity
relevance,11,llama3.1:70b,liberal,5.0,purity
relevance,11,llama3.1:70b,liberal,3.0,purity
relevance,11,llama3.1:70b,liberal,5.0,purity
relevance,11,llama3.1:70b,liberal,5.0,purity
relevance,11,llama3.1:70b,liberal,4.0,purity
relevance,11,llama3.1:70b,liberal,5.0,purity
relevance,11,llama3.1:70b,liberal,4.0,purity
relevance,11,llama3.1:70b,liberal,4.0,purity
relevance,11,llama3.1:70b,liberal,4.0,purity
relevance,11,llama3.1:70b,liberal,5.0,purity
relevance,11,llama3.1:70b,liberal,4.0,purity
relevance,11,llama3.1:70b,liberal,4.0,purity
relevance,11,llama3.1:70b,liberal,4.0,purity
relevance,11,llama3.1:70b,liberal,4.0,purity
relevance,11,llama3.1:70b,liberal,4.0,purity
relevance,11,llama3.1:70b,liberal,5.0,purity
relevance,11,llama3.1:70b,liberal,5.0,purity
relevance,11,llama3.1:70b,liberal,4.0,purity
relevance,11,llama3.1:70b,liberal,3.0,purity
relevance,11,llama3.1:70b,liberal,4.0,purity
relevance,11,llama3.1:70b,liberal,5.0,purity
relevance,11,llama3.1:70b,liberal,5.0,purity
relevance,11,llama3.1:70b,liberal,5.0,purity
relevance,11,llama3.1:70b,liberal,5.0,purity
relevance,11,llama3.1:70b,liberal,4.0,purity
relevance,11,llama3.1:70b,liberal,5.0,purity
relevance,11,llama3.1:70b,liberal,5.0,purity
relevance,11,llama3.1:70b,liberal,5.0,purity
relevance,11,llama3.1:70b,liberal,4.0,purity
relevance,11,llama3.1:70b,liberal,5.0,purity
relevance,11,llama3.1:70b,liberal,5.0,purity
relevance,11,llama3.1:70b,liberal,4.0,purity
relevance,11,llama3.1:70b,liberal,4.0,purity
relevance,11,llama3.1:70b,liberal,3.0,purity
relevance,11,llama3.1:70b,liberal,5.0,purity
relevance,11,llama3.1:70b,liberal,5.0,purity
relevance,11,llama3.1:70b,liberal,4.0,purity
relevance,11,llama3.1:70b,liberal,3.0,purity
relevance,11,llama3.1:70b,liberal,5.0,purity
relevance,11,llama3.1:70b,liberal,5.0,purity
relevance,11,llama3.1:70b,liberal,4.0,purity
relevance,11,llama3.1:70b,liberal,5.0,purity
relevance,11,llama3.1:70b,liberal,5.0,purity
relevance,11,llama3.1:70b,liberal,4.0,purity
relevance,11,llama3.1:70b,liberal,5.0,purity
relevance,11,llama3.1:70b,liberal,3.0,purity
relevance,11,llama3.1:70b,liberal,4.0,purity
relevance,11,mistral:7b,conservative,0.0,purity
relevance,11,mistral:7b,conservative,0.0,purity
relevance,11,mistral:7b,conservative,1.0,purity
relevance,11,mistral:7b,conservative,1.0,purity
relevance,11,mistral:7b,conservative,1.0,purity
relevance,11,mistral:7b,conservative,1.0,purity
relevance,11,mistral:7b,conservative,1.0,purity
relevance,11,mistral:7b,conservative,1.0,purity
relevance,11,mistral:7b,conservative,0.0,purity
relevance,11,mistral:7b,conservative,0.0,purity
relevance,11,mistral:7b,conservative,1.0,purity
relevance,11,mistral:7b,conservative,1.0,purity
relevance,11,mistral:7b,conservative,0.0,purity
relevance,11,mistral:7b,conservative,0.0,purity
relevance,11,mistral:7b,conservative,1.0,purity
relevance,11,mistral:7b,conservative,1.0,purity
relevance,11,mistral:7b,conservative,0.0,purity
relevance,11,mistral:7b,conservative,2.0,purity
relevance,11,mistral:7b,conservative,3.0,purity
relevance,11,mistral:7b,conservative,1.0,purity
relevance,11,mistral:7b,conservative,1.0,purity
relevance,11,mistral:7b,conservative,1.0,purity
relevance,11,mistral:7b,conservative,0.0,purity
relevance,11,mistral:7b,conservative,1.0,purity
relevance,11,mistral:7b,conservative,0.0,purity
relevance,11,mistral:7b,conservative,0.0,purity
relevance,11,mistral:7b,conservative,1.0,purity
relevance,11,mistral:7b,conservative,1.0,purity
relevance,11,mistral:7b,conservative,1.0,purity
relevance,11,mistral:7b,conservative,3.0,purity
relevance,11,mistral:7b,conservative,0.0,purity
relevance,11,mistral:7b,conservative,1.0,purity
relevance,11,mistral:7b,conservative,1.0,purity
relevance,11,mistral:7b,conservative,0.0,purity
relevance,11,mistral:7b,conservative,1.0,purity
relevance,11,mistral:7b,conservative,1.0,purity
relevance,11,mistral:7b,conservative,0.0,purity
relevance,11,mistral:7b,conservative,1.0,purity
relevance,11,mistral:7b,conservative,0.0,purity
relevance,11,mistral:7b,conservative,1.0,purity
relevance,11,mistral:7b,conservative,0.0,purity
relevance,11,mistral:7b,conservative,0.0,purity
relevance,11,mistral:7b,conservative,0.0,purity
relevance,11,mistral:7b,conservative,0.0,purity
relevance,11,mistral:7b,conservative,0.0,purity
relevance,11,mistral:7b,conservative,1.0,purity
relevance,11,mistral:7b,conservative,1.0,purity
relevance,11,mistral:7b,conservative,0.0,purity
relevance,11,mistral:7b,conservative,1.0,purity
relevance,11,mistral:7b,conservative,1.0,purity
relevance,11,mistral:7b,moderate,0.0,purity
relevance,11,mistral:7b,moderate,1.0,purity
relevance,11,mistral:7b,moderate,1.0,purity
relevance,11,mistral:7b,moderate,1.0,purity
relevance,11,mistral:7b,moderate,0.0,purity
relevance,11,mistral:7b,moderate,0.0,purity
relevance,11,mistral:7b,moderate,0.0,purity
relevance,11,mistral:7b,moderate,1.0,purity
relevance,11,mistral:7b,moderate,0.0,purity
relevance,11,mistral:7b,moderate,0.0,purity
relevance,11,mistral:7b,moderate,1.0,purity
relevance,11,mistral:7b,moderate,0.0,purity
relevance,11,mistral:7b,moderate,0.0,purity
relevance,11,mistral:7b,moderate,0.0,purity
relevance,11,mistral:7b,moderate,0.0,purity
relevance,11,mistral:7b,moderate,0.0,purity
relevance,11,mistral:7b,moderate,1.0,purity
relevance,11,mistral:7b,moderate,1.0,purity
relevance,11,mistral:7b,moderate,0.0,purity
relevance,11,mistral:7b,moderate,0.0,purity
relevance,11,mistral:7b,moderate,1.0,purity
relevance,11,mistral:7b,moderate,0.0,purity
relevance,11,mistral:7b,moderate,1.0,purity
relevance,11,mistral:7b,moderate,1.0,purity
relevance,11,mistral:7b,moderate,0.0,purity
relevance,11,mistral:7b,moderate,0.0,purity
relevance,11,mistral:7b,moderate,0.0,purity
relevance,11,mistral:7b,moderate,0.0,purity
relevance,11,mistral:7b,moderate,0.0,purity
relevance,11,mistral:7b,moderate,1.0,purity
relevance,11,mistral:7b,moderate,1.0,purity
relevance,11,mistral:7b,moderate,0.0,purity
relevance,11,mistral:7b,moderate,0.0,purity
relevance,11,mistral:7b,moderate,1.0,purity
relevance,11,mistral:7b,moderate,0.0,purity
relevance,11,mistral:7b,moderate,1.0,purity
relevance,11,mistral:7b,moderate,0.0,purity
relevance,11,mistral:7b,moderate,1.0,purity
relevance,11,mistral:7b,moderate,0.0,purity
relevance,11,mistral:7b,moderate,1.0,purity
relevance,11,mistral:7b,moderate,0.0,purity
relevance,11,mistral:7b,moderate,1.0,purity
relevance,11,mistral:7b,moderate,0.0,purity
relevance,11,mistral:7b,moderate,1.0,purity
relevance,11,mistral:7b,moderate,0.0,purity
relevance,11,mistral:7b,moderate,0.0,purity
relevance,11,mistral:7b,moderate,0.0,purity
relevance,11,mistral:7b,moderate,0.0,purity
relevance,11,mistral:7b,moderate,0.0,purity
relevance,11,mistral:7b,moderate,0.0,purity
relevance,11,mistral:7b,liberal,1.0,purity
relevance,11,mistral:7b,liberal,1.0,purity
relevance,11,mistral:7b,liberal,1.0,purity
relevance,11,mistral:7b,liberal,1.0,purity
relevance,11,mistral:7b,liberal,1.0,purity
relevance,11,mistral:7b,liberal,1.0,purity
relevance,11,mistral:7b,liberal,1.0,purity
relevance,11,mistral:7b,liberal,1.0,purity
relevance,11,mistral:7b,liberal,1.0,purity
relevance,11,mistral:7b,liberal,1.0,purity
relevance,11,mistral:7b,liberal,1.0,purity
relevance,11,mistral:7b,liberal,1.0,purity
relevance,11,mistral:7b,liberal,1.0,purity
relevance,11,mistral:7b,liberal,1.0,purity
relevance,11,mistral:7b,liberal,1.0,purity
relevance,11,mistral:7b,liberal,1.0,purity
relevance,11,mistral:7b,liberal,1.0,purity
relevance,11,mistral:7b,liberal,1.0,purity
relevance,11,mistral:7b,liberal,1.0,purity
relevance,11,mistral:7b,liberal,1.0,purity
relevance,11,mistral:7b,liberal,1.0,purity
relevance,11,mistral:7b,liberal,1.0,purity
relevance,11,mistral:7b,liberal,1.0,purity
relevance,11,mistral:7b,liberal,1.0,purity
relevance,11,mistral:7b,liberal,1.0,purity
relevance,11,mistral:7b,liberal,1.0,purity
relevance,11,mistral:7b,liberal,1.0,purity
relevance,11,mistral:7b,liberal,1.0,purity
relevance,11,mistral:7b,liberal,1.0,purity
relevance,11,mistral:7b,liberal,1.0,purity
relevance,11,mistral:7b,liberal,1.0,purity
relevance,11,mistral:7b,liberal,1.0,purity
relevance,11,mistral:7b,liberal,1.0,purity
relevance,11,mistral:7b,liberal,1.0,purity
relevance,11,mistral:7b,liberal,0.0,purity
relevance,11,mistral:7b,liberal,1.0,purity
relevance,11,mistral:7b,liberal,0.0,purity
relevance,11,mistral:7b,liberal,1.0,purity
relevance,11,mistral:7b,liberal,1.0,purity
relevance,11,mistral:7b,liberal,1.0,purity
relevance,11,mistral:7b,liberal,1.0,purity
relevance,11,mistral:7b,liberal,1.0,purity
relevance,11,mistral:7b,liberal,1.0,purity
relevance,11,mistral:7b,liberal,1.0,purity
relevance,11,mistral:7b,liberal,1.0,purity
relevance,11,mistral:7b,liberal,1.0,purity
relevance,11,mistral:7b,liberal,1.0,purity
relevance,11,mistral:7b,liberal,1.0,purity
relevance,11,mistral:7b,liberal,1.0,purity
relevance,11,mistral:7b,liberal,0.0,purity
relevance,11,mixtral:8x22b,conservative,3.0,purity
relevance,11,mixtral:8x22b,conservative,2.0,purity
relevance,11,mixtral:8x22b,conservative,2.0,purity
relevance,11,mixtral:8x22b,conservative,2.0,purity
relevance,11,mixtral:8x22b,conservative,2.0,purity
relevance,11,mixtral:8x22b,conservative,3.0,purity
relevance,11,mixtral:8x22b,conservative,2.0,purity
relevance,11,mixtral:8x22b,conservative,3.0,purity
relevance,11,mixtral:8x22b,conservative,3.0,purity
relevance,11,mixtral:8x22b,conservative,2.0,purity
relevance,11,mixtral:8x22b,conservative,3.0,purity
relevance,11,mixtral:8x22b,conservative,3.0,purity
relevance,11,mixtral:8x22b,conservative,3.0,purity
relevance,11,mixtral:8x22b,conservative,3.0,purity
relevance,11,mixtral:8x22b,conservative,3.0,purity
relevance,11,mixtral:8x22b,conservative,2.0,purity
relevance,11,mixtral:8x22b,conservative,3.0,purity
relevance,11,mixtral:8x22b,conservative,2.0,purity
relevance,11,mixtral:8x22b,conservative,2.0,purity
relevance,11,mixtral:8x22b,conservative,3.0,purity
relevance,11,mixtral:8x22b,conservative,3.0,purity
relevance,11,mixtral:8x22b,conservative,2.0,purity
relevance,11,mixtral:8x22b,conservative,2.0,purity
relevance,11,mixtral:8x22b,conservative,2.0,purity
relevance,11,mixtral:8x22b,conservative,2.0,purity
relevance,11,mixtral:8x22b,conservative,2.0,purity
relevance,11,mixtral:8x22b,conservative,3.0,purity
relevance,11,mixtral:8x22b,conservative,2.0,purity
relevance,11,mixtral:8x22b,conservative,2.0,purity
relevance,11,mixtral:8x22b,conservative,3.0,purity
relevance,11,mixtral:8x22b,conservative,2.0,purity
relevance,11,mixtral:8x22b,conservative,3.0,purity
relevance,11,mixtral:8x22b,conservative,3.0,purity
relevance,11,mixtral:8x22b,conservative,3.0,purity
relevance,11,mixtral:8x22b,conservative,2.0,purity
relevance,11,mixtral:8x22b,conservative,3.0,purity
relevance,11,mixtral:8x22b,conservative,3.0,purity
relevance,11,mixtral:8x22b,conservative,3.0,purity
relevance,11,mixtral:8x22b,conservative,2.0,purity
relevance,11,mixtral:8x22b,conservative,3.0,purity
relevance,11,mixtral:8x22b,conservative,2.0,purity
relevance,11,mixtral:8x22b,conservative,2.0,purity
relevance,11,mixtral:8x22b,conservative,2.0,purity
relevance,11,mixtral:8x22b,conservative,3.0,purity
relevance,11,mixtral:8x22b,conservative,2.0,purity
relevance,11,mixtral:8x22b,conservative,3.0,purity
relevance,11,mixtral:8x22b,conservative,3.0,purity
relevance,11,mixtral:8x22b,conservative,2.0,purity
relevance,11,mixtral:8x22b,conservative,3.0,purity
relevance,11,mixtral:8x22b,conservative,2.0,purity
relevance,11,mixtral:8x22b,moderate,1.0,purity
relevance,11,mixtral:8x22b,moderate,1.0,purity
relevance,11,mixtral:8x22b,moderate,1.0,purity
relevance,11,mixtral:8x22b,moderate,2.0,purity
relevance,11,mixtral:8x22b,moderate,1.0,purity
relevance,11,mixtral:8x22b,moderate,1.0,purity
relevance,11,mixtral:8x22b,moderate,2.0,purity
relevance,11,mixtral:8x22b,moderate,1.0,purity
relevance,11,mixtral:8x22b,moderate,1.0,purity
relevance,11,mixtral:8x22b,moderate,1.0,purity
relevance,11,mixtral:8x22b,moderate,1.0,purity
relevance,11,mixtral:8x22b,moderate,1.0,purity
relevance,11,mixtral:8x22b,moderate,1.0,purity
relevance,11,mixtral:8x22b,moderate,1.0,purity
relevance,11,mixtral:8x22b,moderate,1.0,purity
relevance,11,mixtral:8x22b,moderate,1.0,purity
relevance,11,mixtral:8x22b,moderate,1.0,purity
relevance,11,mixtral:8x22b,moderate,1.0,purity
relevance,11,mixtral:8x22b,moderate,1.0,purity
relevance,11,mixtral:8x22b,moderate,1.0,purity
relevance,11,mixtral:8x22b,moderate,1.0,purity
relevance,11,mixtral:8x22b,moderate,1.0,purity
relevance,11,mixtral:8x22b,moderate,2.0,purity
relevance,11,mixtral:8x22b,moderate,1.0,purity
relevance,11,mixtral:8x22b,moderate,1.0,purity
relevance,11,mixtral:8x22b,moderate,2.0,purity
relevance,11,mixtral:8x22b,moderate,1.0,purity
relevance,11,mixtral:8x22b,moderate,2.0,purity
relevance,11,mixtral:8x22b,moderate,1.0,purity
relevance,11,mixtral:8x22b,moderate,1.0,purity
relevance,11,mixtral:8x22b,moderate,1.0,purity
relevance,11,mixtral:8x22b,moderate,1.0,purity
relevance,11,mixtral:8x22b,moderate,1.0,purity
relevance,11,mixtral:8x22b,moderate,1.0,purity
relevance,11,mixtral:8x22b,moderate,1.0,purity
relevance,11,mixtral:8x22b,moderate,1.0,purity
relevance,11,mixtral:8x22b,moderate,1.0,purity
relevance,11,mixtral:8x22b,moderate,1.0,purity
relevance,11,mixtral:8x22b,moderate,1.0,purity
relevance,11,mixtral:8x22b,moderate,1.0,purity
relevance,11,mixtral:8x22b,moderate,2.0,purity
relevance,11,mixtral:8x22b,moderate,1.0,purity
relevance,11,mixtral:8x22b,moderate,1.0,purity
relevance,11,mixtral:8x22b,moderate,2.0,purity
relevance,11,mixtral:8x22b,moderate,1.0,purity
relevance,11,mixtral:8x22b,moderate,1.0,purity
relevance,11,mixtral:8x22b,moderate,1.0,purity
relevance,11,mixtral:8x22b,moderate,2.0,purity
relevance,11,mixtral:8x22b,moderate,1.0,purity
relevance,11,mixtral:8x22b,moderate,1.0,purity
relevance,11,mixtral:8x22b,liberal,2.0,purity
relevance,11,mixtral:8x22b,liberal,2.0,purity
relevance,11,mixtral:8x22b,liberal,2.0,purity
relevance,11,mixtral:8x22b,liberal,1.0,purity
relevance,11,mixtral:8x22b,liberal,3.0,purity
relevance,11,mixtral:8x22b,liberal,2.0,purity
relevance,11,mixtral:8x22b,liberal,2.0,purity
relevance,11,mixtral:8x22b,liberal,2.0,purity
relevance,11,mixtral:8x22b,liberal,2.0,purity
relevance,11,mixtral:8x22b,liberal,2.0,purity
relevance,11,mixtral:8x22b,liberal,2.0,purity
relevance,11,mixtral:8x22b,liberal,2.0,purity
relevance,11,mixtral:8x22b,liberal,1.0,purity
relevance,11,mixtral:8x22b,liberal,2.0,purity
relevance,11,mixtral:8x22b,liberal,2.0,purity
relevance,11,mixtral:8x22b,liberal,2.0,purity
relevance,11,mixtral:8x22b,liberal,2.0,purity
relevance,11,mixtral:8x22b,liberal,2.0,purity
relevance,11,mixtral:8x22b,liberal,2.0,purity
relevance,11,mixtral:8x22b,liberal,2.0,purity
relevance,11,mixtral:8x22b,liberal,2.0,purity
relevance,11,mixtral:8x22b,liberal,2.0,purity
relevance,11,mixtral:8x22b,liberal,2.0,purity
relevance,11,mixtral:8x22b,liberal,3.0,purity
relevance,11,mixtral:8x22b,liberal,2.0,purity
relevance,11,mixtral:8x22b,liberal,2.0,purity
relevance,11,mixtral:8x22b,liberal,1.0,purity
relevance,11,mixtral:8x22b,liberal,1.0,purity
relevance,11,mixtral:8x22b,liberal,1.0,purity
relevance,11,mixtral:8x22b,liberal,2.0,purity
relevance,11,mixtral:8x22b,liberal,1.0,purity
relevance,11,mixtral:8x22b,liberal,2.0,purity
relevance,11,mixtral:8x22b,liberal,2.0,purity
relevance,11,mixtral:8x22b,liberal,2.0,purity
relevance,11,mixtral:8x22b,liberal,2.0,purity
relevance,11,mixtral:8x22b,liberal,2.0,purity
relevance,11,mixtral:8x22b,liberal,2.0,purity
relevance,11,mixtral:8x22b,liberal,2.0,purity
relevance,11,mixtral:8x22b,liberal,2.0,purity
relevance,11,mixtral:8x22b,liberal,2.0,purity
relevance,11,mixtral:8x22b,liberal,2.0,purity
relevance,11,mixtral:8x22b,liberal,2.0,purity
relevance,11,mixtral:8x22b,liberal,3.0,purity
relevance,11,mixtral:8x22b,liberal,2.0,purity
relevance,11,mixtral:8x22b,liberal,1.0,purity
relevance,11,mixtral:8x22b,liberal,2.0,purity
relevance,11,mixtral:8x22b,liberal,1.0,purity
relevance,11,mixtral:8x22b,liberal,2.0,purity
relevance,11,mixtral:8x22b,liberal,2.0,purity
relevance,11,mixtral:8x22b,liberal,2.0,purity
relevance,11,mixtral:8x7b,conservative,2.0,purity
relevance,11,mixtral:8x7b,conservative,2.0,purity
relevance,11,mixtral:8x7b,conservative,2.0,purity
relevance,11,mixtral:8x7b,conservative,2.0,purity
relevance,11,mixtral:8x7b,conservative,2.0,purity
relevance,11,mixtral:8x7b,conservative,2.0,purity
relevance,11,mixtral:8x7b,conservative,2.0,purity
relevance,11,mixtral:8x7b,conservative,2.0,purity
relevance,11,mixtral:8x7b,conservative,2.0,purity
relevance,11,mixtral:8x7b,conservative,2.0,purity
relevance,11,mixtral:8x7b,conservative,2.0,purity
relevance,11,mixtral:8x7b,conservative,2.0,purity
relevance,11,mixtral:8x7b,conservative,2.0,purity
relevance,11,mixtral:8x7b,conservative,2.0,purity
relevance,11,mixtral:8x7b,conservative,2.0,purity
relevance,11,mixtral:8x7b,conservative,2.0,purity
relevance,11,mixtral:8x7b,conservative,2.0,purity
relevance,11,mixtral:8x7b,conservative,2.0,purity
relevance,11,mixtral:8x7b,conservative,2.0,purity
relevance,11,mixtral:8x7b,conservative,2.0,purity
relevance,11,mixtral:8x7b,conservative,2.0,purity
relevance,11,mixtral:8x7b,conservative,2.0,purity
relevance,11,mixtral:8x7b,conservative,2.0,purity
relevance,11,mixtral:8x7b,conservative,2.0,purity
relevance,11,mixtral:8x7b,conservative,2.0,purity
relevance,11,mixtral:8x7b,conservative,2.0,purity
relevance,11,mixtral:8x7b,conservative,2.0,purity
relevance,11,mixtral:8x7b,conservative,2.0,purity
relevance,11,mixtral:8x7b,conservative,2.0,purity
relevance,11,mixtral:8x7b,conservative,2.0,purity
relevance,11,mixtral:8x7b,conservative,2.0,purity
relevance,11,mixtral:8x7b,conservative,2.0,purity
relevance,11,mixtral:8x7b,conservative,2.0,purity
relevance,11,mixtral:8x7b,conservative,2.0,purity
relevance,11,mixtral:8x7b,conservative,2.0,purity
relevance,11,mixtral:8x7b,conservative,2.0,purity
relevance,11,mixtral:8x7b,conservative,2.0,purity
relevance,11,mixtral:8x7b,conservative,2.0,purity
relevance,11,mixtral:8x7b,conservative,2.0,purity
relevance,11,mixtral:8x7b,conservative,2.0,purity
relevance,11,mixtral:8x7b,conservative,2.0,purity
relevance,11,mixtral:8x7b,conservative,2.0,purity
relevance,11,mixtral:8x7b,conservative,2.0,purity
relevance,11,mixtral:8x7b,conservative,2.0,purity
relevance,11,mixtral:8x7b,conservative,2.0,purity
relevance,11,mixtral:8x7b,conservative,2.0,purity
relevance,11,mixtral:8x7b,conservative,2.0,purity
relevance,11,mixtral:8x7b,conservative,2.0,purity
relevance,11,mixtral:8x7b,conservative,2.0,purity
relevance,11,mixtral:8x7b,conservative,2.0,purity
relevance,11,mixtral:8x7b,moderate,2.0,purity
relevance,11,mixtral:8x7b,moderate,2.0,purity
relevance,11,mixtral:8x7b,moderate,2.0,purity
relevance,11,mixtral:8x7b,moderate,2.0,purity
relevance,11,mixtral:8x7b,moderate,2.0,purity
relevance,11,mixtral:8x7b,moderate,2.0,purity
relevance,11,mixtral:8x7b,moderate,2.0,purity
relevance,11,mixtral:8x7b,moderate,2.0,purity
relevance,11,mixtral:8x7b,moderate,2.0,purity
relevance,11,mixtral:8x7b,moderate,2.0,purity
relevance,11,mixtral:8x7b,moderate,2.0,purity
relevance,11,mixtral:8x7b,moderate,2.0,purity
relevance,11,mixtral:8x7b,moderate,2.0,purity
relevance,11,mixtral:8x7b,moderate,2.0,purity
relevance,11,mixtral:8x7b,moderate,2.0,purity
relevance,11,mixtral:8x7b,moderate,2.0,purity
relevance,11,mixtral:8x7b,moderate,2.0,purity
relevance,11,mixtral:8x7b,moderate,2.0,purity
relevance,11,mixtral:8x7b,moderate,2.0,purity
relevance,11,mixtral:8x7b,moderate,2.0,purity
relevance,11,mixtral:8x7b,moderate,2.0,purity
relevance,11,mixtral:8x7b,moderate,2.0,purity
relevance,11,mixtral:8x7b,moderate,2.0,purity
relevance,11,mixtral:8x7b,moderate,2.0,purity
relevance,11,mixtral:8x7b,moderate,2.0,purity
relevance,11,mixtral:8x7b,moderate,2.0,purity
relevance,11,mixtral:8x7b,moderate,2.0,purity
relevance,11,mixtral:8x7b,moderate,2.0,purity
relevance,11,mixtral:8x7b,moderate,2.0,purity
relevance,11,mixtral:8x7b,moderate,2.0,purity
relevance,11,mixtral:8x7b,moderate,2.0,purity
relevance,11,mixtral:8x7b,moderate,2.0,purity
relevance,11,mixtral:8x7b,moderate,2.0,purity
relevance,11,mixtral:8x7b,moderate,2.0,purity
relevance,11,mixtral:8x7b,moderate,2.0,purity
relevance,11,mixtral:8x7b,moderate,2.0,purity
relevance,11,mixtral:8x7b,moderate,2.0,purity
relevance,11,mixtral:8x7b,moderate,2.0,purity
relevance,11,mixtral:8x7b,moderate,2.0,purity
relevance,11,mixtral:8x7b,moderate,2.0,purity
relevance,11,mixtral:8x7b,moderate,2.0,purity
relevance,11,mixtral:8x7b,moderate,2.0,purity
relevance,11,mixtral:8x7b,moderate,2.0,purity
relevance,11,mixtral:8x7b,moderate,2.0,purity
relevance,11,mixtral:8x7b,moderate,2.0,purity
relevance,11,mixtral:8x7b,moderate,2.0,purity
relevance,11,mixtral:8x7b,moderate,2.0,purity
relevance,11,mixtral:8x7b,moderate,2.0,purity
relevance,11,mixtral:8x7b,moderate,2.0,purity
relevance,11,mixtral:8x7b,moderate,2.0,purity
relevance,11,mixtral:8x7b,liberal,2.0,purity
relevance,11,mixtral:8x7b,liberal,2.0,purity
relevance,11,mixtral:8x7b,liberal,2.0,purity
relevance,11,mixtral:8x7b,liberal,2.0,purity
relevance,11,mixtral:8x7b,liberal,2.0,purity
relevance,11,mixtral:8x7b,liberal,2.0,purity
relevance,11,mixtral:8x7b,liberal,2.0,purity
relevance,11,mixtral:8x7b,liberal,2.0,purity
relevance,11,mixtral:8x7b,liberal,2.0,purity
relevance,11,mixtral:8x7b,liberal,2.0,purity
relevance,11,mixtral:8x7b,liberal,2.0,purity
relevance,11,mixtral:8x7b,liberal,2.0,purity
relevance,11,mixtral:8x7b,liberal,2.0,purity
relevance,11,mixtral:8x7b,liberal,2.0,purity
relevance,11,mixtral:8x7b,liberal,2.0,purity
relevance,11,mixtral:8x7b,liberal,2.0,purity
relevance,11,mixtral:8x7b,liberal,2.0,purity
relevance,11,mixtral:8x7b,liberal,2.0,purity
relevance,11,mixtral:8x7b,liberal,2.0,purity
relevance,11,mixtral:8x7b,liberal,2.0,purity
relevance,11,mixtral:8x7b,liberal,2.0,purity
relevance,11,mixtral:8x7b,liberal,2.0,purity
relevance,11,mixtral:8x7b,liberal,1.0,purity
relevance,11,mixtral:8x7b,liberal,2.0,purity
relevance,11,mixtral:8x7b,liberal,2.0,purity
relevance,11,mixtral:8x7b,liberal,2.0,purity
relevance,11,mixtral:8x7b,liberal,2.0,purity
relevance,11,mixtral:8x7b,liberal,2.0,purity
relevance,11,mixtral:8x7b,liberal,2.0,purity
relevance,11,mixtral:8x7b,liberal,2.0,purity
relevance,11,mixtral:8x7b,liberal,2.0,purity
relevance,11,mixtral:8x7b,liberal,2.0,purity
relevance,11,mixtral:8x7b,liberal,1.0,purity
relevance,11,mixtral:8x7b,liberal,2.0,purity
relevance,11,mixtral:8x7b,liberal,1.0,purity
relevance,11,mixtral:8x7b,liberal,2.0,purity
relevance,11,mixtral:8x7b,liberal,2.0,purity
relevance,11,mixtral:8x7b,liberal,2.0,purity
relevance,11,mixtral:8x7b,liberal,2.0,purity
relevance,11,mixtral:8x7b,liberal,1.0,purity
relevance,11,mixtral:8x7b,liberal,2.0,purity
relevance,11,mixtral:8x7b,liberal,2.0,purity
relevance,11,mixtral:8x7b,liberal,2.0,purity
relevance,11,mixtral:8x7b,liberal,1.0,purity
relevance,11,mixtral:8x7b,liberal,2.0,purity
relevance,11,mixtral:8x7b,liberal,2.0,purity
relevance,11,mixtral:8x7b,liberal,2.0,purity
relevance,11,mixtral:8x7b,liberal,2.0,purity
relevance,11,mixtral:8x7b,liberal,2.0,purity
relevance,11,mixtral:8x7b,liberal,2.0,purity
relevance,11,phi3:14b,conservative,4.0,purity
relevance,11,phi3:14b,conservative,3.0,purity
relevance,11,phi3:14b,conservative,0.0,purity
relevance,11,phi3:14b,conservative,0.0,purity
relevance,11,phi3:14b,conservative,4.0,purity
relevance,11,phi3:14b,conservative,2.0,purity
relevance,11,phi3:14b,conservative,4.0,purity
relevance,11,phi3:14b,conservative,0.0,purity
relevance,11,phi3:14b,conservative,4.0,purity
relevance,11,phi3:14b,conservative,4.0,purity
relevance,11,phi3:14b,conservative,4.0,purity
relevance,11,phi3:14b,conservative,4.0,purity
relevance,11,phi3:14b,conservative,3.0,purity
relevance,11,phi3:14b,conservative,2.0,purity
relevance,11,phi3:14b,conservative,5.0,purity
relevance,11,phi3:14b,conservative,2.0,purity
relevance,11,phi3:14b,conservative,1.0,purity
relevance,11,phi3:14b,conservative,2.0,purity
relevance,11,phi3:14b,conservative,4.0,purity
relevance,11,phi3:14b,conservative,2.0,purity
relevance,11,phi3:14b,conservative,2.0,purity
relevance,11,phi3:14b,conservative,4.0,purity
relevance,11,phi3:14b,conservative,2.0,purity
relevance,11,phi3:14b,conservative,3.0,purity
relevance,11,phi3:14b,conservative,3.0,purity
relevance,11,phi3:14b,conservative,4.0,purity
relevance,11,phi3:14b,conservative,0.0,purity
relevance,11,phi3:14b,conservative,4.0,purity
relevance,11,phi3:14b,conservative,0.0,purity
relevance,11,phi3:14b,conservative,4.0,purity
relevance,11,phi3:14b,conservative,0.0,purity
relevance,11,phi3:14b,conservative,4.0,purity
relevance,11,phi3:14b,conservative,4.0,purity
relevance,11,phi3:14b,conservative,3.0,purity
relevance,11,phi3:14b,conservative,0.0,purity
relevance,11,phi3:14b,conservative,2.0,purity
relevance,11,phi3:14b,conservative,4.0,purity
relevance,11,phi3:14b,conservative,2.0,purity
relevance,11,phi3:14b,conservative,2.0,purity
relevance,11,phi3:14b,conservative,0.0,purity
relevance,11,phi3:14b,conservative,5.0,purity
relevance,11,phi3:14b,conservative,4.0,purity
relevance,11,phi3:14b,conservative,4.0,purity
relevance,11,phi3:14b,conservative,3.0,purity
relevance,11,phi3:14b,conservative,5.0,purity
relevance,11,phi3:14b,conservative,3.0,purity
relevance,11,phi3:14b,conservative,5.0,purity
relevance,11,phi3:14b,conservative,0.0,purity
relevance,11,phi3:14b,conservative,0.0,purity
relevance,11,phi3:14b,conservative,4.0,purity
relevance,11,phi3:14b,moderate,3.0,purity
relevance,11,phi3:14b,moderate,2.0,purity
relevance,11,phi3:14b,moderate,0.0,purity
relevance,11,phi3:14b,moderate,4.0,purity
relevance,11,phi3:14b,moderate,2.0,purity
relevance,11,phi3:14b,moderate,1.0,purity
relevance,11,phi3:14b,moderate,2.0,purity
relevance,11,phi3:14b,moderate,4.0,purity
relevance,11,phi3:14b,moderate,0.0,purity
relevance,11,phi3:14b,moderate,2.0,purity
relevance,11,phi3:14b,moderate,1.0,purity
relevance,11,phi3:14b,moderate,0.0,purity
relevance,11,phi3:14b,moderate,0.0,purity
relevance,11,phi3:14b,moderate,2.0,purity
relevance,11,phi3:14b,moderate,1.0,purity
relevance,11,phi3:14b,moderate,4.0,purity
relevance,11,phi3:14b,moderate,2.0,purity
relevance,11,phi3:14b,moderate,4.0,purity
relevance,11,phi3:14b,moderate,2.0,purity
relevance,11,phi3:14b,moderate,0.0,purity
relevance,11,phi3:14b,moderate,4.0,purity
relevance,11,phi3:14b,moderate,1.0,purity
relevance,11,phi3:14b,moderate,4.0,purity
relevance,11,phi3:14b,moderate,2.0,purity
relevance,11,phi3:14b,moderate,5.0,purity
relevance,11,phi3:14b,moderate,3.0,purity
relevance,11,phi3:14b,moderate,2.0,purity
relevance,11,phi3:14b,moderate,2.0,purity
relevance,11,phi3:14b,moderate,3.0,purity
relevance,11,phi3:14b,moderate,4.0,purity
relevance,11,phi3:14b,moderate,4.0,purity
relevance,11,phi3:14b,moderate,2.0,purity
relevance,11,phi3:14b,moderate,0.0,purity
relevance,11,phi3:14b,moderate,5.0,purity
relevance,11,phi3:14b,moderate,3.0,purity
relevance,11,phi3:14b,moderate,2.0,purity
relevance,11,phi3:14b,moderate,2.0,purity
relevance,11,phi3:14b,moderate,4.0,purity
relevance,11,phi3:14b,moderate,3.0,purity
relevance,11,phi3:14b,moderate,3.0,purity
relevance,11,phi3:14b,moderate,2.0,purity
relevance,11,phi3:14b,moderate,3.0,purity
relevance,11,phi3:14b,moderate,2.0,purity
relevance,11,phi3:14b,moderate,2.0,purity
relevance,11,phi3:14b,moderate,3.0,purity
relevance,11,phi3:14b,moderate,3.0,purity
relevance,11,phi3:14b,moderate,3.0,purity
relevance,11,phi3:14b,moderate,4.0,purity
relevance,11,phi3:14b,moderate,0.0,purity
relevance,11,phi3:14b,moderate,5.0,purity
relevance,11,phi3:14b,liberal,4.0,purity
relevance,11,phi3:14b,liberal,0.0,purity
relevance,11,phi3:14b,liberal,4.0,purity
relevance,11,phi3:14b,liberal,4.0,purity
relevance,11,phi3:14b,liberal,4.0,purity
relevance,11,phi3:14b,liberal,1.0,purity
relevance,11,phi3:14b,liberal,4.0,purity
relevance,11,phi3:14b,liberal,0.0,purity
relevance,11,phi3:14b,liberal,2.0,purity
relevance,11,phi3:14b,liberal,5.0,purity
relevance,11,phi3:14b,liberal,2.0,purity
relevance,11,phi3:14b,liberal,2.0,purity
relevance,11,phi3:14b,liberal,0.0,purity
relevance,11,phi3:14b,liberal,3.0,purity
relevance,11,phi3:14b,liberal,2.0,purity
relevance,11,phi3:14b,liberal,3.0,purity
relevance,11,phi3:14b,liberal,1.0,purity
relevance,11,phi3:14b,liberal,0.0,purity
relevance,11,phi3:14b,liberal,4.0,purity
relevance,11,phi3:14b,liberal,4.0,purity
relevance,11,phi3:14b,liberal,2.0,purity
relevance,11,phi3:14b,liberal,3.0,purity
relevance,11,phi3:14b,liberal,2.0,purity
relevance,11,phi3:14b,liberal,4.0,purity
relevance,11,phi3:14b,liberal,1.0,purity
relevance,11,phi3:14b,liberal,4.0,purity
relevance,11,phi3:14b,liberal,4.0,purity
relevance,11,phi3:14b,liberal,1.0,purity
relevance,11,phi3:14b,liberal,0.0,purity
relevance,11,phi3:14b,liberal,5.0,purity
relevance,11,phi3:14b,liberal,4.0,purity
relevance,11,phi3:14b,liberal,2.0,purity
relevance,11,phi3:14b,liberal,4.0,purity
relevance,11,phi3:14b,liberal,5.0,purity
relevance,11,phi3:14b,liberal,3.0,purity
relevance,11,phi3:14b,liberal,4.0,purity
relevance,11,phi3:14b,liberal,5.0,purity
relevance,11,phi3:14b,liberal,4.0,purity
relevance,11,phi3:14b,liberal,2.0,purity
relevance,11,phi3:14b,liberal,4.0,purity
relevance,11,phi3:14b,liberal,1.0,purity
relevance,11,phi3:14b,liberal,5.0,purity
relevance,11,phi3:14b,liberal,0.0,purity
relevance,11,phi3:14b,liberal,0.0,purity
relevance,11,phi3:14b,liberal,5.0,purity
relevance,11,phi3:14b,liberal,2.0,purity
relevance,11,phi3:14b,liberal,0.0,purity
relevance,11,phi3:14b,liberal,2.0,purity
relevance,11,phi3:14b,liberal,3.0,purity
relevance,11,phi3:14b,liberal,3.0,purity
relevance,11,gemma:7b,conservative,3.0,purity
relevance,11,gemma:7b,conservative,3.0,purity
relevance,11,gemma:7b,conservative,3.0,purity
relevance,11,gemma:7b,conservative,3.0,purity
relevance,11,gemma:7b,conservative,3.0,purity
relevance,11,gemma:7b,conservative,3.0,purity
relevance,11,gemma:7b,conservative,4.0,purity
relevance,11,gemma:7b,conservative,3.0,purity
relevance,11,gemma:7b,conservative,3.0,purity
relevance,11,gemma:7b,conservative,3.0,purity
relevance,11,gemma:7b,conservative,4.0,purity
relevance,11,gemma:7b,conservative,3.0,purity
relevance,11,gemma:7b,conservative,3.0,purity
relevance,11,gemma:7b,conservative,3.0,purity
relevance,11,gemma:7b,conservative,3.0,purity
relevance,11,gemma:7b,conservative,3.0,purity
relevance,11,gemma:7b,conservative,3.0,purity
relevance,11,gemma:7b,conservative,3.0,purity
relevance,11,gemma:7b,conservative,3.0,purity
relevance,11,gemma:7b,conservative,3.0,purity
relevance,11,gemma:7b,conservative,3.0,purity
relevance,11,gemma:7b,conservative,3.0,purity
relevance,11,gemma:7b,conservative,3.0,purity
relevance,11,gemma:7b,conservative,3.0,purity
relevance,11,gemma:7b,conservative,3.0,purity
relevance,11,gemma:7b,conservative,3.0,purity
relevance,11,gemma:7b,conservative,3.0,purity
relevance,11,gemma:7b,conservative,3.0,purity
relevance,11,gemma:7b,conservative,3.0,purity
relevance,11,gemma:7b,conservative,3.0,purity
relevance,11,gemma:7b,conservative,3.0,purity
relevance,11,gemma:7b,conservative,3.0,purity
relevance,11,gemma:7b,conservative,3.0,purity
relevance,11,gemma:7b,conservative,3.0,purity
relevance,11,gemma:7b,conservative,3.0,purity
relevance,11,gemma:7b,conservative,3.0,purity
relevance,11,gemma:7b,conservative,3.0,purity
relevance,11,gemma:7b,conservative,3.0,purity
relevance,11,gemma:7b,conservative,3.0,purity
relevance,11,gemma:7b,conservative,3.0,purity
relevance,11,gemma:7b,conservative,3.0,purity
relevance,11,gemma:7b,conservative,3.0,purity
relevance,11,gemma:7b,conservative,3.0,purity
relevance,11,gemma:7b,conservative,3.0,purity
relevance,11,gemma:7b,conservative,4.0,purity
relevance,11,gemma:7b,conservative,3.0,purity
relevance,11,gemma:7b,moderate,3.0,purity
relevance,11,gemma:7b,moderate,3.0,purity
relevance,11,gemma:7b,moderate,3.0,purity
relevance,11,gemma:7b,moderate,3.0,purity
relevance,11,gemma:7b,moderate,3.0,purity
relevance,11,gemma:7b,moderate,3.0,purity
relevance,11,gemma:7b,moderate,3.0,purity
relevance,11,gemma:7b,moderate,3.0,purity
relevance,11,gemma:7b,moderate,3.0,purity
relevance,11,gemma:7b,moderate,3.0,purity
relevance,11,gemma:7b,moderate,3.0,purity
relevance,11,gemma:7b,moderate,3.0,purity
relevance,11,gemma:7b,moderate,3.0,purity
relevance,11,gemma:7b,moderate,3.0,purity
relevance,11,gemma:7b,moderate,3.0,purity
relevance,11,gemma:7b,moderate,3.0,purity
relevance,11,gemma:7b,moderate,3.0,purity
relevance,11,gemma:7b,moderate,3.0,purity
relevance,11,gemma:7b,moderate,3.0,purity
relevance,11,gemma:7b,moderate,3.0,purity
relevance,11,gemma:7b,moderate,3.0,purity
relevance,11,gemma:7b,moderate,3.0,purity
relevance,11,gemma:7b,moderate,3.0,purity
relevance,11,gemma:7b,moderate,3.0,purity
relevance,11,gemma:7b,moderate,3.0,purity
relevance,11,gemma:7b,moderate,3.0,purity
relevance,11,gemma:7b,moderate,3.0,purity
relevance,11,gemma:7b,moderate,3.0,purity
relevance,11,gemma:7b,moderate,3.0,purity
relevance,11,gemma:7b,moderate,3.0,purity
relevance,11,gemma:7b,moderate,3.0,purity
relevance,11,gemma:7b,moderate,3.0,purity
relevance,11,gemma:7b,moderate,3.0,purity
relevance,11,gemma:7b,moderate,3.0,purity
relevance,11,gemma:7b,moderate,3.0,purity
relevance,11,gemma:7b,moderate,3.0,purity
relevance,11,gemma:7b,moderate,3.0,purity
relevance,11,gemma:7b,moderate,3.0,purity
relevance,11,gemma:7b,moderate,3.0,purity
relevance,11,gemma:7b,moderate,3.0,purity
relevance,11,gemma:7b,moderate,3.0,purity
relevance,11,gemma:7b,moderate,3.0,purity
relevance,11,gemma:7b,moderate,3.0,purity
relevance,11,gemma:7b,moderate,3.0,purity
relevance,11,gemma:7b,moderate,3.0,purity
relevance,11,gemma:7b,moderate,3.0,purity
relevance,11,gemma:7b,moderate,3.0,purity
relevance,11,gemma:7b,moderate,3.0,purity
relevance,11,gemma:7b,moderate,3.0,purity
relevance,11,gemma:7b,moderate,3.0,purity
relevance,11,gemma:7b,liberal,3.0,purity
relevance,11,gemma:7b,liberal,3.0,purity
relevance,11,gemma:7b,liberal,3.0,purity
relevance,11,gemma:7b,liberal,3.0,purity
relevance,11,gemma:7b,liberal,3.0,purity
relevance,11,gemma:7b,liberal,3.0,purity
relevance,11,gemma:7b,liberal,3.0,purity
relevance,11,gemma:7b,liberal,3.0,purity
relevance,11,gemma:7b,liberal,3.0,purity
relevance,11,gemma:7b,liberal,3.0,purity
relevance,11,gemma:7b,liberal,3.0,purity
relevance,11,gemma:7b,liberal,3.0,purity
relevance,11,gemma:7b,liberal,3.0,purity
relevance,11,gemma:7b,liberal,3.0,purity
relevance,11,gemma:7b,liberal,3.0,purity
relevance,11,gemma:7b,liberal,3.0,purity
relevance,11,gemma:7b,liberal,3.0,purity
relevance,11,gemma:7b,liberal,3.0,purity
relevance,11,gemma:7b,liberal,3.0,purity
relevance,11,gemma:7b,liberal,3.0,purity
relevance,11,gemma:7b,liberal,3.0,purity
relevance,11,gemma:7b,liberal,3.0,purity
relevance,11,gemma:7b,liberal,3.0,purity
relevance,11,gemma:7b,liberal,3.0,purity
relevance,11,gemma:7b,liberal,3.0,purity
relevance,11,gemma:7b,liberal,4.0,purity
relevance,11,gemma:7b,liberal,4.0,purity
relevance,11,gemma:7b,liberal,3.0,purity
relevance,11,gemma:7b,liberal,3.0,purity
relevance,11,gemma:7b,liberal,3.0,purity
relevance,11,gemma:7b,liberal,3.0,purity
relevance,11,gemma:7b,liberal,3.0,purity
relevance,11,gemma:7b,liberal,3.0,purity
relevance,11,gemma:7b,liberal,3.0,purity
relevance,11,gemma:7b,liberal,3.0,purity
relevance,11,gemma:7b,liberal,3.0,purity
relevance,11,gemma:7b,liberal,3.0,purity
relevance,11,gemma:7b,liberal,3.0,purity
relevance,11,gemma:7b,liberal,3.0,purity
relevance,11,gemma:7b,liberal,3.0,purity
relevance,11,gemma:7b,liberal,3.0,purity
relevance,11,gemma:7b,liberal,3.0,purity
relevance,11,gemma:7b,liberal,3.0,purity
relevance,11,gemma:7b,liberal,3.0,purity
relevance,11,gemma:7b,liberal,3.0,purity
relevance,11,gemma:7b,liberal,3.0,purity
relevance,11,gemma:7b,liberal,4.0,purity
relevance,11,gemma2:27b,conservative,4.0,purity
relevance,11,gemma2:27b,conservative,4.0,purity
relevance,11,gemma2:27b,conservative,4.0,purity
relevance,11,gemma2:27b,conservative,4.0,purity
relevance,11,gemma2:27b,conservative,4.0,purity
relevance,11,gemma2:27b,conservative,4.0,purity
relevance,11,gemma2:27b,conservative,4.0,purity
relevance,11,gemma2:27b,conservative,4.0,purity
relevance,11,gemma2:27b,conservative,4.0,purity
relevance,11,gemma2:27b,conservative,4.0,purity
relevance,11,gemma2:27b,conservative,4.0,purity
relevance,11,gemma2:27b,conservative,4.0,purity
relevance,11,gemma2:27b,conservative,4.0,purity
relevance,11,gemma2:27b,conservative,4.0,purity
relevance,11,gemma2:27b,conservative,4.0,purity
relevance,11,gemma2:27b,conservative,4.0,purity
relevance,11,gemma2:27b,conservative,4.0,purity
relevance,11,gemma2:27b,conservative,4.0,purity
relevance,11,gemma2:27b,conservative,4.0,purity
relevance,11,gemma2:27b,conservative,4.0,purity
relevance,11,gemma2:27b,conservative,4.0,purity
relevance,11,gemma2:27b,conservative,4.0,purity
relevance,11,gemma2:27b,conservative,4.0,purity
relevance,11,gemma2:27b,conservative,4.0,purity
relevance,11,gemma2:27b,conservative,4.0,purity
relevance,11,gemma2:27b,conservative,4.0,purity
relevance,11,gemma2:27b,conservative,4.0,purity
relevance,11,gemma2:27b,conservative,4.0,purity
relevance,11,gemma2:27b,conservative,4.0,purity
relevance,11,gemma2:27b,conservative,4.0,purity
relevance,11,gemma2:27b,conservative,3.0,purity
relevance,11,gemma2:27b,conservative,4.0,purity
relevance,11,gemma2:27b,conservative,4.0,purity
relevance,11,gemma2:27b,conservative,3.0,purity
relevance,11,gemma2:27b,conservative,4.0,purity
relevance,11,gemma2:27b,conservative,3.0,purity
relevance,11,gemma2:27b,conservative,4.0,purity
relevance,11,gemma2:27b,conservative,4.0,purity
relevance,11,gemma2:27b,conservative,4.0,purity
relevance,11,gemma2:27b,conservative,4.0,purity
relevance,11,gemma2:27b,conservative,4.0,purity
relevance,11,gemma2:27b,conservative,4.0,purity
relevance,11,gemma2:27b,conservative,4.0,purity
relevance,11,gemma2:27b,conservative,4.0,purity
relevance,11,gemma2:27b,conservative,4.0,purity
relevance,11,gemma2:27b,conservative,3.0,purity
relevance,11,gemma2:27b,conservative,4.0,purity
relevance,11,gemma2:27b,conservative,4.0,purity
relevance,11,gemma2:27b,conservative,4.0,purity
relevance,11,gemma2:27b,conservative,4.0,purity
relevance,11,gemma2:27b,moderate,4.0,purity
relevance,11,gemma2:27b,moderate,3.0,purity
relevance,11,gemma2:27b,moderate,3.0,purity
relevance,11,gemma2:27b,moderate,4.0,purity
relevance,11,gemma2:27b,moderate,4.0,purity
relevance,11,gemma2:27b,moderate,4.0,purity
relevance,11,gemma2:27b,moderate,4.0,purity
relevance,11,gemma2:27b,moderate,4.0,purity
relevance,11,gemma2:27b,moderate,3.0,purity
relevance,11,gemma2:27b,moderate,4.0,purity
relevance,11,gemma2:27b,moderate,4.0,purity
relevance,11,gemma2:27b,moderate,4.0,purity
relevance,11,gemma2:27b,moderate,4.0,purity
relevance,11,gemma2:27b,moderate,4.0,purity
relevance,11,gemma2:27b,moderate,4.0,purity
relevance,11,gemma2:27b,moderate,4.0,purity
relevance,11,gemma2:27b,moderate,4.0,purity
relevance,11,gemma2:27b,moderate,4.0,purity
relevance,11,gemma2:27b,moderate,4.0,purity
relevance,11,gemma2:27b,moderate,4.0,purity
relevance,11,gemma2:27b,moderate,3.0,purity
relevance,11,gemma2:27b,moderate,4.0,purity
relevance,11,gemma2:27b,moderate,3.0,purity
relevance,11,gemma2:27b,moderate,4.0,purity
relevance,11,gemma2:27b,moderate,4.0,purity
relevance,11,gemma2:27b,moderate,4.0,purity
relevance,11,gemma2:27b,moderate,4.0,purity
relevance,11,gemma2:27b,moderate,4.0,purity
relevance,11,gemma2:27b,moderate,3.0,purity
relevance,11,gemma2:27b,moderate,3.0,purity
relevance,11,gemma2:27b,moderate,4.0,purity
relevance,11,gemma2:27b,moderate,4.0,purity
relevance,11,gemma2:27b,moderate,3.0,purity
relevance,11,gemma2:27b,moderate,4.0,purity
relevance,11,gemma2:27b,moderate,3.0,purity
relevance,11,gemma2:27b,moderate,4.0,purity
relevance,11,gemma2:27b,moderate,4.0,purity
relevance,11,gemma2:27b,moderate,3.0,purity
relevance,11,gemma2:27b,moderate,4.0,purity
relevance,11,gemma2:27b,moderate,4.0,purity
relevance,11,gemma2:27b,moderate,4.0,purity
relevance,11,gemma2:27b,moderate,4.0,purity
relevance,11,gemma2:27b,moderate,4.0,purity
relevance,11,gemma2:27b,moderate,4.0,purity
relevance,11,gemma2:27b,moderate,4.0,purity
relevance,11,gemma2:27b,moderate,4.0,purity
relevance,11,gemma2:27b,moderate,4.0,purity
relevance,11,gemma2:27b,moderate,3.0,purity
relevance,11,gemma2:27b,moderate,3.0,purity
relevance,11,gemma2:27b,moderate,4.0,purity
relevance,11,gemma2:27b,liberal,4.0,purity
relevance,11,gemma2:27b,liberal,4.0,purity
relevance,11,gemma2:27b,liberal,4.0,purity
relevance,11,gemma2:27b,liberal,4.0,purity
relevance,11,gemma2:27b,liberal,3.0,purity
relevance,11,gemma2:27b,liberal,4.0,purity
relevance,11,gemma2:27b,liberal,4.0,purity
relevance,11,gemma2:27b,liberal,3.0,purity
relevance,11,gemma2:27b,liberal,3.0,purity
relevance,11,gemma2:27b,liberal,4.0,purity
relevance,11,gemma2:27b,liberal,4.0,purity
relevance,11,gemma2:27b,liberal,4.0,purity
relevance,11,gemma2:27b,liberal,4.0,purity
relevance,11,gemma2:27b,liberal,4.0,purity
relevance,11,gemma2:27b,liberal,4.0,purity
relevance,11,gemma2:27b,liberal,3.0,purity
relevance,11,gemma2:27b,liberal,4.0,purity
relevance,11,gemma2:27b,liberal,3.0,purity
relevance,11,gemma2:27b,liberal,4.0,purity
relevance,11,gemma2:27b,liberal,3.0,purity
relevance,11,gemma2:27b,liberal,3.0,purity
relevance,11,gemma2:27b,liberal,4.0,purity
relevance,11,gemma2:27b,liberal,4.0,purity
relevance,11,gemma2:27b,liberal,3.0,purity
relevance,11,gemma2:27b,liberal,4.0,purity
relevance,11,gemma2:27b,liberal,4.0,purity
relevance,11,gemma2:27b,liberal,3.0,purity
relevance,11,gemma2:27b,liberal,4.0,purity
relevance,11,gemma2:27b,liberal,3.0,purity
relevance,11,gemma2:27b,liberal,4.0,purity
relevance,11,gemma2:27b,liberal,4.0,purity
relevance,11,gemma2:27b,liberal,4.0,purity
relevance,11,gemma2:27b,liberal,3.0,purity
relevance,11,gemma2:27b,liberal,4.0,purity
relevance,11,gemma2:27b,liberal,3.0,purity
relevance,11,gemma2:27b,liberal,3.0,purity
relevance,11,gemma2:27b,liberal,4.0,purity
relevance,11,gemma2:27b,liberal,4.0,purity
relevance,11,gemma2:27b,liberal,3.0,purity
relevance,11,gemma2:27b,liberal,4.0,purity
relevance,11,gemma2:27b,liberal,4.0,purity
relevance,11,gemma2:27b,liberal,4.0,purity
relevance,11,gemma2:27b,liberal,4.0,purity
relevance,11,gemma2:27b,liberal,4.0,purity
relevance,11,gemma2:27b,liberal,4.0,purity
relevance,11,gemma2:27b,liberal,3.0,purity
relevance,11,gemma2:27b,liberal,4.0,purity
relevance,11,gemma2:27b,liberal,4.0,purity
relevance,11,gemma2:27b,liberal,3.0,purity
relevance,11,gemma2:27b,liberal,4.0,purity
relevance,11,qwen:72b,conservative,4.0,purity
relevance,11,qwen:72b,conservative,4.0,purity
relevance,11,qwen:72b,conservative,4.0,purity
relevance,11,qwen:72b,conservative,4.0,purity
relevance,11,qwen:72b,conservative,4.0,purity
relevance,11,qwen:72b,conservative,4.0,purity
relevance,11,qwen:72b,conservative,4.0,purity
relevance,11,qwen:72b,conservative,4.0,purity
relevance,11,qwen:72b,conservative,4.0,purity
relevance,11,qwen:72b,conservative,4.0,purity
relevance,11,qwen:72b,conservative,4.0,purity
relevance,11,qwen:72b,conservative,4.0,purity
relevance,11,qwen:72b,conservative,4.0,purity
relevance,11,qwen:72b,conservative,4.0,purity
relevance,11,qwen:72b,conservative,5.0,purity
relevance,11,qwen:72b,conservative,4.0,purity
relevance,11,qwen:72b,conservative,4.0,purity
relevance,11,qwen:72b,conservative,5.0,purity
relevance,11,qwen:72b,conservative,4.0,purity
relevance,11,qwen:72b,conservative,4.0,purity
relevance,11,qwen:72b,conservative,4.0,purity
relevance,11,qwen:72b,conservative,4.0,purity
relevance,11,qwen:72b,conservative,4.0,purity
relevance,11,qwen:72b,conservative,4.0,purity
relevance,11,qwen:72b,conservative,4.0,purity
relevance,11,qwen:72b,conservative,4.0,purity
relevance,11,qwen:72b,conservative,4.0,purity
relevance,11,qwen:72b,conservative,4.0,purity
relevance,11,qwen:72b,conservative,4.0,purity
relevance,11,qwen:72b,conservative,4.0,purity
relevance,11,qwen:72b,conservative,4.0,purity
relevance,11,qwen:72b,conservative,4.0,purity
relevance,11,qwen:72b,conservative,4.0,purity
relevance,11,qwen:72b,conservative,4.0,purity
relevance,11,qwen:72b,conservative,5.0,purity
relevance,11,qwen:72b,conservative,4.0,purity
relevance,11,qwen:72b,conservative,4.0,purity
relevance,11,qwen:72b,conservative,4.0,purity
relevance,11,qwen:72b,conservative,4.0,purity
relevance,11,qwen:72b,conservative,4.0,purity
relevance,11,qwen:72b,conservative,4.0,purity
relevance,11,qwen:72b,conservative,4.0,purity
relevance,11,qwen:72b,conservative,4.0,purity
relevance,11,qwen:72b,conservative,4.0,purity
relevance,11,qwen:72b,conservative,4.0,purity
relevance,11,qwen:72b,conservative,4.0,purity
relevance,11,qwen:72b,conservative,4.0,purity
relevance,11,qwen:72b,conservative,4.0,purity
relevance,11,qwen:72b,conservative,5.0,purity
relevance,11,qwen:72b,conservative,4.0,purity
relevance,11,qwen:72b,moderate,4.0,purity
relevance,11,qwen:72b,moderate,5.0,purity
relevance,11,qwen:72b,moderate,3.0,purity
relevance,11,qwen:72b,moderate,3.0,purity
relevance,11,qwen:72b,moderate,5.0,purity
relevance,11,qwen:72b,moderate,3.0,purity
relevance,11,qwen:72b,moderate,4.0,purity
relevance,11,qwen:72b,moderate,3.0,purity
relevance,11,qwen:72b,moderate,3.0,purity
relevance,11,qwen:72b,moderate,5.0,purity
relevance,11,qwen:72b,moderate,3.0,purity
relevance,11,qwen:72b,moderate,5.0,purity
relevance,11,qwen:72b,moderate,5.0,purity
relevance,11,qwen:72b,moderate,3.0,purity
relevance,11,qwen:72b,moderate,4.0,purity
relevance,11,qwen:72b,moderate,1.0,purity
relevance,11,qwen:72b,moderate,3.0,purity
relevance,11,qwen:72b,moderate,5.0,purity
relevance,11,qwen:72b,moderate,5.0,purity
relevance,11,qwen:72b,moderate,3.0,purity
relevance,11,qwen:72b,moderate,5.0,purity
relevance,11,qwen:72b,moderate,5.0,purity
relevance,11,qwen:72b,moderate,4.0,purity
relevance,11,qwen:72b,moderate,5.0,purity
relevance,11,qwen:72b,moderate,3.0,purity
relevance,11,qwen:72b,moderate,5.0,purity
relevance,11,qwen:72b,moderate,4.0,purity
relevance,11,qwen:72b,moderate,5.0,purity
relevance,11,qwen:72b,moderate,3.0,purity
relevance,11,qwen:72b,moderate,4.0,purity
relevance,11,qwen:72b,moderate,3.0,purity
relevance,11,qwen:72b,moderate,2.0,purity
relevance,11,qwen:72b,moderate,5.0,purity
relevance,11,qwen:72b,moderate,5.0,purity
relevance,11,qwen:72b,moderate,3.0,purity
relevance,11,qwen:72b,moderate,5.0,purity
relevance,11,qwen:72b,moderate,5.0,purity
relevance,11,qwen:72b,moderate,5.0,purity
relevance,11,qwen:72b,moderate,3.0,purity
relevance,11,qwen:72b,moderate,5.0,purity
relevance,11,qwen:72b,moderate,5.0,purity
relevance,11,qwen:72b,moderate,5.0,purity
relevance,11,qwen:72b,moderate,4.0,purity
relevance,11,qwen:72b,moderate,5.0,purity
relevance,11,qwen:72b,moderate,3.0,purity
relevance,11,qwen:72b,moderate,4.0,purity
relevance,11,qwen:72b,moderate,3.0,purity
relevance,11,qwen:72b,moderate,5.0,purity
relevance,11,qwen:72b,moderate,4.0,purity
relevance,11,qwen:72b,moderate,5.0,purity
relevance,11,qwen:72b,liberal,3.0,purity
relevance,11,qwen:72b,liberal,4.0,purity
relevance,11,qwen:72b,liberal,4.0,purity
relevance,11,qwen:72b,liberal,3.0,purity
relevance,11,qwen:72b,liberal,3.0,purity
relevance,11,qwen:72b,liberal,3.0,purity
relevance,11,qwen:72b,liberal,3.0,purity
relevance,11,qwen:72b,liberal,3.0,purity
relevance,11,qwen:72b,liberal,3.0,purity
relevance,11,qwen:72b,liberal,3.0,purity
relevance,11,qwen:72b,liberal,3.0,purity
relevance,11,qwen:72b,liberal,4.0,purity
relevance,11,qwen:72b,liberal,3.0,purity
relevance,11,qwen:72b,liberal,4.0,purity
relevance,11,qwen:72b,liberal,3.0,purity
relevance,11,qwen:72b,liberal,4.0,purity
relevance,11,qwen:72b,liberal,3.0,purity
relevance,11,qwen:72b,liberal,4.0,purity
relevance,11,qwen:72b,liberal,3.0,purity
relevance,11,qwen:72b,liberal,4.0,purity
relevance,11,qwen:72b,liberal,3.0,purity
relevance,11,qwen:72b,liberal,4.0,purity
relevance,11,qwen:72b,liberal,4.0,purity
relevance,11,qwen:72b,liberal,5.0,purity
relevance,11,qwen:72b,liberal,3.0,purity
relevance,11,qwen:72b,liberal,3.0,purity
relevance,11,qwen:72b,liberal,3.0,purity
relevance,11,qwen:72b,liberal,3.0,purity
relevance,11,qwen:72b,liberal,4.0,purity
relevance,11,qwen:72b,liberal,4.0,purity
relevance,11,qwen:72b,liberal,3.0,purity
relevance,11,qwen:72b,liberal,4.0,purity
relevance,11,qwen:72b,liberal,4.0,purity
relevance,11,qwen:72b,liberal,3.0,purity
relevance,11,qwen:72b,liberal,3.0,purity
relevance,11,qwen:72b,liberal,3.0,purity
relevance,11,qwen:72b,liberal,3.0,purity
relevance,11,qwen:72b,liberal,3.0,purity
relevance,11,qwen:72b,liberal,3.0,purity
relevance,11,qwen:72b,liberal,3.0,purity
relevance,11,qwen:72b,liberal,3.0,purity
relevance,11,qwen:72b,liberal,3.0,purity
relevance,11,qwen:72b,liberal,4.0,purity
relevance,11,qwen:72b,liberal,4.0,purity
relevance,11,qwen:72b,liberal,4.0,purity
relevance,11,qwen:72b,liberal,4.0,purity
relevance,11,qwen:72b,liberal,4.0,purity
relevance,11,qwen:72b,liberal,3.0,purity
relevance,11,qwen:72b,liberal,3.0,purity
relevance,11,qwen:72b,liberal,3.0,purity
relevance,11,qwen2:72b,conservative,4.0,purity
relevance,11,qwen2:72b,conservative,4.0,purity
relevance,11,qwen2:72b,conservative,4.0,purity
relevance,11,qwen2:72b,conservative,4.0,purity
relevance,11,qwen2:72b,conservative,4.0,purity
relevance,11,qwen2:72b,conservative,4.0,purity
relevance,11,qwen2:72b,conservative,4.0,purity
relevance,11,qwen2:72b,conservative,4.0,purity
relevance,11,qwen2:72b,conservative,4.0,purity
relevance,11,qwen2:72b,conservative,4.0,purity
relevance,11,qwen2:72b,conservative,4.0,purity
relevance,11,qwen2:72b,conservative,4.0,purity
relevance,11,qwen2:72b,conservative,4.0,purity
relevance,11,qwen2:72b,conservative,4.0,purity
relevance,11,qwen2:72b,conservative,4.0,purity
relevance,11,qwen2:72b,conservative,4.0,purity
relevance,11,qwen2:72b,conservative,4.0,purity
relevance,11,qwen2:72b,conservative,4.0,purity
relevance,11,qwen2:72b,conservative,4.0,purity
relevance,11,qwen2:72b,conservative,4.0,purity
relevance,11,qwen2:72b,conservative,4.0,purity
relevance,11,qwen2:72b,conservative,4.0,purity
relevance,11,qwen2:72b,conservative,4.0,purity
relevance,11,qwen2:72b,conservative,4.0,purity
relevance,11,qwen2:72b,conservative,3.0,purity
relevance,11,qwen2:72b,conservative,4.0,purity
relevance,11,qwen2:72b,conservative,4.0,purity
relevance,11,qwen2:72b,conservative,4.0,purity
relevance,11,qwen2:72b,conservative,3.0,purity
relevance,11,qwen2:72b,conservative,3.0,purity
relevance,11,qwen2:72b,conservative,3.0,purity
relevance,11,qwen2:72b,conservative,4.0,purity
relevance,11,qwen2:72b,conservative,4.0,purity
relevance,11,qwen2:72b,conservative,4.0,purity
relevance,11,qwen2:72b,conservative,4.0,purity
relevance,11,qwen2:72b,conservative,4.0,purity
relevance,11,qwen2:72b,conservative,4.0,purity
relevance,11,qwen2:72b,conservative,4.0,purity
relevance,11,qwen2:72b,conservative,4.0,purity
relevance,11,qwen2:72b,conservative,4.0,purity
relevance,11,qwen2:72b,conservative,4.0,purity
relevance,11,qwen2:72b,conservative,4.0,purity
relevance,11,qwen2:72b,conservative,4.0,purity
relevance,11,qwen2:72b,conservative,3.0,purity
relevance,11,qwen2:72b,conservative,4.0,purity
relevance,11,qwen2:72b,conservative,4.0,purity
relevance,11,qwen2:72b,conservative,4.0,purity
relevance,11,qwen2:72b,conservative,4.0,purity
relevance,11,qwen2:72b,conservative,4.0,purity
relevance,11,qwen2:72b,conservative,4.0,purity
relevance,11,qwen2:72b,moderate,4.0,purity
relevance,11,qwen2:72b,moderate,4.0,purity
relevance,11,qwen2:72b,moderate,4.0,purity
relevance,11,qwen2:72b,moderate,4.0,purity
relevance,11,qwen2:72b,moderate,4.0,purity
relevance,11,qwen2:72b,moderate,4.0,purity
relevance,11,qwen2:72b,moderate,4.0,purity
relevance,11,qwen2:72b,moderate,3.0,purity
relevance,11,qwen2:72b,moderate,3.0,purity
relevance,11,qwen2:72b,moderate,4.0,purity
relevance,11,qwen2:72b,moderate,4.0,purity
relevance,11,qwen2:72b,moderate,3.0,purity
relevance,11,qwen2:72b,moderate,4.0,purity
relevance,11,qwen2:72b,moderate,4.0,purity
relevance,11,qwen2:72b,moderate,4.0,purity
relevance,11,qwen2:72b,moderate,4.0,purity
relevance,11,qwen2:72b,moderate,4.0,purity
relevance,11,qwen2:72b,moderate,4.0,purity
relevance,11,qwen2:72b,moderate,4.0,purity
relevance,11,qwen2:72b,moderate,4.0,purity
relevance,11,qwen2:72b,moderate,4.0,purity
relevance,11,qwen2:72b,moderate,4.0,purity
relevance,11,qwen2:72b,moderate,4.0,purity
relevance,11,qwen2:72b,moderate,4.0,purity
relevance,11,qwen2:72b,moderate,4.0,purity
relevance,11,qwen2:72b,moderate,4.0,purity
relevance,11,qwen2:72b,moderate,4.0,purity
relevance,11,qwen2:72b,moderate,4.0,purity
relevance,11,qwen2:72b,moderate,3.0,purity
relevance,11,qwen2:72b,moderate,4.0,purity
relevance,11,qwen2:72b,moderate,4.0,purity
relevance,11,qwen2:72b,moderate,3.0,purity
relevance,11,qwen2:72b,moderate,4.0,purity
relevance,11,qwen2:72b,moderate,4.0,purity
relevance,11,qwen2:72b,moderate,4.0,purity
relevance,11,qwen2:72b,moderate,4.0,purity
relevance,11,qwen2:72b,moderate,4.0,purity
relevance,11,qwen2:72b,moderate,3.0,purity
relevance,11,qwen2:72b,moderate,4.0,purity
relevance,11,qwen2:72b,moderate,4.0,purity
relevance,11,qwen2:72b,moderate,3.0,purity
relevance,11,qwen2:72b,moderate,4.0,purity
relevance,11,qwen2:72b,moderate,4.0,purity
relevance,11,qwen2:72b,moderate,4.0,purity
relevance,11,qwen2:72b,moderate,4.0,purity
relevance,11,qwen2:72b,moderate,4.0,purity
relevance,11,qwen2:72b,moderate,4.0,purity
relevance,11,qwen2:72b,moderate,4.0,purity
relevance,11,qwen2:72b,moderate,4.0,purity
relevance,11,qwen2:72b,moderate,4.0,purity
relevance,11,qwen2:72b,liberal,3.0,purity
relevance,11,qwen2:72b,liberal,3.0,purity
relevance,11,qwen2:72b,liberal,3.0,purity
relevance,11,qwen2:72b,liberal,4.0,purity
relevance,11,qwen2:72b,liberal,4.0,purity
relevance,11,qwen2:72b,liberal,4.0,purity
relevance,11,qwen2:72b,liberal,3.0,purity
relevance,11,qwen2:72b,liberal,3.0,purity
relevance,11,qwen2:72b,liberal,3.0,purity
relevance,11,qwen2:72b,liberal,3.0,purity
relevance,11,qwen2:72b,liberal,3.0,purity
relevance,11,qwen2:72b,liberal,4.0,purity
relevance,11,qwen2:72b,liberal,4.0,purity
relevance,11,qwen2:72b,liberal,4.0,purity
relevance,11,qwen2:72b,liberal,3.0,purity
relevance,11,qwen2:72b,liberal,4.0,purity
relevance,11,qwen2:72b,liberal,3.0,purity
relevance,11,qwen2:72b,liberal,3.0,purity
relevance,11,qwen2:72b,liberal,4.0,purity
relevance,11,qwen2:72b,liberal,4.0,purity
relevance,11,qwen2:72b,liberal,4.0,purity
relevance,11,qwen2:72b,liberal,3.0,purity
relevance,11,qwen2:72b,liberal,4.0,purity
relevance,11,qwen2:72b,liberal,3.0,purity
relevance,11,qwen2:72b,liberal,4.0,purity
relevance,11,qwen2:72b,liberal,3.0,purity
relevance,11,qwen2:72b,liberal,4.0,purity
relevance,11,qwen2:72b,liberal,4.0,purity
relevance,11,qwen2:72b,liberal,3.0,purity
relevance,11,qwen2:72b,liberal,4.0,purity
relevance,11,qwen2:72b,liberal,4.0,purity
relevance,11,qwen2:72b,liberal,3.0,purity
relevance,11,qwen2:72b,liberal,4.0,purity
relevance,11,qwen2:72b,liberal,4.0,purity
relevance,11,qwen2:72b,liberal,4.0,purity
relevance,11,qwen2:72b,liberal,3.0,purity
relevance,11,qwen2:72b,liberal,4.0,purity
relevance,11,qwen2:72b,liberal,3.0,purity
relevance,11,qwen2:72b,liberal,3.0,purity
relevance,11,qwen2:72b,liberal,3.0,purity
relevance,11,qwen2:72b,liberal,3.0,purity
relevance,11,qwen2:72b,liberal,3.0,purity
relevance,11,qwen2:72b,liberal,3.0,purity
relevance,11,qwen2:72b,liberal,3.0,purity
relevance,11,qwen2:72b,liberal,3.0,purity
relevance,11,qwen2:72b,liberal,4.0,purity
relevance,11,qwen2:72b,liberal,4.0,purity
relevance,11,qwen2:72b,liberal,4.0,purity
relevance,11,qwen2:72b,liberal,4.0,purity
relevance,11,qwen2:72b,liberal,4.0,purity
relevance,12,llama3.1:8b,conservative,4.0,harm
relevance,12,llama3.1:8b,conservative,5.0,harm
relevance,12,llama3.1:8b,conservative,5.0,harm
relevance,12,llama3.1:8b,conservative,4.0,harm
relevance,12,llama3.1:8b,conservative,5.0,harm
relevance,12,llama3.1:8b,conservative,5.0,harm
relevance,12,llama3.1:8b,conservative,5.0,harm
relevance,12,llama3.1:8b,conservative,4.0,harm
relevance,12,llama3.1:8b,conservative,4.0,harm
relevance,12,llama3.1:8b,conservative,5.0,harm
relevance,12,llama3.1:8b,conservative,5.0,harm
relevance,12,llama3.1:8b,conservative,5.0,harm
relevance,12,llama3.1:8b,conservative,4.0,harm
relevance,12,llama3.1:8b,conservative,4.0,harm
relevance,12,llama3.1:8b,conservative,4.0,harm
relevance,12,llama3.1:8b,conservative,5.0,harm
relevance,12,llama3.1:8b,conservative,5.0,harm
relevance,12,llama3.1:8b,conservative,5.0,harm
relevance,12,llama3.1:8b,conservative,5.0,harm
relevance,12,llama3.1:8b,conservative,4.0,harm
relevance,12,llama3.1:8b,conservative,4.0,harm
relevance,12,llama3.1:8b,conservative,5.0,harm
relevance,12,llama3.1:8b,conservative,4.0,harm
relevance,12,llama3.1:8b,conservative,4.0,harm
relevance,12,llama3.1:8b,conservative,5.0,harm
relevance,12,llama3.1:8b,conservative,5.0,harm
relevance,12,llama3.1:8b,conservative,5.0,harm
relevance,12,llama3.1:8b,conservative,5.0,harm
relevance,12,llama3.1:8b,conservative,5.0,harm
relevance,12,llama3.1:8b,conservative,5.0,harm
relevance,12,llama3.1:8b,conservative,4.0,harm
relevance,12,llama3.1:8b,conservative,4.0,harm
relevance,12,llama3.1:8b,conservative,5.0,harm
relevance,12,llama3.1:8b,conservative,4.0,harm
relevance,12,llama3.1:8b,conservative,5.0,harm
relevance,12,llama3.1:8b,conservative,4.0,harm
relevance,12,llama3.1:8b,conservative,4.0,harm
relevance,12,llama3.1:8b,conservative,5.0,harm
relevance,12,llama3.1:8b,conservative,5.0,harm
relevance,12,llama3.1:8b,conservative,5.0,harm
relevance,12,llama3.1:8b,conservative,5.0,harm
relevance,12,llama3.1:8b,conservative,5.0,harm
relevance,12,llama3.1:8b,conservative,4.0,harm
relevance,12,llama3.1:8b,conservative,4.0,harm
relevance,12,llama3.1:8b,conservative,5.0,harm
relevance,12,llama3.1:8b,conservative,5.0,harm
relevance,12,llama3.1:8b,conservative,4.0,harm
relevance,12,llama3.1:8b,conservative,5.0,harm
relevance,12,llama3.1:8b,conservative,5.0,harm
relevance,12,llama3.1:8b,conservative,5.0,harm
relevance,12,llama3.1:8b,moderate,5.0,harm
relevance,12,llama3.1:8b,moderate,5.0,harm
relevance,12,llama3.1:8b,moderate,4.0,harm
relevance,12,llama3.1:8b,moderate,5.0,harm
relevance,12,llama3.1:8b,moderate,5.0,harm
relevance,12,llama3.1:8b,moderate,4.0,harm
relevance,12,llama3.1:8b,moderate,4.0,harm
relevance,12,llama3.1:8b,moderate,4.0,harm
relevance,12,llama3.1:8b,moderate,4.0,harm
relevance,12,llama3.1:8b,moderate,4.0,harm
relevance,12,llama3.1:8b,moderate,5.0,harm
relevance,12,llama3.1:8b,moderate,5.0,harm
relevance,12,llama3.1:8b,moderate,4.0,harm
relevance,12,llama3.1:8b,moderate,4.0,harm
relevance,12,llama3.1:8b,moderate,4.0,harm
relevance,12,llama3.1:8b,moderate,4.0,harm
relevance,12,llama3.1:8b,moderate,5.0,harm
relevance,12,llama3.1:8b,moderate,4.0,harm
relevance,12,llama3.1:8b,moderate,5.0,harm
relevance,12,llama3.1:8b,moderate,5.0,harm
relevance,12,llama3.1:8b,moderate,5.0,harm
relevance,12,llama3.1:8b,moderate,5.0,harm
relevance,12,llama3.1:8b,moderate,4.0,harm
relevance,12,llama3.1:8b,moderate,4.0,harm
relevance,12,llama3.1:8b,moderate,4.0,harm
relevance,12,llama3.1:8b,moderate,5.0,harm
relevance,12,llama3.1:8b,moderate,4.0,harm
relevance,12,llama3.1:8b,moderate,5.0,harm
relevance,12,llama3.1:8b,moderate,5.0,harm
relevance,12,llama3.1:8b,moderate,4.0,harm
relevance,12,llama3.1:8b,moderate,4.0,harm
relevance,12,llama3.1:8b,moderate,5.0,harm
relevance,12,llama3.1:8b,moderate,5.0,harm
relevance,12,llama3.1:8b,moderate,5.0,harm
relevance,12,llama3.1:8b,moderate,4.0,harm
relevance,12,llama3.1:8b,moderate,4.0,harm
relevance,12,llama3.1:8b,moderate,4.0,harm
relevance,12,llama3.1:8b,moderate,4.0,harm
relevance,12,llama3.1:8b,moderate,4.0,harm
relevance,12,llama3.1:8b,moderate,4.0,harm
relevance,12,llama3.1:8b,moderate,4.0,harm
relevance,12,llama3.1:8b,moderate,5.0,harm
relevance,12,llama3.1:8b,moderate,5.0,harm
relevance,12,llama3.1:8b,moderate,4.0,harm
relevance,12,llama3.1:8b,moderate,4.0,harm
relevance,12,llama3.1:8b,moderate,5.0,harm
relevance,12,llama3.1:8b,moderate,5.0,harm
relevance,12,llama3.1:8b,moderate,4.0,harm
relevance,12,llama3.1:8b,moderate,4.0,harm
relevance,12,llama3.1:8b,moderate,5.0,harm
relevance,12,llama3.1:8b,liberal,4.0,harm
relevance,12,llama3.1:8b,liberal,5.0,harm
relevance,12,llama3.1:8b,liberal,5.0,harm
relevance,12,llama3.1:8b,liberal,5.0,harm
relevance,12,llama3.1:8b,liberal,4.0,harm
relevance,12,llama3.1:8b,liberal,5.0,harm
relevance,12,llama3.1:8b,liberal,4.0,harm
relevance,12,llama3.1:8b,liberal,5.0,harm
relevance,12,llama3.1:8b,liberal,5.0,harm
relevance,12,llama3.1:8b,liberal,5.0,harm
relevance,12,llama3.1:8b,liberal,5.0,harm
relevance,12,llama3.1:8b,liberal,5.0,harm
relevance,12,llama3.1:8b,liberal,5.0,harm
relevance,12,llama3.1:8b,liberal,5.0,harm
relevance,12,llama3.1:8b,liberal,4.0,harm
relevance,12,llama3.1:8b,liberal,4.0,harm
relevance,12,llama3.1:8b,liberal,4.0,harm
relevance,12,llama3.1:8b,liberal,4.0,harm
relevance,12,llama3.1:8b,liberal,5.0,harm
relevance,12,llama3.1:8b,liberal,5.0,harm
relevance,12,llama3.1:8b,liberal,5.0,harm
relevance,12,llama3.1:8b,liberal,5.0,harm
relevance,12,llama3.1:8b,liberal,4.0,harm
relevance,12,llama3.1:8b,liberal,4.0,harm
relevance,12,llama3.1:8b,liberal,5.0,harm
relevance,12,llama3.1:8b,liberal,5.0,harm
relevance,12,llama3.1:8b,liberal,4.0,harm
relevance,12,llama3.1:8b,liberal,5.0,harm
relevance,12,llama3.1:8b,liberal,5.0,harm
relevance,12,llama3.1:8b,liberal,5.0,harm
relevance,12,llama3.1:8b,liberal,5.0,harm
relevance,12,llama3.1:8b,liberal,4.0,harm
relevance,12,llama3.1:8b,liberal,5.0,harm
relevance,12,llama3.1:8b,liberal,5.0,harm
relevance,12,llama3.1:8b,liberal,5.0,harm
relevance,12,llama3.1:8b,liberal,5.0,harm
relevance,12,llama3.1:8b,liberal,4.0,harm
relevance,12,llama3.1:8b,liberal,5.0,harm
relevance,12,llama3.1:8b,liberal,4.0,harm
relevance,12,llama3.1:8b,liberal,5.0,harm
relevance,12,llama3.1:8b,liberal,5.0,harm
relevance,12,llama3.1:8b,liberal,5.0,harm
relevance,12,llama3.1:8b,liberal,5.0,harm
relevance,12,llama3.1:8b,liberal,5.0,harm
relevance,12,llama3.1:8b,liberal,4.0,harm
relevance,12,llama3.1:8b,liberal,5.0,harm
relevance,12,llama3.1:8b,liberal,5.0,harm
relevance,12,llama3.1:8b,liberal,5.0,harm
relevance,12,llama3.1:8b,liberal,4.0,harm
relevance,12,llama3.1:8b,liberal,5.0,harm
relevance,12,llama2:70b,conservative,2.0,harm
relevance,12,llama2:70b,conservative,3.0,harm
relevance,12,llama2:70b,conservative,2.0,harm
relevance,12,llama2:70b,conservative,3.0,harm
relevance,12,llama2:70b,conservative,2.0,harm
relevance,12,llama2:70b,conservative,2.0,harm
relevance,12,llama2:70b,conservative,3.0,harm
relevance,12,llama2:70b,conservative,2.0,harm
relevance,12,llama2:70b,conservative,4.0,harm
relevance,12,llama2:70b,conservative,2.0,harm
relevance,12,llama2:70b,conservative,4.0,harm
relevance,12,llama2:70b,conservative,3.0,harm
relevance,12,llama2:70b,conservative,3.0,harm
relevance,12,llama2:70b,conservative,4.0,harm
relevance,12,llama2:70b,conservative,3.0,harm
relevance,12,llama2:70b,conservative,3.0,harm
relevance,12,llama2:70b,conservative,3.0,harm
relevance,12,llama2:70b,conservative,3.0,harm
relevance,12,llama2:70b,conservative,3.0,harm
relevance,12,llama2:70b,conservative,3.0,harm
relevance,12,llama2:70b,conservative,3.0,harm
relevance,12,llama2:70b,conservative,2.0,harm
relevance,12,llama2:70b,conservative,2.0,harm
relevance,12,llama2:70b,conservative,4.0,harm
relevance,12,llama2:70b,conservative,2.0,harm
relevance,12,llama2:70b,conservative,4.0,harm
relevance,12,llama2:70b,conservative,3.0,harm
relevance,12,llama2:70b,conservative,3.0,harm
relevance,12,llama2:70b,conservative,3.0,harm
relevance,12,llama2:70b,conservative,3.0,harm
relevance,12,llama2:70b,conservative,4.0,harm
relevance,12,llama2:70b,conservative,3.0,harm
relevance,12,llama2:70b,conservative,3.0,harm
relevance,12,llama2:70b,conservative,4.0,harm
relevance,12,llama2:70b,conservative,3.0,harm
relevance,12,llama2:70b,conservative,3.0,harm
relevance,12,llama2:70b,conservative,3.0,harm
relevance,12,llama2:70b,conservative,4.0,harm
relevance,12,llama2:70b,conservative,3.0,harm
relevance,12,llama2:70b,conservative,3.0,harm
relevance,12,llama2:70b,conservative,4.0,harm
relevance,12,llama2:70b,conservative,3.0,harm
relevance,12,llama2:70b,conservative,4.0,harm
relevance,12,llama2:70b,conservative,3.0,harm
relevance,12,llama2:70b,conservative,3.0,harm
relevance,12,llama2:70b,conservative,2.0,harm
relevance,12,llama2:70b,conservative,3.0,harm
relevance,12,llama2:70b,conservative,3.0,harm
relevance,12,llama2:70b,conservative,4.0,harm
relevance,12,llama2:70b,moderate,3.0,harm
relevance,12,llama2:70b,moderate,3.0,harm
relevance,12,llama2:70b,moderate,4.0,harm
relevance,12,llama2:70b,moderate,2.0,harm
relevance,12,llama2:70b,moderate,3.0,harm
relevance,12,llama2:70b,moderate,2.0,harm
relevance,12,llama2:70b,moderate,3.0,harm
relevance,12,llama2:70b,moderate,3.0,harm
relevance,12,llama2:70b,moderate,3.0,harm
relevance,12,llama2:70b,moderate,2.0,harm
relevance,12,llama2:70b,moderate,3.0,harm
relevance,12,llama2:70b,moderate,2.0,harm
relevance,12,llama2:70b,moderate,3.0,harm
relevance,12,llama2:70b,moderate,3.0,harm
relevance,12,llama2:70b,moderate,3.0,harm
relevance,12,llama2:70b,moderate,2.0,harm
relevance,12,llama2:70b,moderate,3.0,harm
relevance,12,llama2:70b,moderate,3.0,harm
relevance,12,llama2:70b,moderate,3.0,harm
relevance,12,llama2:70b,moderate,3.0,harm
relevance,12,llama2:70b,moderate,3.0,harm
relevance,12,llama2:70b,moderate,3.0,harm
relevance,12,llama2:70b,moderate,3.0,harm
relevance,12,llama2:70b,moderate,3.0,harm
relevance,12,llama2:70b,moderate,3.0,harm
relevance,12,llama2:70b,moderate,3.0,harm
relevance,12,llama2:70b,moderate,3.0,harm
relevance,12,llama2:70b,moderate,2.0,harm
relevance,12,llama2:70b,moderate,4.0,harm
relevance,12,llama2:70b,moderate,3.0,harm
relevance,12,llama2:70b,moderate,3.0,harm
relevance,12,llama2:70b,moderate,3.0,harm
relevance,12,llama2:70b,moderate,3.0,harm
relevance,12,llama2:70b,moderate,3.0,harm
relevance,12,llama2:70b,moderate,3.0,harm
relevance,12,llama2:70b,moderate,3.0,harm
relevance,12,llama2:70b,moderate,3.0,harm
relevance,12,llama2:70b,moderate,2.0,harm
relevance,12,llama2:70b,moderate,3.0,harm
relevance,12,llama2:70b,moderate,3.0,harm
relevance,12,llama2:70b,moderate,3.0,harm
relevance,12,llama2:70b,moderate,3.0,harm
relevance,12,llama2:70b,moderate,3.0,harm
relevance,12,llama2:70b,moderate,3.0,harm
relevance,12,llama2:70b,moderate,2.0,harm
relevance,12,llama2:70b,moderate,3.0,harm
relevance,12,llama2:70b,moderate,3.0,harm
relevance,12,llama2:70b,moderate,3.0,harm
relevance,12,llama2:70b,moderate,3.0,harm
relevance,12,llama2:70b,moderate,3.0,harm
relevance,12,llama2:70b,liberal,4.0,harm
relevance,12,llama2:70b,liberal,4.0,harm
relevance,12,llama2:70b,liberal,4.0,harm
relevance,12,llama2:70b,liberal,4.0,harm
relevance,12,llama2:70b,liberal,4.0,harm
relevance,12,llama2:70b,liberal,4.0,harm
relevance,12,llama2:70b,liberal,4.0,harm
relevance,12,llama2:70b,liberal,4.0,harm
relevance,12,llama2:70b,liberal,4.0,harm
relevance,12,llama2:70b,liberal,4.0,harm
relevance,12,llama2:70b,liberal,3.0,harm
relevance,12,llama2:70b,liberal,4.0,harm
relevance,12,llama2:70b,liberal,4.0,harm
relevance,12,llama2:70b,liberal,4.0,harm
relevance,12,llama2:70b,liberal,4.0,harm
relevance,12,llama2:70b,liberal,4.0,harm
relevance,12,llama2:70b,liberal,3.0,harm
relevance,12,llama2:70b,liberal,4.0,harm
relevance,12,llama2:70b,liberal,4.0,harm
relevance,12,llama2:70b,liberal,4.0,harm
relevance,12,llama2:70b,liberal,4.0,harm
relevance,12,llama2:70b,liberal,3.0,harm
relevance,12,llama2:70b,liberal,4.0,harm
relevance,12,llama2:70b,liberal,4.0,harm
relevance,12,llama2:70b,liberal,4.0,harm
relevance,12,llama2:70b,liberal,4.0,harm
relevance,12,llama2:70b,liberal,4.0,harm
relevance,12,llama2:70b,liberal,3.0,harm
relevance,12,llama2:70b,liberal,4.0,harm
relevance,12,llama2:70b,liberal,4.0,harm
relevance,12,llama2:70b,liberal,4.0,harm
relevance,12,llama2:70b,liberal,4.0,harm
relevance,12,llama2:70b,liberal,4.0,harm
relevance,12,llama2:70b,liberal,3.0,harm
relevance,12,llama2:70b,liberal,3.0,harm
relevance,12,llama2:70b,liberal,4.0,harm
relevance,12,llama2:70b,liberal,3.0,harm
relevance,12,llama2:70b,liberal,4.0,harm
relevance,12,llama2:70b,liberal,4.0,harm
relevance,12,llama2:70b,liberal,4.0,harm
relevance,12,llama2:70b,liberal,4.0,harm
relevance,12,llama2:70b,liberal,4.0,harm
relevance,12,llama2:70b,liberal,4.0,harm
relevance,12,llama2:70b,liberal,4.0,harm
relevance,12,llama2:70b,liberal,4.0,harm
relevance,12,llama2:70b,liberal,4.0,harm
relevance,12,llama2:70b,liberal,4.0,harm
relevance,12,llama2:70b,liberal,3.0,harm
relevance,12,llama2:70b,liberal,3.0,harm
relevance,12,llama2:70b,liberal,3.0,harm
relevance,12,llama3:70b,conservative,5.0,harm
relevance,12,llama3:70b,conservative,5.0,harm
relevance,12,llama3:70b,conservative,5.0,harm
relevance,12,llama3:70b,conservative,5.0,harm
relevance,12,llama3:70b,conservative,5.0,harm
relevance,12,llama3:70b,conservative,5.0,harm
relevance,12,llama3:70b,conservative,5.0,harm
relevance,12,llama3:70b,conservative,5.0,harm
relevance,12,llama3:70b,conservative,5.0,harm
relevance,12,llama3:70b,conservative,5.0,harm
relevance,12,llama3:70b,conservative,5.0,harm
relevance,12,llama3:70b,conservative,5.0,harm
relevance,12,llama3:70b,conservative,5.0,harm
relevance,12,llama3:70b,conservative,5.0,harm
relevance,12,llama3:70b,conservative,5.0,harm
relevance,12,llama3:70b,conservative,5.0,harm
relevance,12,llama3:70b,conservative,5.0,harm
relevance,12,llama3:70b,conservative,5.0,harm
relevance,12,llama3:70b,conservative,5.0,harm
relevance,12,llama3:70b,conservative,5.0,harm
relevance,12,llama3:70b,conservative,5.0,harm
relevance,12,llama3:70b,conservative,5.0,harm
relevance,12,llama3:70b,conservative,5.0,harm
relevance,12,llama3:70b,conservative,5.0,harm
relevance,12,llama3:70b,conservative,5.0,harm
relevance,12,llama3:70b,conservative,5.0,harm
relevance,12,llama3:70b,conservative,5.0,harm
relevance,12,llama3:70b,conservative,5.0,harm
relevance,12,llama3:70b,conservative,5.0,harm
relevance,12,llama3:70b,conservative,5.0,harm
relevance,12,llama3:70b,conservative,5.0,harm
relevance,12,llama3:70b,conservative,5.0,harm
relevance,12,llama3:70b,conservative,5.0,harm
relevance,12,llama3:70b,conservative,5.0,harm
relevance,12,llama3:70b,conservative,5.0,harm
relevance,12,llama3:70b,conservative,5.0,harm
relevance,12,llama3:70b,conservative,5.0,harm
relevance,12,llama3:70b,conservative,5.0,harm
relevance,12,llama3:70b,conservative,5.0,harm
relevance,12,llama3:70b,conservative,5.0,harm
relevance,12,llama3:70b,conservative,5.0,harm
relevance,12,llama3:70b,conservative,5.0,harm
relevance,12,llama3:70b,conservative,5.0,harm
relevance,12,llama3:70b,conservative,5.0,harm
relevance,12,llama3:70b,conservative,5.0,harm
relevance,12,llama3:70b,conservative,5.0,harm
relevance,12,llama3:70b,conservative,5.0,harm
relevance,12,llama3:70b,conservative,5.0,harm
relevance,12,llama3:70b,conservative,5.0,harm
relevance,12,llama3:70b,conservative,5.0,harm
relevance,12,llama3:70b,moderate,5.0,harm
relevance,12,llama3:70b,moderate,5.0,harm
relevance,12,llama3:70b,moderate,4.0,harm
relevance,12,llama3:70b,moderate,5.0,harm
relevance,12,llama3:70b,moderate,5.0,harm
relevance,12,llama3:70b,moderate,5.0,harm
relevance,12,llama3:70b,moderate,5.0,harm
relevance,12,llama3:70b,moderate,4.0,harm
relevance,12,llama3:70b,moderate,5.0,harm
relevance,12,llama3:70b,moderate,4.0,harm
relevance,12,llama3:70b,moderate,5.0,harm
relevance,12,llama3:70b,moderate,5.0,harm
relevance,12,llama3:70b,moderate,5.0,harm
relevance,12,llama3:70b,moderate,4.0,harm
relevance,12,llama3:70b,moderate,5.0,harm
relevance,12,llama3:70b,moderate,5.0,harm
relevance,12,llama3:70b,moderate,5.0,harm
relevance,12,llama3:70b,moderate,5.0,harm
relevance,12,llama3:70b,moderate,5.0,harm
relevance,12,llama3:70b,moderate,4.0,harm
relevance,12,llama3:70b,moderate,4.0,harm
relevance,12,llama3:70b,moderate,5.0,harm
relevance,12,llama3:70b,moderate,5.0,harm
relevance,12,llama3:70b,moderate,5.0,harm
relevance,12,llama3:70b,moderate,5.0,harm
relevance,12,llama3:70b,moderate,5.0,harm
relevance,12,llama3:70b,moderate,4.0,harm
relevance,12,llama3:70b,moderate,5.0,harm
relevance,12,llama3:70b,moderate,5.0,harm
relevance,12,llama3:70b,moderate,5.0,harm
relevance,12,llama3:70b,moderate,4.0,harm
relevance,12,llama3:70b,moderate,5.0,harm
relevance,12,llama3:70b,moderate,5.0,harm
relevance,12,llama3:70b,moderate,4.0,harm
relevance,12,llama3:70b,moderate,5.0,harm
relevance,12,llama3:70b,moderate,5.0,harm
relevance,12,llama3:70b,moderate,5.0,harm
relevance,12,llama3:70b,moderate,5.0,harm
relevance,12,llama3:70b,moderate,5.0,harm
relevance,12,llama3:70b,moderate,5.0,harm
relevance,12,llama3:70b,moderate,5.0,harm
relevance,12,llama3:70b,moderate,5.0,harm
relevance,12,llama3:70b,moderate,5.0,harm
relevance,12,llama3:70b,moderate,5.0,harm
relevance,12,llama3:70b,moderate,5.0,harm
relevance,12,llama3:70b,moderate,4.0,harm
relevance,12,llama3:70b,moderate,5.0,harm
relevance,12,llama3:70b,moderate,4.0,harm
relevance,12,llama3:70b,moderate,5.0,harm
relevance,12,llama3:70b,moderate,5.0,harm
relevance,12,llama3:70b,liberal,5.0,harm
relevance,12,llama3:70b,liberal,5.0,harm
relevance,12,llama3:70b,liberal,5.0,harm
relevance,12,llama3:70b,liberal,5.0,harm
relevance,12,llama3:70b,liberal,5.0,harm
relevance,12,llama3:70b,liberal,5.0,harm
relevance,12,llama3:70b,liberal,5.0,harm
relevance,12,llama3:70b,liberal,5.0,harm
relevance,12,llama3:70b,liberal,5.0,harm
relevance,12,llama3:70b,liberal,5.0,harm
relevance,12,llama3:70b,liberal,5.0,harm
relevance,12,llama3:70b,liberal,5.0,harm
relevance,12,llama3:70b,liberal,5.0,harm
relevance,12,llama3:70b,liberal,5.0,harm
relevance,12,llama3:70b,liberal,5.0,harm
relevance,12,llama3:70b,liberal,5.0,harm
relevance,12,llama3:70b,liberal,5.0,harm
relevance,12,llama3:70b,liberal,5.0,harm
relevance,12,llama3:70b,liberal,5.0,harm
relevance,12,llama3:70b,liberal,5.0,harm
relevance,12,llama3:70b,liberal,5.0,harm
relevance,12,llama3:70b,liberal,5.0,harm
relevance,12,llama3:70b,liberal,5.0,harm
relevance,12,llama3:70b,liberal,5.0,harm
relevance,12,llama3:70b,liberal,5.0,harm
relevance,12,llama3:70b,liberal,5.0,harm
relevance,12,llama3:70b,liberal,5.0,harm
relevance,12,llama3:70b,liberal,5.0,harm
relevance,12,llama3:70b,liberal,5.0,harm
relevance,12,llama3:70b,liberal,5.0,harm
relevance,12,llama3:70b,liberal,5.0,harm
relevance,12,llama3:70b,liberal,5.0,harm
relevance,12,llama3:70b,liberal,5.0,harm
relevance,12,llama3:70b,liberal,5.0,harm
relevance,12,llama3:70b,liberal,5.0,harm
relevance,12,llama3:70b,liberal,5.0,harm
relevance,12,llama3:70b,liberal,5.0,harm
relevance,12,llama3:70b,liberal,5.0,harm
relevance,12,llama3:70b,liberal,5.0,harm
relevance,12,llama3:70b,liberal,5.0,harm
relevance,12,llama3:70b,liberal,5.0,harm
relevance,12,llama3:70b,liberal,5.0,harm
relevance,12,llama3:70b,liberal,5.0,harm
relevance,12,llama3:70b,liberal,5.0,harm
relevance,12,llama3:70b,liberal,5.0,harm
relevance,12,llama3:70b,liberal,5.0,harm
relevance,12,llama3:70b,liberal,5.0,harm
relevance,12,llama3:70b,liberal,5.0,harm
relevance,12,llama3:70b,liberal,5.0,harm
relevance,12,llama3:70b,liberal,5.0,harm
relevance,12,llama3.1:70b,conservative,5.0,harm
relevance,12,llama3.1:70b,conservative,5.0,harm
relevance,12,llama3.1:70b,conservative,5.0,harm
relevance,12,llama3.1:70b,conservative,5.0,harm
relevance,12,llama3.1:70b,conservative,5.0,harm
relevance,12,llama3.1:70b,conservative,5.0,harm
relevance,12,llama3.1:70b,conservative,5.0,harm
relevance,12,llama3.1:70b,conservative,5.0,harm
relevance,12,llama3.1:70b,conservative,5.0,harm
relevance,12,llama3.1:70b,conservative,5.0,harm
relevance,12,llama3.1:70b,conservative,5.0,harm
relevance,12,llama3.1:70b,conservative,5.0,harm
relevance,12,llama3.1:70b,conservative,5.0,harm
relevance,12,llama3.1:70b,conservative,5.0,harm
relevance,12,llama3.1:70b,conservative,5.0,harm
relevance,12,llama3.1:70b,conservative,5.0,harm
relevance,12,llama3.1:70b,conservative,5.0,harm
relevance,12,llama3.1:70b,conservative,5.0,harm
relevance,12,llama3.1:70b,conservative,5.0,harm
relevance,12,llama3.1:70b,conservative,5.0,harm
relevance,12,llama3.1:70b,conservative,5.0,harm
relevance,12,llama3.1:70b,conservative,5.0,harm
relevance,12,llama3.1:70b,conservative,5.0,harm
relevance,12,llama3.1:70b,conservative,5.0,harm
relevance,12,llama3.1:70b,conservative,5.0,harm
relevance,12,llama3.1:70b,conservative,5.0,harm
relevance,12,llama3.1:70b,conservative,5.0,harm
relevance,12,llama3.1:70b,conservative,5.0,harm
relevance,12,llama3.1:70b,conservative,5.0,harm
relevance,12,llama3.1:70b,conservative,5.0,harm
relevance,12,llama3.1:70b,conservative,5.0,harm
relevance,12,llama3.1:70b,conservative,5.0,harm
relevance,12,llama3.1:70b,conservative,5.0,harm
relevance,12,llama3.1:70b,conservative,5.0,harm
relevance,12,llama3.1:70b,conservative,5.0,harm
relevance,12,llama3.1:70b,conservative,5.0,harm
relevance,12,llama3.1:70b,conservative,5.0,harm
relevance,12,llama3.1:70b,conservative,5.0,harm
relevance,12,llama3.1:70b,conservative,5.0,harm
relevance,12,llama3.1:70b,conservative,5.0,harm
relevance,12,llama3.1:70b,conservative,5.0,harm
relevance,12,llama3.1:70b,conservative,5.0,harm
relevance,12,llama3.1:70b,conservative,5.0,harm
relevance,12,llama3.1:70b,conservative,5.0,harm
relevance,12,llama3.1:70b,conservative,5.0,harm
relevance,12,llama3.1:70b,conservative,5.0,harm
relevance,12,llama3.1:70b,conservative,5.0,harm
relevance,12,llama3.1:70b,conservative,5.0,harm
relevance,12,llama3.1:70b,conservative,5.0,harm
relevance,12,llama3.1:70b,conservative,5.0,harm
relevance,12,llama3.1:70b,moderate,5.0,harm
relevance,12,llama3.1:70b,moderate,5.0,harm
relevance,12,llama3.1:70b,moderate,5.0,harm
relevance,12,llama3.1:70b,moderate,5.0,harm
relevance,12,llama3.1:70b,moderate,5.0,harm
relevance,12,llama3.1:70b,moderate,5.0,harm
relevance,12,llama3.1:70b,moderate,5.0,harm
relevance,12,llama3.1:70b,moderate,5.0,harm
relevance,12,llama3.1:70b,moderate,5.0,harm
relevance,12,llama3.1:70b,moderate,5.0,harm
relevance,12,llama3.1:70b,moderate,5.0,harm
relevance,12,llama3.1:70b,moderate,5.0,harm
relevance,12,llama3.1:70b,moderate,5.0,harm
relevance,12,llama3.1:70b,moderate,5.0,harm
relevance,12,llama3.1:70b,moderate,5.0,harm
relevance,12,llama3.1:70b,moderate,5.0,harm
relevance,12,llama3.1:70b,moderate,5.0,harm
relevance,12,llama3.1:70b,moderate,5.0,harm
relevance,12,llama3.1:70b,moderate,5.0,harm
relevance,12,llama3.1:70b,moderate,5.0,harm
relevance,12,llama3.1:70b,moderate,5.0,harm
relevance,12,llama3.1:70b,moderate,5.0,harm
relevance,12,llama3.1:70b,moderate,5.0,harm
relevance,12,llama3.1:70b,moderate,5.0,harm
relevance,12,llama3.1:70b,moderate,5.0,harm
relevance,12,llama3.1:70b,moderate,5.0,harm
relevance,12,llama3.1:70b,moderate,5.0,harm
relevance,12,llama3.1:70b,moderate,5.0,harm
relevance,12,llama3.1:70b,moderate,5.0,harm
relevance,12,llama3.1:70b,moderate,5.0,harm
relevance,12,llama3.1:70b,moderate,5.0,harm
relevance,12,llama3.1:70b,moderate,5.0,harm
relevance,12,llama3.1:70b,moderate,5.0,harm
relevance,12,llama3.1:70b,moderate,5.0,harm
relevance,12,llama3.1:70b,moderate,5.0,harm
relevance,12,llama3.1:70b,moderate,5.0,harm
relevance,12,llama3.1:70b,moderate,5.0,harm
relevance,12,llama3.1:70b,moderate,5.0,harm
relevance,12,llama3.1:70b,moderate,5.0,harm
relevance,12,llama3.1:70b,moderate,5.0,harm
relevance,12,llama3.1:70b,moderate,5.0,harm
relevance,12,llama3.1:70b,moderate,5.0,harm
relevance,12,llama3.1:70b,moderate,5.0,harm
relevance,12,llama3.1:70b,moderate,5.0,harm
relevance,12,llama3.1:70b,moderate,5.0,harm
relevance,12,llama3.1:70b,moderate,5.0,harm
relevance,12,llama3.1:70b,moderate,5.0,harm
relevance,12,llama3.1:70b,moderate,5.0,harm
relevance,12,llama3.1:70b,moderate,5.0,harm
relevance,12,llama3.1:70b,moderate,5.0,harm
relevance,12,llama3.1:70b,liberal,5.0,harm
relevance,12,llama3.1:70b,liberal,5.0,harm
relevance,12,llama3.1:70b,liberal,5.0,harm
relevance,12,llama3.1:70b,liberal,5.0,harm
relevance,12,llama3.1:70b,liberal,5.0,harm
relevance,12,llama3.1:70b,liberal,5.0,harm
relevance,12,llama3.1:70b,liberal,5.0,harm
relevance,12,llama3.1:70b,liberal,5.0,harm
relevance,12,llama3.1:70b,liberal,5.0,harm
relevance,12,llama3.1:70b,liberal,5.0,harm
relevance,12,llama3.1:70b,liberal,5.0,harm
relevance,12,llama3.1:70b,liberal,5.0,harm
relevance,12,llama3.1:70b,liberal,5.0,harm
relevance,12,llama3.1:70b,liberal,5.0,harm
relevance,12,llama3.1:70b,liberal,5.0,harm
relevance,12,llama3.1:70b,liberal,5.0,harm
relevance,12,llama3.1:70b,liberal,5.0,harm
relevance,12,llama3.1:70b,liberal,5.0,harm
relevance,12,llama3.1:70b,liberal,5.0,harm
relevance,12,llama3.1:70b,liberal,5.0,harm
relevance,12,llama3.1:70b,liberal,5.0,harm
relevance,12,llama3.1:70b,liberal,5.0,harm
relevance,12,llama3.1:70b,liberal,5.0,harm
relevance,12,llama3.1:70b,liberal,5.0,harm
relevance,12,llama3.1:70b,liberal,5.0,harm
relevance,12,llama3.1:70b,liberal,5.0,harm
relevance,12,llama3.1:70b,liberal,5.0,harm
relevance,12,llama3.1:70b,liberal,5.0,harm
relevance,12,llama3.1:70b,liberal,5.0,harm
relevance,12,llama3.1:70b,liberal,5.0,harm
relevance,12,llama3.1:70b,liberal,5.0,harm
relevance,12,llama3.1:70b,liberal,5.0,harm
relevance,12,llama3.1:70b,liberal,5.0,harm
relevance,12,llama3.1:70b,liberal,5.0,harm
relevance,12,llama3.1:70b,liberal,5.0,harm
relevance,12,llama3.1:70b,liberal,5.0,harm
relevance,12,llama3.1:70b,liberal,5.0,harm
relevance,12,llama3.1:70b,liberal,5.0,harm
relevance,12,llama3.1:70b,liberal,5.0,harm
relevance,12,llama3.1:70b,liberal,5.0,harm
relevance,12,llama3.1:70b,liberal,5.0,harm
relevance,12,llama3.1:70b,liberal,5.0,harm
relevance,12,llama3.1:70b,liberal,5.0,harm
relevance,12,llama3.1:70b,liberal,5.0,harm
relevance,12,llama3.1:70b,liberal,5.0,harm
relevance,12,llama3.1:70b,liberal,5.0,harm
relevance,12,llama3.1:70b,liberal,5.0,harm
relevance,12,llama3.1:70b,liberal,5.0,harm
relevance,12,llama3.1:70b,liberal,5.0,harm
relevance,12,llama3.1:70b,liberal,5.0,harm
relevance,12,mistral:7b,conservative,3.0,harm
relevance,12,mistral:7b,conservative,3.0,harm
relevance,12,mistral:7b,conservative,3.0,harm
relevance,12,mistral:7b,conservative,3.0,harm
relevance,12,mistral:7b,conservative,3.0,harm
relevance,12,mistral:7b,conservative,3.0,harm
relevance,12,mistral:7b,conservative,1.0,harm
relevance,12,mistral:7b,conservative,3.0,harm
relevance,12,mistral:7b,conservative,3.0,harm
relevance,12,mistral:7b,conservative,3.0,harm
relevance,12,mistral:7b,conservative,3.0,harm
relevance,12,mistral:7b,conservative,1.0,harm
relevance,12,mistral:7b,conservative,3.0,harm
relevance,12,mistral:7b,conservative,3.0,harm
relevance,12,mistral:7b,conservative,3.0,harm
relevance,12,mistral:7b,conservative,2.0,harm
relevance,12,mistral:7b,conservative,3.0,harm
relevance,12,mistral:7b,conservative,1.0,harm
relevance,12,mistral:7b,conservative,3.0,harm
relevance,12,mistral:7b,conservative,3.0,harm
relevance,12,mistral:7b,conservative,1.0,harm
relevance,12,mistral:7b,conservative,3.0,harm
relevance,12,mistral:7b,conservative,1.0,harm
relevance,12,mistral:7b,conservative,3.0,harm
relevance,12,mistral:7b,conservative,3.0,harm
relevance,12,mistral:7b,conservative,3.0,harm
relevance,12,mistral:7b,conservative,1.0,harm
relevance,12,mistral:7b,conservative,3.0,harm
relevance,12,mistral:7b,conservative,3.0,harm
relevance,12,mistral:7b,conservative,3.0,harm
relevance,12,mistral:7b,conservative,3.0,harm
relevance,12,mistral:7b,conservative,2.0,harm
relevance,12,mistral:7b,conservative,1.0,harm
relevance,12,mistral:7b,conservative,3.0,harm
relevance,12,mistral:7b,conservative,3.0,harm
relevance,12,mistral:7b,conservative,3.0,harm
relevance,12,mistral:7b,conservative,2.0,harm
relevance,12,mistral:7b,conservative,3.0,harm
relevance,12,mistral:7b,conservative,1.0,harm
relevance,12,mistral:7b,conservative,3.0,harm
relevance,12,mistral:7b,conservative,3.0,harm
relevance,12,mistral:7b,conservative,1.0,harm
relevance,12,mistral:7b,conservative,2.0,harm
relevance,12,mistral:7b,conservative,1.0,harm
relevance,12,mistral:7b,conservative,3.0,harm
relevance,12,mistral:7b,conservative,1.0,harm
relevance,12,mistral:7b,conservative,3.0,harm
relevance,12,mistral:7b,conservative,3.0,harm
relevance,12,mistral:7b,conservative,3.0,harm
relevance,12,mistral:7b,conservative,1.0,harm
relevance,12,mistral:7b,moderate,3.0,harm
relevance,12,mistral:7b,moderate,3.0,harm
relevance,12,mistral:7b,moderate,3.0,harm
relevance,12,mistral:7b,moderate,3.0,harm
relevance,12,mistral:7b,moderate,3.0,harm
relevance,12,mistral:7b,moderate,3.0,harm
relevance,12,mistral:7b,moderate,3.0,harm
relevance,12,mistral:7b,moderate,3.0,harm
relevance,12,mistral:7b,moderate,3.0,harm
relevance,12,mistral:7b,moderate,3.0,harm
relevance,12,mistral:7b,moderate,3.0,harm
relevance,12,mistral:7b,moderate,3.0,harm
relevance,12,mistral:7b,moderate,3.0,harm
relevance,12,mistral:7b,moderate,3.0,harm
relevance,12,mistral:7b,moderate,3.0,harm
relevance,12,mistral:7b,moderate,3.0,harm
relevance,12,mistral:7b,moderate,3.0,harm
relevance,12,mistral:7b,moderate,3.0,harm
relevance,12,mistral:7b,moderate,3.0,harm
relevance,12,mistral:7b,moderate,3.0,harm
relevance,12,mistral:7b,moderate,3.0,harm
relevance,12,mistral:7b,moderate,3.0,harm
relevance,12,mistral:7b,moderate,3.0,harm
relevance,12,mistral:7b,moderate,3.0,harm
relevance,12,mistral:7b,moderate,3.0,harm
relevance,12,mistral:7b,moderate,3.0,harm
relevance,12,mistral:7b,moderate,3.0,harm
relevance,12,mistral:7b,moderate,3.0,harm
relevance,12,mistral:7b,moderate,3.0,harm
relevance,12,mistral:7b,moderate,3.0,harm
relevance,12,mistral:7b,moderate,3.0,harm
relevance,12,mistral:7b,moderate,3.0,harm
relevance,12,mistral:7b,moderate,3.0,harm
relevance,12,mistral:7b,moderate,3.0,harm
relevance,12,mistral:7b,moderate,3.0,harm
relevance,12,mistral:7b,moderate,3.0,harm
relevance,12,mistral:7b,moderate,3.0,harm
relevance,12,mistral:7b,moderate,3.0,harm
relevance,12,mistral:7b,moderate,3.0,harm
relevance,12,mistral:7b,moderate,3.0,harm
relevance,12,mistral:7b,moderate,3.0,harm
relevance,12,mistral:7b,moderate,3.0,harm
relevance,12,mistral:7b,moderate,3.0,harm
relevance,12,mistral:7b,moderate,3.0,harm
relevance,12,mistral:7b,moderate,3.0,harm
relevance,12,mistral:7b,moderate,3.0,harm
relevance,12,mistral:7b,moderate,3.0,harm
relevance,12,mistral:7b,moderate,3.0,harm
relevance,12,mistral:7b,moderate,3.0,harm
relevance,12,mistral:7b,moderate,3.0,harm
relevance,12,mistral:7b,liberal,3.0,harm
relevance,12,mistral:7b,liberal,3.0,harm
relevance,12,mistral:7b,liberal,3.0,harm
relevance,12,mistral:7b,liberal,3.0,harm
relevance,12,mistral:7b,liberal,3.0,harm
relevance,12,mistral:7b,liberal,3.0,harm
relevance,12,mistral:7b,liberal,3.0,harm
relevance,12,mistral:7b,liberal,3.0,harm
relevance,12,mistral:7b,liberal,3.0,harm
relevance,12,mistral:7b,liberal,3.0,harm
relevance,12,mistral:7b,liberal,3.0,harm
relevance,12,mistral:7b,liberal,3.0,harm
relevance,12,mistral:7b,liberal,3.0,harm
relevance,12,mistral:7b,liberal,3.0,harm
relevance,12,mistral:7b,liberal,3.0,harm
relevance,12,mistral:7b,liberal,3.0,harm
relevance,12,mistral:7b,liberal,3.0,harm
relevance,12,mistral:7b,liberal,3.0,harm
relevance,12,mistral:7b,liberal,2.0,harm
relevance,12,mistral:7b,liberal,3.0,harm
relevance,12,mistral:7b,liberal,3.0,harm
relevance,12,mistral:7b,liberal,3.0,harm
relevance,12,mistral:7b,liberal,3.0,harm
relevance,12,mistral:7b,liberal,3.0,harm
relevance,12,mistral:7b,liberal,3.0,harm
relevance,12,mistral:7b,liberal,3.0,harm
relevance,12,mistral:7b,liberal,3.0,harm
relevance,12,mistral:7b,liberal,3.0,harm
relevance,12,mistral:7b,liberal,3.0,harm
relevance,12,mistral:7b,liberal,3.0,harm
relevance,12,mistral:7b,liberal,2.0,harm
relevance,12,mistral:7b,liberal,3.0,harm
relevance,12,mistral:7b,liberal,3.0,harm
relevance,12,mistral:7b,liberal,3.0,harm
relevance,12,mistral:7b,liberal,3.0,harm
relevance,12,mistral:7b,liberal,3.0,harm
relevance,12,mistral:7b,liberal,3.0,harm
relevance,12,mistral:7b,liberal,3.0,harm
relevance,12,mistral:7b,liberal,3.0,harm
relevance,12,mistral:7b,liberal,3.0,harm
relevance,12,mistral:7b,liberal,2.0,harm
relevance,12,mistral:7b,liberal,3.0,harm
relevance,12,mistral:7b,liberal,3.0,harm
relevance,12,mistral:7b,liberal,3.0,harm
relevance,12,mistral:7b,liberal,3.0,harm
relevance,12,mistral:7b,liberal,3.0,harm
relevance,12,mistral:7b,liberal,3.0,harm
relevance,12,mistral:7b,liberal,3.0,harm
relevance,12,mistral:7b,liberal,3.0,harm
relevance,12,mistral:7b,liberal,3.0,harm
relevance,12,mixtral:8x22b,conservative,5.0,harm
relevance,12,mixtral:8x22b,conservative,5.0,harm
relevance,12,mixtral:8x22b,conservative,5.0,harm
relevance,12,mixtral:8x22b,conservative,5.0,harm
relevance,12,mixtral:8x22b,conservative,5.0,harm
relevance,12,mixtral:8x22b,conservative,5.0,harm
relevance,12,mixtral:8x22b,conservative,5.0,harm
relevance,12,mixtral:8x22b,conservative,5.0,harm
relevance,12,mixtral:8x22b,conservative,5.0,harm
relevance,12,mixtral:8x22b,conservative,5.0,harm
relevance,12,mixtral:8x22b,conservative,5.0,harm
relevance,12,mixtral:8x22b,conservative,5.0,harm
relevance,12,mixtral:8x22b,conservative,5.0,harm
relevance,12,mixtral:8x22b,conservative,5.0,harm
relevance,12,mixtral:8x22b,conservative,5.0,harm
relevance,12,mixtral:8x22b,conservative,5.0,harm
relevance,12,mixtral:8x22b,conservative,5.0,harm
relevance,12,mixtral:8x22b,conservative,5.0,harm
relevance,12,mixtral:8x22b,conservative,5.0,harm
relevance,12,mixtral:8x22b,conservative,5.0,harm
relevance,12,mixtral:8x22b,conservative,5.0,harm
relevance,12,mixtral:8x22b,conservative,5.0,harm
relevance,12,mixtral:8x22b,conservative,5.0,harm
relevance,12,mixtral:8x22b,conservative,5.0,harm
relevance,12,mixtral:8x22b,conservative,5.0,harm
relevance,12,mixtral:8x22b,conservative,5.0,harm
relevance,12,mixtral:8x22b,conservative,5.0,harm
relevance,12,mixtral:8x22b,conservative,5.0,harm
relevance,12,mixtral:8x22b,conservative,5.0,harm
relevance,12,mixtral:8x22b,conservative,5.0,harm
relevance,12,mixtral:8x22b,conservative,5.0,harm
relevance,12,mixtral:8x22b,conservative,5.0,harm
relevance,12,mixtral:8x22b,conservative,5.0,harm
relevance,12,mixtral:8x22b,conservative,5.0,harm
relevance,12,mixtral:8x22b,conservative,5.0,harm
relevance,12,mixtral:8x22b,conservative,5.0,harm
relevance,12,mixtral:8x22b,conservative,5.0,harm
relevance,12,mixtral:8x22b,conservative,5.0,harm
relevance,12,mixtral:8x22b,conservative,5.0,harm
relevance,12,mixtral:8x22b,conservative,5.0,harm
relevance,12,mixtral:8x22b,conservative,5.0,harm
relevance,12,mixtral:8x22b,conservative,5.0,harm
relevance,12,mixtral:8x22b,conservative,5.0,harm
relevance,12,mixtral:8x22b,conservative,5.0,harm
relevance,12,mixtral:8x22b,conservative,5.0,harm
relevance,12,mixtral:8x22b,conservative,5.0,harm
relevance,12,mixtral:8x22b,conservative,5.0,harm
relevance,12,mixtral:8x22b,conservative,5.0,harm
relevance,12,mixtral:8x22b,conservative,5.0,harm
relevance,12,mixtral:8x22b,conservative,5.0,harm
relevance,12,mixtral:8x22b,moderate,5.0,harm
relevance,12,mixtral:8x22b,moderate,5.0,harm
relevance,12,mixtral:8x22b,moderate,5.0,harm
relevance,12,mixtral:8x22b,moderate,5.0,harm
relevance,12,mixtral:8x22b,moderate,5.0,harm
relevance,12,mixtral:8x22b,moderate,5.0,harm
relevance,12,mixtral:8x22b,moderate,4.0,harm
relevance,12,mixtral:8x22b,moderate,5.0,harm
relevance,12,mixtral:8x22b,moderate,5.0,harm
relevance,12,mixtral:8x22b,moderate,4.0,harm
relevance,12,mixtral:8x22b,moderate,5.0,harm
relevance,12,mixtral:8x22b,moderate,5.0,harm
relevance,12,mixtral:8x22b,moderate,5.0,harm
relevance,12,mixtral:8x22b,moderate,5.0,harm
relevance,12,mixtral:8x22b,moderate,5.0,harm
relevance,12,mixtral:8x22b,moderate,5.0,harm
relevance,12,mixtral:8x22b,moderate,4.0,harm
relevance,12,mixtral:8x22b,moderate,5.0,harm
relevance,12,mixtral:8x22b,moderate,5.0,harm
relevance,12,mixtral:8x22b,moderate,5.0,harm
relevance,12,mixtral:8x22b,moderate,5.0,harm
relevance,12,mixtral:8x22b,moderate,5.0,harm
relevance,12,mixtral:8x22b,moderate,5.0,harm
relevance,12,mixtral:8x22b,moderate,5.0,harm
relevance,12,mixtral:8x22b,moderate,5.0,harm
relevance,12,mixtral:8x22b,moderate,4.0,harm
relevance,12,mixtral:8x22b,moderate,5.0,harm
relevance,12,mixtral:8x22b,moderate,5.0,harm
relevance,12,mixtral:8x22b,moderate,4.0,harm
relevance,12,mixtral:8x22b,moderate,5.0,harm
relevance,12,mixtral:8x22b,moderate,4.0,harm
relevance,12,mixtral:8x22b,moderate,4.0,harm
relevance,12,mixtral:8x22b,moderate,4.0,harm
relevance,12,mixtral:8x22b,moderate,5.0,harm
relevance,12,mixtral:8x22b,moderate,4.0,harm
relevance,12,mixtral:8x22b,moderate,5.0,harm
relevance,12,mixtral:8x22b,moderate,5.0,harm
relevance,12,mixtral:8x22b,moderate,5.0,harm
relevance,12,mixtral:8x22b,moderate,5.0,harm
relevance,12,mixtral:8x22b,moderate,5.0,harm
relevance,12,mixtral:8x22b,moderate,5.0,harm
relevance,12,mixtral:8x22b,moderate,5.0,harm
relevance,12,mixtral:8x22b,moderate,5.0,harm
relevance,12,mixtral:8x22b,moderate,5.0,harm
relevance,12,mixtral:8x22b,moderate,5.0,harm
relevance,12,mixtral:8x22b,moderate,5.0,harm
relevance,12,mixtral:8x22b,moderate,5.0,harm
relevance,12,mixtral:8x22b,moderate,5.0,harm
relevance,12,mixtral:8x22b,moderate,5.0,harm
relevance,12,mixtral:8x22b,moderate,5.0,harm
relevance,12,mixtral:8x22b,liberal,5.0,harm
relevance,12,mixtral:8x22b,liberal,5.0,harm
relevance,12,mixtral:8x22b,liberal,5.0,harm
relevance,12,mixtral:8x22b,liberal,5.0,harm
relevance,12,mixtral:8x22b,liberal,5.0,harm
relevance,12,mixtral:8x22b,liberal,5.0,harm
relevance,12,mixtral:8x22b,liberal,5.0,harm
relevance,12,mixtral:8x22b,liberal,5.0,harm
relevance,12,mixtral:8x22b,liberal,5.0,harm
relevance,12,mixtral:8x22b,liberal,5.0,harm
relevance,12,mixtral:8x22b,liberal,5.0,harm
relevance,12,mixtral:8x22b,liberal,5.0,harm
relevance,12,mixtral:8x22b,liberal,5.0,harm
relevance,12,mixtral:8x22b,liberal,5.0,harm
relevance,12,mixtral:8x22b,liberal,5.0,harm
relevance,12,mixtral:8x22b,liberal,5.0,harm
relevance,12,mixtral:8x22b,liberal,5.0,harm
relevance,12,mixtral:8x22b,liberal,5.0,harm
relevance,12,mixtral:8x22b,liberal,5.0,harm
relevance,12,mixtral:8x22b,liberal,5.0,harm
relevance,12,mixtral:8x22b,liberal,5.0,harm
relevance,12,mixtral:8x22b,liberal,5.0,harm
relevance,12,mixtral:8x22b,liberal,5.0,harm
relevance,12,mixtral:8x22b,liberal,5.0,harm
relevance,12,mixtral:8x22b,liberal,5.0,harm
relevance,12,mixtral:8x22b,liberal,5.0,harm
relevance,12,mixtral:8x22b,liberal,5.0,harm
relevance,12,mixtral:8x22b,liberal,5.0,harm
relevance,12,mixtral:8x22b,liberal,5.0,harm
relevance,12,mixtral:8x22b,liberal,5.0,harm
relevance,12,mixtral:8x22b,liberal,5.0,harm
relevance,12,mixtral:8x22b,liberal,5.0,harm
relevance,12,mixtral:8x22b,liberal,5.0,harm
relevance,12,mixtral:8x22b,liberal,5.0,harm
relevance,12,mixtral:8x22b,liberal,5.0,harm
relevance,12,mixtral:8x22b,liberal,5.0,harm
relevance,12,mixtral:8x22b,liberal,5.0,harm
relevance,12,mixtral:8x22b,liberal,5.0,harm
relevance,12,mixtral:8x22b,liberal,5.0,harm
relevance,12,mixtral:8x22b,liberal,5.0,harm
relevance,12,mixtral:8x22b,liberal,5.0,harm
relevance,12,mixtral:8x22b,liberal,5.0,harm
relevance,12,mixtral:8x22b,liberal,5.0,harm
relevance,12,mixtral:8x22b,liberal,5.0,harm
relevance,12,mixtral:8x22b,liberal,5.0,harm
relevance,12,mixtral:8x22b,liberal,5.0,harm
relevance,12,mixtral:8x22b,liberal,5.0,harm
relevance,12,mixtral:8x22b,liberal,5.0,harm
relevance,12,mixtral:8x22b,liberal,5.0,harm
relevance,12,mixtral:8x22b,liberal,5.0,harm
relevance,12,mixtral:8x7b,conservative,5.0,harm
relevance,12,mixtral:8x7b,conservative,5.0,harm
relevance,12,mixtral:8x7b,conservative,5.0,harm
relevance,12,mixtral:8x7b,conservative,5.0,harm
relevance,12,mixtral:8x7b,conservative,5.0,harm
relevance,12,mixtral:8x7b,conservative,5.0,harm
relevance,12,mixtral:8x7b,conservative,5.0,harm
relevance,12,mixtral:8x7b,conservative,5.0,harm
relevance,12,mixtral:8x7b,conservative,5.0,harm
relevance,12,mixtral:8x7b,conservative,5.0,harm
relevance,12,mixtral:8x7b,conservative,5.0,harm
relevance,12,mixtral:8x7b,conservative,5.0,harm
relevance,12,mixtral:8x7b,conservative,5.0,harm
relevance,12,mixtral:8x7b,conservative,5.0,harm
relevance,12,mixtral:8x7b,conservative,5.0,harm
relevance,12,mixtral:8x7b,conservative,5.0,harm
relevance,12,mixtral:8x7b,conservative,5.0,harm
relevance,12,mixtral:8x7b,conservative,5.0,harm
relevance,12,mixtral:8x7b,conservative,5.0,harm
relevance,12,mixtral:8x7b,conservative,5.0,harm
relevance,12,mixtral:8x7b,conservative,5.0,harm
relevance,12,mixtral:8x7b,conservative,5.0,harm
relevance,12,mixtral:8x7b,conservative,5.0,harm
relevance,12,mixtral:8x7b,conservative,5.0,harm
relevance,12,mixtral:8x7b,conservative,5.0,harm
relevance,12,mixtral:8x7b,conservative,5.0,harm
relevance,12,mixtral:8x7b,conservative,5.0,harm
relevance,12,mixtral:8x7b,conservative,5.0,harm
relevance,12,mixtral:8x7b,conservative,5.0,harm
relevance,12,mixtral:8x7b,conservative,5.0,harm
relevance,12,mixtral:8x7b,conservative,5.0,harm
relevance,12,mixtral:8x7b,conservative,5.0,harm
relevance,12,mixtral:8x7b,conservative,5.0,harm
relevance,12,mixtral:8x7b,conservative,5.0,harm
relevance,12,mixtral:8x7b,conservative,5.0,harm
relevance,12,mixtral:8x7b,conservative,5.0,harm
relevance,12,mixtral:8x7b,conservative,5.0,harm
relevance,12,mixtral:8x7b,conservative,5.0,harm
relevance,12,mixtral:8x7b,conservative,5.0,harm
relevance,12,mixtral:8x7b,conservative,5.0,harm
relevance,12,mixtral:8x7b,conservative,5.0,harm
relevance,12,mixtral:8x7b,conservative,5.0,harm
relevance,12,mixtral:8x7b,conservative,5.0,harm
relevance,12,mixtral:8x7b,conservative,5.0,harm
relevance,12,mixtral:8x7b,conservative,5.0,harm
relevance,12,mixtral:8x7b,conservative,5.0,harm
relevance,12,mixtral:8x7b,conservative,5.0,harm
relevance,12,mixtral:8x7b,conservative,5.0,harm
relevance,12,mixtral:8x7b,conservative,5.0,harm
relevance,12,mixtral:8x7b,conservative,5.0,harm
relevance,12,mixtral:8x7b,moderate,5.0,harm
relevance,12,mixtral:8x7b,moderate,5.0,harm
relevance,12,mixtral:8x7b,moderate,5.0,harm
relevance,12,mixtral:8x7b,moderate,5.0,harm
relevance,12,mixtral:8x7b,moderate,5.0,harm
relevance,12,mixtral:8x7b,moderate,5.0,harm
relevance,12,mixtral:8x7b,moderate,5.0,harm
relevance,12,mixtral:8x7b,moderate,5.0,harm
relevance,12,mixtral:8x7b,moderate,5.0,harm
relevance,12,mixtral:8x7b,moderate,5.0,harm
relevance,12,mixtral:8x7b,moderate,5.0,harm
relevance,12,mixtral:8x7b,moderate,5.0,harm
relevance,12,mixtral:8x7b,moderate,5.0,harm
relevance,12,mixtral:8x7b,moderate,5.0,harm
relevance,12,mixtral:8x7b,moderate,5.0,harm
relevance,12,mixtral:8x7b,moderate,5.0,harm
relevance,12,mixtral:8x7b,moderate,5.0,harm
relevance,12,mixtral:8x7b,moderate,5.0,harm
relevance,12,mixtral:8x7b,moderate,5.0,harm
relevance,12,mixtral:8x7b,moderate,5.0,harm
relevance,12,mixtral:8x7b,moderate,5.0,harm
relevance,12,mixtral:8x7b,moderate,5.0,harm
relevance,12,mixtral:8x7b,moderate,5.0,harm
relevance,12,mixtral:8x7b,moderate,5.0,harm
relevance,12,mixtral:8x7b,moderate,5.0,harm
relevance,12,mixtral:8x7b,moderate,5.0,harm
relevance,12,mixtral:8x7b,moderate,5.0,harm
relevance,12,mixtral:8x7b,moderate,5.0,harm
relevance,12,mixtral:8x7b,moderate,5.0,harm
relevance,12,mixtral:8x7b,moderate,5.0,harm
relevance,12,mixtral:8x7b,moderate,5.0,harm
relevance,12,mixtral:8x7b,moderate,5.0,harm
relevance,12,mixtral:8x7b,moderate,5.0,harm
relevance,12,mixtral:8x7b,moderate,5.0,harm
relevance,12,mixtral:8x7b,moderate,5.0,harm
relevance,12,mixtral:8x7b,moderate,5.0,harm
relevance,12,mixtral:8x7b,moderate,5.0,harm
relevance,12,mixtral:8x7b,moderate,5.0,harm
relevance,12,mixtral:8x7b,moderate,5.0,harm
relevance,12,mixtral:8x7b,moderate,5.0,harm
relevance,12,mixtral:8x7b,moderate,5.0,harm
relevance,12,mixtral:8x7b,moderate,5.0,harm
relevance,12,mixtral:8x7b,moderate,5.0,harm
relevance,12,mixtral:8x7b,moderate,5.0,harm
relevance,12,mixtral:8x7b,moderate,5.0,harm
relevance,12,mixtral:8x7b,moderate,5.0,harm
relevance,12,mixtral:8x7b,moderate,5.0,harm
relevance,12,mixtral:8x7b,moderate,5.0,harm
relevance,12,mixtral:8x7b,moderate,5.0,harm
relevance,12,mixtral:8x7b,moderate,5.0,harm
relevance,12,mixtral:8x7b,liberal,5.0,harm
relevance,12,mixtral:8x7b,liberal,5.0,harm
relevance,12,mixtral:8x7b,liberal,5.0,harm
relevance,12,mixtral:8x7b,liberal,5.0,harm
relevance,12,mixtral:8x7b,liberal,5.0,harm
relevance,12,mixtral:8x7b,liberal,5.0,harm
relevance,12,mixtral:8x7b,liberal,5.0,harm
relevance,12,mixtral:8x7b,liberal,5.0,harm
relevance,12,mixtral:8x7b,liberal,5.0,harm
relevance,12,mixtral:8x7b,liberal,5.0,harm
relevance,12,mixtral:8x7b,liberal,5.0,harm
relevance,12,mixtral:8x7b,liberal,5.0,harm
relevance,12,mixtral:8x7b,liberal,5.0,harm
relevance,12,mixtral:8x7b,liberal,5.0,harm
relevance,12,mixtral:8x7b,liberal,5.0,harm
relevance,12,mixtral:8x7b,liberal,5.0,harm
relevance,12,mixtral:8x7b,liberal,5.0,harm
relevance,12,mixtral:8x7b,liberal,5.0,harm
relevance,12,mixtral:8x7b,liberal,5.0,harm
relevance,12,mixtral:8x7b,liberal,5.0,harm
relevance,12,mixtral:8x7b,liberal,5.0,harm
relevance,12,mixtral:8x7b,liberal,5.0,harm
relevance,12,mixtral:8x7b,liberal,5.0,harm
relevance,12,mixtral:8x7b,liberal,5.0,harm
relevance,12,mixtral:8x7b,liberal,5.0,harm
relevance,12,mixtral:8x7b,liberal,5.0,harm
relevance,12,mixtral:8x7b,liberal,5.0,harm
relevance,12,mixtral:8x7b,liberal,5.0,harm
relevance,12,mixtral:8x7b,liberal,5.0,harm
relevance,12,mixtral:8x7b,liberal,5.0,harm
relevance,12,mixtral:8x7b,liberal,5.0,harm
relevance,12,mixtral:8x7b,liberal,5.0,harm
relevance,12,mixtral:8x7b,liberal,5.0,harm
relevance,12,mixtral:8x7b,liberal,5.0,harm
relevance,12,mixtral:8x7b,liberal,5.0,harm
relevance,12,mixtral:8x7b,liberal,5.0,harm
relevance,12,mixtral:8x7b,liberal,5.0,harm
relevance,12,mixtral:8x7b,liberal,5.0,harm
relevance,12,mixtral:8x7b,liberal,5.0,harm
relevance,12,mixtral:8x7b,liberal,5.0,harm
relevance,12,mixtral:8x7b,liberal,5.0,harm
relevance,12,mixtral:8x7b,liberal,5.0,harm
relevance,12,mixtral:8x7b,liberal,5.0,harm
relevance,12,mixtral:8x7b,liberal,5.0,harm
relevance,12,mixtral:8x7b,liberal,5.0,harm
relevance,12,mixtral:8x7b,liberal,5.0,harm
relevance,12,mixtral:8x7b,liberal,5.0,harm
relevance,12,mixtral:8x7b,liberal,5.0,harm
relevance,12,mixtral:8x7b,liberal,5.0,harm
relevance,12,mixtral:8x7b,liberal,5.0,harm
relevance,12,phi3:14b,conservative,5.0,harm
relevance,12,phi3:14b,conservative,5.0,harm
relevance,12,phi3:14b,conservative,4.0,harm
relevance,12,phi3:14b,conservative,5.0,harm
relevance,12,phi3:14b,conservative,5.0,harm
relevance,12,phi3:14b,conservative,4.0,harm
relevance,12,phi3:14b,conservative,5.0,harm
relevance,12,phi3:14b,conservative,5.0,harm
relevance,12,phi3:14b,conservative,4.0,harm
relevance,12,phi3:14b,conservative,4.0,harm
relevance,12,phi3:14b,conservative,4.0,harm
relevance,12,phi3:14b,conservative,4.0,harm
relevance,12,phi3:14b,conservative,5.0,harm
relevance,12,phi3:14b,conservative,4.0,harm
relevance,12,phi3:14b,conservative,5.0,harm
relevance,12,phi3:14b,conservative,4.0,harm
relevance,12,phi3:14b,conservative,5.0,harm
relevance,12,phi3:14b,conservative,4.0,harm
relevance,12,phi3:14b,conservative,5.0,harm
relevance,12,phi3:14b,conservative,5.0,harm
relevance,12,phi3:14b,conservative,4.0,harm
relevance,12,phi3:14b,conservative,5.0,harm
relevance,12,phi3:14b,conservative,4.0,harm
relevance,12,phi3:14b,conservative,5.0,harm
relevance,12,phi3:14b,conservative,4.0,harm
relevance,12,phi3:14b,conservative,5.0,harm
relevance,12,phi3:14b,conservative,5.0,harm
relevance,12,phi3:14b,conservative,4.0,harm
relevance,12,phi3:14b,conservative,5.0,harm
relevance,12,phi3:14b,conservative,4.0,harm
relevance,12,phi3:14b,conservative,5.0,harm
relevance,12,phi3:14b,conservative,5.0,harm
relevance,12,phi3:14b,conservative,4.0,harm
relevance,12,phi3:14b,conservative,5.0,harm
relevance,12,phi3:14b,conservative,5.0,harm
relevance,12,phi3:14b,conservative,4.0,harm
relevance,12,phi3:14b,conservative,4.0,harm
relevance,12,phi3:14b,conservative,4.0,harm
relevance,12,phi3:14b,conservative,4.0,harm
relevance,12,phi3:14b,conservative,4.0,harm
relevance,12,phi3:14b,conservative,4.0,harm
relevance,12,phi3:14b,conservative,4.0,harm
relevance,12,phi3:14b,conservative,4.0,harm
relevance,12,phi3:14b,conservative,5.0,harm
relevance,12,phi3:14b,conservative,4.0,harm
relevance,12,phi3:14b,conservative,5.0,harm
relevance,12,phi3:14b,conservative,5.0,harm
relevance,12,phi3:14b,conservative,5.0,harm
relevance,12,phi3:14b,conservative,5.0,harm
relevance,12,phi3:14b,conservative,5.0,harm
relevance,12,phi3:14b,moderate,5.0,harm
relevance,12,phi3:14b,moderate,4.0,harm
relevance,12,phi3:14b,moderate,4.0,harm
relevance,12,phi3:14b,moderate,4.0,harm
relevance,12,phi3:14b,moderate,4.0,harm
relevance,12,phi3:14b,moderate,4.0,harm
relevance,12,phi3:14b,moderate,5.0,harm
relevance,12,phi3:14b,moderate,4.0,harm
relevance,12,phi3:14b,moderate,5.0,harm
relevance,12,phi3:14b,moderate,4.0,harm
relevance,12,phi3:14b,moderate,4.0,harm
relevance,12,phi3:14b,moderate,4.0,harm
relevance,12,phi3:14b,moderate,5.0,harm
relevance,12,phi3:14b,moderate,4.0,harm
relevance,12,phi3:14b,moderate,5.0,harm
relevance,12,phi3:14b,moderate,4.0,harm
relevance,12,phi3:14b,moderate,4.0,harm
relevance,12,phi3:14b,moderate,5.0,harm
relevance,12,phi3:14b,moderate,4.0,harm
relevance,12,phi3:14b,moderate,5.0,harm
relevance,12,phi3:14b,moderate,4.0,harm
relevance,12,phi3:14b,moderate,5.0,harm
relevance,12,phi3:14b,moderate,4.0,harm
relevance,12,phi3:14b,moderate,4.0,harm
relevance,12,phi3:14b,moderate,4.0,harm
relevance,12,phi3:14b,moderate,4.0,harm
relevance,12,phi3:14b,moderate,5.0,harm
relevance,12,phi3:14b,moderate,5.0,harm
relevance,12,phi3:14b,moderate,5.0,harm
relevance,12,phi3:14b,moderate,4.0,harm
relevance,12,phi3:14b,moderate,4.0,harm
relevance,12,phi3:14b,moderate,5.0,harm
relevance,12,phi3:14b,moderate,4.0,harm
relevance,12,phi3:14b,moderate,5.0,harm
relevance,12,phi3:14b,moderate,4.0,harm
relevance,12,phi3:14b,moderate,4.0,harm
relevance,12,phi3:14b,moderate,4.0,harm
relevance,12,phi3:14b,moderate,4.0,harm
relevance,12,phi3:14b,moderate,4.0,harm
relevance,12,phi3:14b,moderate,4.0,harm
relevance,12,phi3:14b,moderate,5.0,harm
relevance,12,phi3:14b,moderate,5.0,harm
relevance,12,phi3:14b,moderate,5.0,harm
relevance,12,phi3:14b,moderate,4.0,harm
relevance,12,phi3:14b,moderate,4.0,harm
relevance,12,phi3:14b,moderate,4.0,harm
relevance,12,phi3:14b,moderate,4.0,harm
relevance,12,phi3:14b,moderate,5.0,harm
relevance,12,phi3:14b,moderate,4.0,harm
relevance,12,phi3:14b,moderate,5.0,harm
relevance,12,phi3:14b,liberal,5.0,harm
relevance,12,phi3:14b,liberal,5.0,harm
relevance,12,phi3:14b,liberal,4.0,harm
relevance,12,phi3:14b,liberal,5.0,harm
relevance,12,phi3:14b,liberal,5.0,harm
relevance,12,phi3:14b,liberal,4.0,harm
relevance,12,phi3:14b,liberal,5.0,harm
relevance,12,phi3:14b,liberal,4.0,harm
relevance,12,phi3:14b,liberal,5.0,harm
relevance,12,phi3:14b,liberal,5.0,harm
relevance,12,phi3:14b,liberal,5.0,harm
relevance,12,phi3:14b,liberal,4.0,harm
relevance,12,phi3:14b,liberal,4.0,harm
relevance,12,phi3:14b,liberal,4.0,harm
relevance,12,phi3:14b,liberal,4.0,harm
relevance,12,phi3:14b,liberal,5.0,harm
relevance,12,phi3:14b,liberal,5.0,harm
relevance,12,phi3:14b,liberal,5.0,harm
relevance,12,phi3:14b,liberal,5.0,harm
relevance,12,phi3:14b,liberal,4.0,harm
relevance,12,phi3:14b,liberal,4.0,harm
relevance,12,phi3:14b,liberal,5.0,harm
relevance,12,phi3:14b,liberal,5.0,harm
relevance,12,phi3:14b,liberal,4.0,harm
relevance,12,phi3:14b,liberal,4.0,harm
relevance,12,phi3:14b,liberal,4.0,harm
relevance,12,phi3:14b,liberal,4.0,harm
relevance,12,phi3:14b,liberal,4.0,harm
relevance,12,phi3:14b,liberal,5.0,harm
relevance,12,phi3:14b,liberal,4.0,harm
relevance,12,phi3:14b,liberal,5.0,harm
relevance,12,phi3:14b,liberal,5.0,harm
relevance,12,phi3:14b,liberal,5.0,harm
relevance,12,phi3:14b,liberal,5.0,harm
relevance,12,phi3:14b,liberal,5.0,harm
relevance,12,phi3:14b,liberal,5.0,harm
relevance,12,phi3:14b,liberal,5.0,harm
relevance,12,phi3:14b,liberal,5.0,harm
relevance,12,phi3:14b,liberal,5.0,harm
relevance,12,phi3:14b,liberal,4.0,harm
relevance,12,phi3:14b,liberal,4.0,harm
relevance,12,phi3:14b,liberal,5.0,harm
relevance,12,phi3:14b,liberal,4.0,harm
relevance,12,phi3:14b,liberal,4.0,harm
relevance,12,phi3:14b,liberal,5.0,harm
relevance,12,phi3:14b,liberal,5.0,harm
relevance,12,phi3:14b,liberal,5.0,harm
relevance,12,phi3:14b,liberal,5.0,harm
relevance,12,phi3:14b,liberal,4.0,harm
relevance,12,phi3:14b,liberal,5.0,harm
relevance,12,gemma:7b,conservative,3.0,harm
relevance,12,gemma:7b,conservative,3.0,harm
relevance,12,gemma:7b,conservative,3.0,harm
relevance,12,gemma:7b,conservative,3.0,harm
relevance,12,gemma:7b,conservative,3.0,harm
relevance,12,gemma:7b,conservative,3.0,harm
relevance,12,gemma:7b,conservative,3.0,harm
relevance,12,gemma:7b,conservative,3.0,harm
relevance,12,gemma:7b,conservative,3.0,harm
relevance,12,gemma:7b,conservative,3.0,harm
relevance,12,gemma:7b,conservative,3.0,harm
relevance,12,gemma:7b,conservative,3.0,harm
relevance,12,gemma:7b,conservative,3.0,harm
relevance,12,gemma:7b,conservative,3.0,harm
relevance,12,gemma:7b,conservative,3.0,harm
relevance,12,gemma:7b,conservative,3.0,harm
relevance,12,gemma:7b,conservative,3.0,harm
relevance,12,gemma:7b,conservative,3.0,harm
relevance,12,gemma:7b,conservative,3.0,harm
relevance,12,gemma:7b,conservative,3.0,harm
relevance,12,gemma:7b,conservative,3.0,harm
relevance,12,gemma:7b,conservative,3.0,harm
relevance,12,gemma:7b,conservative,3.0,harm
relevance,12,gemma:7b,conservative,3.0,harm
relevance,12,gemma:7b,conservative,3.0,harm
relevance,12,gemma:7b,conservative,3.0,harm
relevance,12,gemma:7b,conservative,3.0,harm
relevance,12,gemma:7b,conservative,3.0,harm
relevance,12,gemma:7b,conservative,3.0,harm
relevance,12,gemma:7b,conservative,3.0,harm
relevance,12,gemma:7b,conservative,3.0,harm
relevance,12,gemma:7b,conservative,3.0,harm
relevance,12,gemma:7b,conservative,3.0,harm
relevance,12,gemma:7b,conservative,3.0,harm
relevance,12,gemma:7b,conservative,3.0,harm
relevance,12,gemma:7b,conservative,3.0,harm
relevance,12,gemma:7b,conservative,3.0,harm
relevance,12,gemma:7b,conservative,3.0,harm
relevance,12,gemma:7b,conservative,3.0,harm
relevance,12,gemma:7b,conservative,3.0,harm
relevance,12,gemma:7b,conservative,3.0,harm
relevance,12,gemma:7b,conservative,3.0,harm
relevance,12,gemma:7b,conservative,3.0,harm
relevance,12,gemma:7b,conservative,3.0,harm
relevance,12,gemma:7b,conservative,3.0,harm
relevance,12,gemma:7b,conservative,3.0,harm
relevance,12,gemma:7b,conservative,3.0,harm
relevance,12,gemma:7b,conservative,3.0,harm
relevance,12,gemma:7b,conservative,3.0,harm
relevance,12,gemma:7b,conservative,3.0,harm
relevance,12,gemma:7b,moderate,3.0,harm
relevance,12,gemma:7b,moderate,3.0,harm
relevance,12,gemma:7b,moderate,3.0,harm
relevance,12,gemma:7b,moderate,3.0,harm
relevance,12,gemma:7b,moderate,3.0,harm
relevance,12,gemma:7b,moderate,3.0,harm
relevance,12,gemma:7b,moderate,3.0,harm
relevance,12,gemma:7b,moderate,3.0,harm
relevance,12,gemma:7b,moderate,3.0,harm
relevance,12,gemma:7b,moderate,3.0,harm
relevance,12,gemma:7b,moderate,3.0,harm
relevance,12,gemma:7b,moderate,3.0,harm
relevance,12,gemma:7b,moderate,3.0,harm
relevance,12,gemma:7b,moderate,3.0,harm
relevance,12,gemma:7b,moderate,3.0,harm
relevance,12,gemma:7b,moderate,3.0,harm
relevance,12,gemma:7b,moderate,3.0,harm
relevance,12,gemma:7b,moderate,3.0,harm
relevance,12,gemma:7b,moderate,3.0,harm
relevance,12,gemma:7b,moderate,3.0,harm
relevance,12,gemma:7b,moderate,3.0,harm
relevance,12,gemma:7b,moderate,3.0,harm
relevance,12,gemma:7b,moderate,3.0,harm
relevance,12,gemma:7b,moderate,3.0,harm
relevance,12,gemma:7b,moderate,3.0,harm
relevance,12,gemma:7b,moderate,3.0,harm
relevance,12,gemma:7b,moderate,3.0,harm
relevance,12,gemma:7b,moderate,3.0,harm
relevance,12,gemma:7b,moderate,3.0,harm
relevance,12,gemma:7b,moderate,3.0,harm
relevance,12,gemma:7b,moderate,3.0,harm
relevance,12,gemma:7b,moderate,3.0,harm
relevance,12,gemma:7b,moderate,3.0,harm
relevance,12,gemma:7b,moderate,3.0,harm
relevance,12,gemma:7b,moderate,3.0,harm
relevance,12,gemma:7b,moderate,3.0,harm
relevance,12,gemma:7b,moderate,3.0,harm
relevance,12,gemma:7b,moderate,3.0,harm
relevance,12,gemma:7b,moderate,3.0,harm
relevance,12,gemma:7b,moderate,3.0,harm
relevance,12,gemma:7b,moderate,3.0,harm
relevance,12,gemma:7b,moderate,3.0,harm
relevance,12,gemma:7b,moderate,3.0,harm
relevance,12,gemma:7b,moderate,3.0,harm
relevance,12,gemma:7b,moderate,3.0,harm
relevance,12,gemma:7b,moderate,3.0,harm
relevance,12,gemma:7b,moderate,3.0,harm
relevance,12,gemma:7b,liberal,3.0,harm
relevance,12,gemma:7b,liberal,3.0,harm
relevance,12,gemma:7b,liberal,3.0,harm
relevance,12,gemma:7b,liberal,3.0,harm
relevance,12,gemma:7b,liberal,3.0,harm
relevance,12,gemma:7b,liberal,3.0,harm
relevance,12,gemma:7b,liberal,3.0,harm
relevance,12,gemma:7b,liberal,3.0,harm
relevance,12,gemma:7b,liberal,3.0,harm
relevance,12,gemma:7b,liberal,3.0,harm
relevance,12,gemma:7b,liberal,3.0,harm
relevance,12,gemma:7b,liberal,3.0,harm
relevance,12,gemma:7b,liberal,3.0,harm
relevance,12,gemma:7b,liberal,3.0,harm
relevance,12,gemma:7b,liberal,3.0,harm
relevance,12,gemma:7b,liberal,3.0,harm
relevance,12,gemma:7b,liberal,3.0,harm
relevance,12,gemma:7b,liberal,3.0,harm
relevance,12,gemma:7b,liberal,3.0,harm
relevance,12,gemma:7b,liberal,3.0,harm
relevance,12,gemma:7b,liberal,3.0,harm
relevance,12,gemma:7b,liberal,3.0,harm
relevance,12,gemma:7b,liberal,3.0,harm
relevance,12,gemma:7b,liberal,3.0,harm
relevance,12,gemma:7b,liberal,3.0,harm
relevance,12,gemma:7b,liberal,3.0,harm
relevance,12,gemma:7b,liberal,3.0,harm
relevance,12,gemma:7b,liberal,3.0,harm
relevance,12,gemma:7b,liberal,3.0,harm
relevance,12,gemma:7b,liberal,3.0,harm
relevance,12,gemma:7b,liberal,3.0,harm
relevance,12,gemma:7b,liberal,3.0,harm
relevance,12,gemma:7b,liberal,3.0,harm
relevance,12,gemma:7b,liberal,3.0,harm
relevance,12,gemma:7b,liberal,3.0,harm
relevance,12,gemma:7b,liberal,3.0,harm
relevance,12,gemma:7b,liberal,3.0,harm
relevance,12,gemma:7b,liberal,3.0,harm
relevance,12,gemma:7b,liberal,3.0,harm
relevance,12,gemma:7b,liberal,3.0,harm
relevance,12,gemma:7b,liberal,3.0,harm
relevance,12,gemma:7b,liberal,3.0,harm
relevance,12,gemma:7b,liberal,3.0,harm
relevance,12,gemma:7b,liberal,3.0,harm
relevance,12,gemma:7b,liberal,3.0,harm
relevance,12,gemma:7b,liberal,3.0,harm
relevance,12,gemma2:27b,conservative,4.0,harm
relevance,12,gemma2:27b,conservative,5.0,harm
relevance,12,gemma2:27b,conservative,5.0,harm
relevance,12,gemma2:27b,conservative,5.0,harm
relevance,12,gemma2:27b,conservative,5.0,harm
relevance,12,gemma2:27b,conservative,5.0,harm
relevance,12,gemma2:27b,conservative,5.0,harm
relevance,12,gemma2:27b,conservative,5.0,harm
relevance,12,gemma2:27b,conservative,5.0,harm
relevance,12,gemma2:27b,conservative,5.0,harm
relevance,12,gemma2:27b,conservative,5.0,harm
relevance,12,gemma2:27b,conservative,5.0,harm
relevance,12,gemma2:27b,conservative,5.0,harm
relevance,12,gemma2:27b,conservative,5.0,harm
relevance,12,gemma2:27b,conservative,4.0,harm
relevance,12,gemma2:27b,conservative,5.0,harm
relevance,12,gemma2:27b,conservative,5.0,harm
relevance,12,gemma2:27b,conservative,4.0,harm
relevance,12,gemma2:27b,conservative,5.0,harm
relevance,12,gemma2:27b,conservative,4.0,harm
relevance,12,gemma2:27b,conservative,5.0,harm
relevance,12,gemma2:27b,conservative,5.0,harm
relevance,12,gemma2:27b,conservative,4.0,harm
relevance,12,gemma2:27b,conservative,5.0,harm
relevance,12,gemma2:27b,conservative,5.0,harm
relevance,12,gemma2:27b,conservative,4.0,harm
relevance,12,gemma2:27b,conservative,5.0,harm
relevance,12,gemma2:27b,conservative,5.0,harm
relevance,12,gemma2:27b,conservative,5.0,harm
relevance,12,gemma2:27b,conservative,4.0,harm
relevance,12,gemma2:27b,conservative,5.0,harm
relevance,12,gemma2:27b,conservative,5.0,harm
relevance,12,gemma2:27b,conservative,5.0,harm
relevance,12,gemma2:27b,conservative,5.0,harm
relevance,12,gemma2:27b,conservative,5.0,harm
relevance,12,gemma2:27b,conservative,5.0,harm
relevance,12,gemma2:27b,conservative,5.0,harm
relevance,12,gemma2:27b,conservative,4.0,harm
relevance,12,gemma2:27b,conservative,5.0,harm
relevance,12,gemma2:27b,conservative,4.0,harm
relevance,12,gemma2:27b,conservative,5.0,harm
relevance,12,gemma2:27b,conservative,5.0,harm
relevance,12,gemma2:27b,conservative,4.0,harm
relevance,12,gemma2:27b,conservative,5.0,harm
relevance,12,gemma2:27b,conservative,5.0,harm
relevance,12,gemma2:27b,conservative,5.0,harm
relevance,12,gemma2:27b,conservative,5.0,harm
relevance,12,gemma2:27b,conservative,5.0,harm
relevance,12,gemma2:27b,conservative,5.0,harm
relevance,12,gemma2:27b,conservative,4.0,harm
relevance,12,gemma2:27b,moderate,4.0,harm
relevance,12,gemma2:27b,moderate,5.0,harm
relevance,12,gemma2:27b,moderate,4.0,harm
relevance,12,gemma2:27b,moderate,5.0,harm
relevance,12,gemma2:27b,moderate,5.0,harm
relevance,12,gemma2:27b,moderate,5.0,harm
relevance,12,gemma2:27b,moderate,5.0,harm
relevance,12,gemma2:27b,moderate,4.0,harm
relevance,12,gemma2:27b,moderate,5.0,harm
relevance,12,gemma2:27b,moderate,5.0,harm
relevance,12,gemma2:27b,moderate,5.0,harm
relevance,12,gemma2:27b,moderate,4.0,harm
relevance,12,gemma2:27b,moderate,5.0,harm
relevance,12,gemma2:27b,moderate,5.0,harm
relevance,12,gemma2:27b,moderate,4.0,harm
relevance,12,gemma2:27b,moderate,5.0,harm
relevance,12,gemma2:27b,moderate,5.0,harm
relevance,12,gemma2:27b,moderate,5.0,harm
relevance,12,gemma2:27b,moderate,4.0,harm
relevance,12,gemma2:27b,moderate,5.0,harm
relevance,12,gemma2:27b,moderate,5.0,harm
relevance,12,gemma2:27b,moderate,4.0,harm
relevance,12,gemma2:27b,moderate,4.0,harm
relevance,12,gemma2:27b,moderate,5.0,harm
relevance,12,gemma2:27b,moderate,4.0,harm
relevance,12,gemma2:27b,moderate,5.0,harm
relevance,12,gemma2:27b,moderate,5.0,harm
relevance,12,gemma2:27b,moderate,5.0,harm
relevance,12,gemma2:27b,moderate,5.0,harm
relevance,12,gemma2:27b,moderate,5.0,harm
relevance,12,gemma2:27b,moderate,4.0,harm
relevance,12,gemma2:27b,moderate,4.0,harm
relevance,12,gemma2:27b,moderate,5.0,harm
relevance,12,gemma2:27b,moderate,4.0,harm
relevance,12,gemma2:27b,moderate,4.0,harm
relevance,12,gemma2:27b,moderate,5.0,harm
relevance,12,gemma2:27b,moderate,4.0,harm
relevance,12,gemma2:27b,moderate,5.0,harm
relevance,12,gemma2:27b,moderate,5.0,harm
relevance,12,gemma2:27b,moderate,5.0,harm
relevance,12,gemma2:27b,moderate,5.0,harm
relevance,12,gemma2:27b,moderate,4.0,harm
relevance,12,gemma2:27b,moderate,5.0,harm
relevance,12,gemma2:27b,moderate,4.0,harm
relevance,12,gemma2:27b,moderate,5.0,harm
relevance,12,gemma2:27b,moderate,5.0,harm
relevance,12,gemma2:27b,moderate,5.0,harm
relevance,12,gemma2:27b,moderate,5.0,harm
relevance,12,gemma2:27b,moderate,5.0,harm
relevance,12,gemma2:27b,moderate,5.0,harm
relevance,12,gemma2:27b,liberal,5.0,harm
relevance,12,gemma2:27b,liberal,5.0,harm
relevance,12,gemma2:27b,liberal,5.0,harm
relevance,12,gemma2:27b,liberal,5.0,harm
relevance,12,gemma2:27b,liberal,5.0,harm
relevance,12,gemma2:27b,liberal,5.0,harm
relevance,12,gemma2:27b,liberal,5.0,harm
relevance,12,gemma2:27b,liberal,5.0,harm
relevance,12,gemma2:27b,liberal,5.0,harm
relevance,12,gemma2:27b,liberal,5.0,harm
relevance,12,gemma2:27b,liberal,5.0,harm
relevance,12,gemma2:27b,liberal,5.0,harm
relevance,12,gemma2:27b,liberal,5.0,harm
relevance,12,gemma2:27b,liberal,5.0,harm
relevance,12,gemma2:27b,liberal,5.0,harm
relevance,12,gemma2:27b,liberal,5.0,harm
relevance,12,gemma2:27b,liberal,5.0,harm
relevance,12,gemma2:27b,liberal,5.0,harm
relevance,12,gemma2:27b,liberal,5.0,harm
relevance,12,gemma2:27b,liberal,5.0,harm
relevance,12,gemma2:27b,liberal,5.0,harm
relevance,12,gemma2:27b,liberal,5.0,harm
relevance,12,gemma2:27b,liberal,5.0,harm
relevance,12,gemma2:27b,liberal,5.0,harm
relevance,12,gemma2:27b,liberal,5.0,harm
relevance,12,gemma2:27b,liberal,5.0,harm
relevance,12,gemma2:27b,liberal,5.0,harm
relevance,12,gemma2:27b,liberal,5.0,harm
relevance,12,gemma2:27b,liberal,5.0,harm
relevance,12,gemma2:27b,liberal,5.0,harm
relevance,12,gemma2:27b,liberal,5.0,harm
relevance,12,gemma2:27b,liberal,5.0,harm
relevance,12,gemma2:27b,liberal,5.0,harm
relevance,12,gemma2:27b,liberal,5.0,harm
relevance,12,gemma2:27b,liberal,5.0,harm
relevance,12,gemma2:27b,liberal,5.0,harm
relevance,12,gemma2:27b,liberal,5.0,harm
relevance,12,gemma2:27b,liberal,5.0,harm
relevance,12,gemma2:27b,liberal,5.0,harm
relevance,12,gemma2:27b,liberal,5.0,harm
relevance,12,gemma2:27b,liberal,5.0,harm
relevance,12,gemma2:27b,liberal,5.0,harm
relevance,12,gemma2:27b,liberal,5.0,harm
relevance,12,gemma2:27b,liberal,5.0,harm
relevance,12,gemma2:27b,liberal,5.0,harm
relevance,12,gemma2:27b,liberal,5.0,harm
relevance,12,gemma2:27b,liberal,5.0,harm
relevance,12,gemma2:27b,liberal,5.0,harm
relevance,12,gemma2:27b,liberal,5.0,harm
relevance,12,gemma2:27b,liberal,5.0,harm
relevance,12,qwen:72b,conservative,4.0,harm
relevance,12,qwen:72b,conservative,4.0,harm
relevance,12,qwen:72b,conservative,4.0,harm
relevance,12,qwen:72b,conservative,4.0,harm
relevance,12,qwen:72b,conservative,5.0,harm
relevance,12,qwen:72b,conservative,5.0,harm
relevance,12,qwen:72b,conservative,4.0,harm
relevance,12,qwen:72b,conservative,4.0,harm
relevance,12,qwen:72b,conservative,4.0,harm
relevance,12,qwen:72b,conservative,5.0,harm
relevance,12,qwen:72b,conservative,5.0,harm
relevance,12,qwen:72b,conservative,4.0,harm
relevance,12,qwen:72b,conservative,4.0,harm
relevance,12,qwen:72b,conservative,4.0,harm
relevance,12,qwen:72b,conservative,4.0,harm
relevance,12,qwen:72b,conservative,4.0,harm
relevance,12,qwen:72b,conservative,5.0,harm
relevance,12,qwen:72b,conservative,4.0,harm
relevance,12,qwen:72b,conservative,4.0,harm
relevance,12,qwen:72b,conservative,4.0,harm
relevance,12,qwen:72b,conservative,4.0,harm
relevance,12,qwen:72b,conservative,4.0,harm
relevance,12,qwen:72b,conservative,4.0,harm
relevance,12,qwen:72b,conservative,5.0,harm
relevance,12,qwen:72b,conservative,5.0,harm
relevance,12,qwen:72b,conservative,4.0,harm
relevance,12,qwen:72b,conservative,4.0,harm
relevance,12,qwen:72b,conservative,4.0,harm
relevance,12,qwen:72b,conservative,4.0,harm
relevance,12,qwen:72b,conservative,5.0,harm
relevance,12,qwen:72b,conservative,4.0,harm
relevance,12,qwen:72b,conservative,4.0,harm
relevance,12,qwen:72b,conservative,4.0,harm
relevance,12,qwen:72b,conservative,4.0,harm
relevance,12,qwen:72b,conservative,5.0,harm
relevance,12,qwen:72b,conservative,4.0,harm
relevance,12,qwen:72b,conservative,4.0,harm
relevance,12,qwen:72b,conservative,4.0,harm
relevance,12,qwen:72b,conservative,4.0,harm
relevance,12,qwen:72b,conservative,4.0,harm
relevance,12,qwen:72b,conservative,4.0,harm
relevance,12,qwen:72b,conservative,4.0,harm
relevance,12,qwen:72b,conservative,5.0,harm
relevance,12,qwen:72b,conservative,4.0,harm
relevance,12,qwen:72b,conservative,5.0,harm
relevance,12,qwen:72b,conservative,4.0,harm
relevance,12,qwen:72b,conservative,4.0,harm
relevance,12,qwen:72b,conservative,4.0,harm
relevance,12,qwen:72b,conservative,4.0,harm
relevance,12,qwen:72b,conservative,5.0,harm
relevance,12,qwen:72b,moderate,5.0,harm
relevance,12,qwen:72b,moderate,5.0,harm
relevance,12,qwen:72b,moderate,4.0,harm
relevance,12,qwen:72b,moderate,4.0,harm
relevance,12,qwen:72b,moderate,4.0,harm
relevance,12,qwen:72b,moderate,5.0,harm
relevance,12,qwen:72b,moderate,5.0,harm
relevance,12,qwen:72b,moderate,5.0,harm
relevance,12,qwen:72b,moderate,5.0,harm
relevance,12,qwen:72b,moderate,4.0,harm
relevance,12,qwen:72b,moderate,4.0,harm
relevance,12,qwen:72b,moderate,5.0,harm
relevance,12,qwen:72b,moderate,5.0,harm
relevance,12,qwen:72b,moderate,4.0,harm
relevance,12,qwen:72b,moderate,5.0,harm
relevance,12,qwen:72b,moderate,5.0,harm
relevance,12,qwen:72b,moderate,5.0,harm
relevance,12,qwen:72b,moderate,4.0,harm
relevance,12,qwen:72b,moderate,4.0,harm
relevance,12,qwen:72b,moderate,4.0,harm
relevance,12,qwen:72b,moderate,4.0,harm
relevance,12,qwen:72b,moderate,4.0,harm
relevance,12,qwen:72b,moderate,4.0,harm
relevance,12,qwen:72b,moderate,4.0,harm
relevance,12,qwen:72b,moderate,5.0,harm
relevance,12,qwen:72b,moderate,5.0,harm
relevance,12,qwen:72b,moderate,4.0,harm
relevance,12,qwen:72b,moderate,4.0,harm
relevance,12,qwen:72b,moderate,4.0,harm
relevance,12,qwen:72b,moderate,5.0,harm
relevance,12,qwen:72b,moderate,5.0,harm
relevance,12,qwen:72b,moderate,4.0,harm
relevance,12,qwen:72b,moderate,5.0,harm
relevance,12,qwen:72b,moderate,4.0,harm
relevance,12,qwen:72b,moderate,4.0,harm
relevance,12,qwen:72b,moderate,4.0,harm
relevance,12,qwen:72b,moderate,4.0,harm
relevance,12,qwen:72b,moderate,4.0,harm
relevance,12,qwen:72b,moderate,5.0,harm
relevance,12,qwen:72b,moderate,5.0,harm
relevance,12,qwen:72b,moderate,5.0,harm
relevance,12,qwen:72b,moderate,4.0,harm
relevance,12,qwen:72b,moderate,4.0,harm
relevance,12,qwen:72b,moderate,5.0,harm
relevance,12,qwen:72b,moderate,4.0,harm
relevance,12,qwen:72b,moderate,5.0,harm
relevance,12,qwen:72b,moderate,4.0,harm
relevance,12,qwen:72b,moderate,5.0,harm
relevance,12,qwen:72b,moderate,5.0,harm
relevance,12,qwen:72b,moderate,5.0,harm
relevance,12,qwen:72b,liberal,4.0,harm
relevance,12,qwen:72b,liberal,4.0,harm
relevance,12,qwen:72b,liberal,5.0,harm
relevance,12,qwen:72b,liberal,5.0,harm
relevance,12,qwen:72b,liberal,5.0,harm
relevance,12,qwen:72b,liberal,5.0,harm
relevance,12,qwen:72b,liberal,5.0,harm
relevance,12,qwen:72b,liberal,5.0,harm
relevance,12,qwen:72b,liberal,5.0,harm
relevance,12,qwen:72b,liberal,5.0,harm
relevance,12,qwen:72b,liberal,5.0,harm
relevance,12,qwen:72b,liberal,5.0,harm
relevance,12,qwen:72b,liberal,5.0,harm
relevance,12,qwen:72b,liberal,5.0,harm
relevance,12,qwen:72b,liberal,5.0,harm
relevance,12,qwen:72b,liberal,5.0,harm
relevance,12,qwen:72b,liberal,5.0,harm
relevance,12,qwen:72b,liberal,5.0,harm
relevance,12,qwen:72b,liberal,5.0,harm
relevance,12,qwen:72b,liberal,4.0,harm
relevance,12,qwen:72b,liberal,5.0,harm
relevance,12,qwen:72b,liberal,4.0,harm
relevance,12,qwen:72b,liberal,4.0,harm
relevance,12,qwen:72b,liberal,5.0,harm
relevance,12,qwen:72b,liberal,4.0,harm
relevance,12,qwen:72b,liberal,5.0,harm
relevance,12,qwen:72b,liberal,5.0,harm
relevance,12,qwen:72b,liberal,5.0,harm
relevance,12,qwen:72b,liberal,5.0,harm
relevance,12,qwen:72b,liberal,5.0,harm
relevance,12,qwen:72b,liberal,5.0,harm
relevance,12,qwen:72b,liberal,5.0,harm
relevance,12,qwen:72b,liberal,5.0,harm
relevance,12,qwen:72b,liberal,4.0,harm
relevance,12,qwen:72b,liberal,5.0,harm
relevance,12,qwen:72b,liberal,5.0,harm
relevance,12,qwen:72b,liberal,5.0,harm
relevance,12,qwen:72b,liberal,4.0,harm
relevance,12,qwen:72b,liberal,5.0,harm
relevance,12,qwen:72b,liberal,5.0,harm
relevance,12,qwen:72b,liberal,4.0,harm
relevance,12,qwen:72b,liberal,5.0,harm
relevance,12,qwen:72b,liberal,4.0,harm
relevance,12,qwen:72b,liberal,5.0,harm
relevance,12,qwen:72b,liberal,5.0,harm
relevance,12,qwen:72b,liberal,4.0,harm
relevance,12,qwen:72b,liberal,4.0,harm
relevance,12,qwen:72b,liberal,5.0,harm
relevance,12,qwen:72b,liberal,5.0,harm
relevance,12,qwen:72b,liberal,4.0,harm
relevance,12,qwen2:72b,conservative,5.0,harm
relevance,12,qwen2:72b,conservative,5.0,harm
relevance,12,qwen2:72b,conservative,5.0,harm
relevance,12,qwen2:72b,conservative,5.0,harm
relevance,12,qwen2:72b,conservative,5.0,harm
relevance,12,qwen2:72b,conservative,5.0,harm
relevance,12,qwen2:72b,conservative,5.0,harm
relevance,12,qwen2:72b,conservative,5.0,harm
relevance,12,qwen2:72b,conservative,5.0,harm
relevance,12,qwen2:72b,conservative,5.0,harm
relevance,12,qwen2:72b,conservative,5.0,harm
relevance,12,qwen2:72b,conservative,5.0,harm
relevance,12,qwen2:72b,conservative,5.0,harm
relevance,12,qwen2:72b,conservative,5.0,harm
relevance,12,qwen2:72b,conservative,5.0,harm
relevance,12,qwen2:72b,conservative,5.0,harm
relevance,12,qwen2:72b,conservative,5.0,harm
relevance,12,qwen2:72b,conservative,5.0,harm
relevance,12,qwen2:72b,conservative,5.0,harm
relevance,12,qwen2:72b,conservative,5.0,harm
relevance,12,qwen2:72b,conservative,5.0,harm
relevance,12,qwen2:72b,conservative,5.0,harm
relevance,12,qwen2:72b,conservative,5.0,harm
relevance,12,qwen2:72b,conservative,5.0,harm
relevance,12,qwen2:72b,conservative,5.0,harm
relevance,12,qwen2:72b,conservative,5.0,harm
relevance,12,qwen2:72b,conservative,5.0,harm
relevance,12,qwen2:72b,conservative,5.0,harm
relevance,12,qwen2:72b,conservative,5.0,harm
relevance,12,qwen2:72b,conservative,5.0,harm
relevance,12,qwen2:72b,conservative,5.0,harm
relevance,12,qwen2:72b,conservative,5.0,harm
relevance,12,qwen2:72b,conservative,5.0,harm
relevance,12,qwen2:72b,conservative,5.0,harm
relevance,12,qwen2:72b,conservative,5.0,harm
relevance,12,qwen2:72b,conservative,5.0,harm
relevance,12,qwen2:72b,conservative,5.0,harm
relevance,12,qwen2:72b,conservative,5.0,harm
relevance,12,qwen2:72b,conservative,5.0,harm
relevance,12,qwen2:72b,conservative,5.0,harm
relevance,12,qwen2:72b,conservative,5.0,harm
relevance,12,qwen2:72b,conservative,5.0,harm
relevance,12,qwen2:72b,conservative,5.0,harm
relevance,12,qwen2:72b,conservative,5.0,harm
relevance,12,qwen2:72b,conservative,5.0,harm
relevance,12,qwen2:72b,conservative,5.0,harm
relevance,12,qwen2:72b,conservative,5.0,harm
relevance,12,qwen2:72b,conservative,5.0,harm
relevance,12,qwen2:72b,conservative,5.0,harm
relevance,12,qwen2:72b,conservative,5.0,harm
relevance,12,qwen2:72b,moderate,5.0,harm
relevance,12,qwen2:72b,moderate,5.0,harm
relevance,12,qwen2:72b,moderate,5.0,harm
relevance,12,qwen2:72b,moderate,5.0,harm
relevance,12,qwen2:72b,moderate,5.0,harm
relevance,12,qwen2:72b,moderate,5.0,harm
relevance,12,qwen2:72b,moderate,5.0,harm
relevance,12,qwen2:72b,moderate,5.0,harm
relevance,12,qwen2:72b,moderate,5.0,harm
relevance,12,qwen2:72b,moderate,5.0,harm
relevance,12,qwen2:72b,moderate,5.0,harm
relevance,12,qwen2:72b,moderate,5.0,harm
relevance,12,qwen2:72b,moderate,5.0,harm
relevance,12,qwen2:72b,moderate,5.0,harm
relevance,12,qwen2:72b,moderate,5.0,harm
relevance,12,qwen2:72b,moderate,5.0,harm
relevance,12,qwen2:72b,moderate,5.0,harm
relevance,12,qwen2:72b,moderate,5.0,harm
relevance,12,qwen2:72b,moderate,5.0,harm
relevance,12,qwen2:72b,moderate,5.0,harm
relevance,12,qwen2:72b,moderate,5.0,harm
relevance,12,qwen2:72b,moderate,5.0,harm
relevance,12,qwen2:72b,moderate,5.0,harm
relevance,12,qwen2:72b,moderate,5.0,harm
relevance,12,qwen2:72b,moderate,5.0,harm
relevance,12,qwen2:72b,moderate,5.0,harm
relevance,12,qwen2:72b,moderate,5.0,harm
relevance,12,qwen2:72b,moderate,5.0,harm
relevance,12,qwen2:72b,moderate,5.0,harm
relevance,12,qwen2:72b,moderate,5.0,harm
relevance,12,qwen2:72b,moderate,5.0,harm
relevance,12,qwen2:72b,moderate,5.0,harm
relevance,12,qwen2:72b,moderate,5.0,harm
relevance,12,qwen2:72b,moderate,5.0,harm
relevance,12,qwen2:72b,moderate,5.0,harm
relevance,12,qwen2:72b,moderate,5.0,harm
relevance,12,qwen2:72b,moderate,5.0,harm
relevance,12,qwen2:72b,moderate,5.0,harm
relevance,12,qwen2:72b,moderate,5.0,harm
relevance,12,qwen2:72b,moderate,5.0,harm
relevance,12,qwen2:72b,moderate,5.0,harm
relevance,12,qwen2:72b,moderate,5.0,harm
relevance,12,qwen2:72b,moderate,5.0,harm
relevance,12,qwen2:72b,moderate,5.0,harm
relevance,12,qwen2:72b,moderate,5.0,harm
relevance,12,qwen2:72b,moderate,5.0,harm
relevance,12,qwen2:72b,moderate,5.0,harm
relevance,12,qwen2:72b,moderate,5.0,harm
relevance,12,qwen2:72b,moderate,5.0,harm
relevance,12,qwen2:72b,moderate,5.0,harm
relevance,12,qwen2:72b,liberal,5.0,harm
relevance,12,qwen2:72b,liberal,5.0,harm
relevance,12,qwen2:72b,liberal,5.0,harm
relevance,12,qwen2:72b,liberal,5.0,harm
relevance,12,qwen2:72b,liberal,5.0,harm
relevance,12,qwen2:72b,liberal,5.0,harm
relevance,12,qwen2:72b,liberal,5.0,harm
relevance,12,qwen2:72b,liberal,5.0,harm
relevance,12,qwen2:72b,liberal,5.0,harm
relevance,12,qwen2:72b,liberal,5.0,harm
relevance,12,qwen2:72b,liberal,5.0,harm
relevance,12,qwen2:72b,liberal,5.0,harm
relevance,12,qwen2:72b,liberal,5.0,harm
relevance,12,qwen2:72b,liberal,5.0,harm
relevance,12,qwen2:72b,liberal,5.0,harm
relevance,12,qwen2:72b,liberal,5.0,harm
relevance,12,qwen2:72b,liberal,5.0,harm
relevance,12,qwen2:72b,liberal,5.0,harm
relevance,12,qwen2:72b,liberal,5.0,harm
relevance,12,qwen2:72b,liberal,5.0,harm
relevance,12,qwen2:72b,liberal,5.0,harm
relevance,12,qwen2:72b,liberal,5.0,harm
relevance,12,qwen2:72b,liberal,5.0,harm
relevance,12,qwen2:72b,liberal,5.0,harm
relevance,12,qwen2:72b,liberal,5.0,harm
relevance,12,qwen2:72b,liberal,5.0,harm
relevance,12,qwen2:72b,liberal,5.0,harm
relevance,12,qwen2:72b,liberal,5.0,harm
relevance,12,qwen2:72b,liberal,5.0,harm
relevance,12,qwen2:72b,liberal,5.0,harm
relevance,12,qwen2:72b,liberal,5.0,harm
relevance,12,qwen2:72b,liberal,5.0,harm
relevance,12,qwen2:72b,liberal,5.0,harm
relevance,12,qwen2:72b,liberal,5.0,harm
relevance,12,qwen2:72b,liberal,5.0,harm
relevance,12,qwen2:72b,liberal,5.0,harm
relevance,12,qwen2:72b,liberal,5.0,harm
relevance,12,qwen2:72b,liberal,5.0,harm
relevance,12,qwen2:72b,liberal,5.0,harm
relevance,12,qwen2:72b,liberal,5.0,harm
relevance,12,qwen2:72b,liberal,5.0,harm
relevance,12,qwen2:72b,liberal,5.0,harm
relevance,12,qwen2:72b,liberal,5.0,harm
relevance,12,qwen2:72b,liberal,5.0,harm
relevance,12,qwen2:72b,liberal,5.0,harm
relevance,12,qwen2:72b,liberal,5.0,harm
relevance,12,qwen2:72b,liberal,5.0,harm
relevance,12,qwen2:72b,liberal,5.0,harm
relevance,12,qwen2:72b,liberal,5.0,harm
relevance,12,qwen2:72b,liberal,5.0,harm
relevance,13,llama3.1:8b,conservative,5.0,fairness
relevance,13,llama3.1:8b,conservative,5.0,fairness
relevance,13,llama3.1:8b,conservative,4.0,fairness
relevance,13,llama3.1:8b,conservative,4.0,fairness
relevance,13,llama3.1:8b,conservative,4.0,fairness
relevance,13,llama3.1:8b,conservative,4.0,fairness
relevance,13,llama3.1:8b,conservative,4.0,fairness
relevance,13,llama3.1:8b,conservative,5.0,fairness
relevance,13,llama3.1:8b,conservative,4.0,fairness
relevance,13,llama3.1:8b,conservative,5.0,fairness
relevance,13,llama3.1:8b,conservative,4.0,fairness
relevance,13,llama3.1:8b,conservative,4.0,fairness
relevance,13,llama3.1:8b,conservative,5.0,fairness
relevance,13,llama3.1:8b,conservative,5.0,fairness
relevance,13,llama3.1:8b,conservative,4.0,fairness
relevance,13,llama3.1:8b,conservative,5.0,fairness
relevance,13,llama3.1:8b,conservative,5.0,fairness
relevance,13,llama3.1:8b,conservative,4.0,fairness
relevance,13,llama3.1:8b,conservative,5.0,fairness
relevance,13,llama3.1:8b,conservative,5.0,fairness
relevance,13,llama3.1:8b,conservative,5.0,fairness
relevance,13,llama3.1:8b,conservative,5.0,fairness
relevance,13,llama3.1:8b,conservative,5.0,fairness
relevance,13,llama3.1:8b,conservative,4.0,fairness
relevance,13,llama3.1:8b,conservative,4.0,fairness
relevance,13,llama3.1:8b,conservative,4.0,fairness
relevance,13,llama3.1:8b,conservative,5.0,fairness
relevance,13,llama3.1:8b,conservative,5.0,fairness
relevance,13,llama3.1:8b,conservative,5.0,fairness
relevance,13,llama3.1:8b,conservative,5.0,fairness
relevance,13,llama3.1:8b,conservative,5.0,fairness
relevance,13,llama3.1:8b,conservative,5.0,fairness
relevance,13,llama3.1:8b,conservative,4.0,fairness
relevance,13,llama3.1:8b,conservative,5.0,fairness
relevance,13,llama3.1:8b,conservative,5.0,fairness
relevance,13,llama3.1:8b,conservative,5.0,fairness
relevance,13,llama3.1:8b,conservative,5.0,fairness
relevance,13,llama3.1:8b,conservative,5.0,fairness
relevance,13,llama3.1:8b,conservative,4.0,fairness
relevance,13,llama3.1:8b,conservative,4.0,fairness
relevance,13,llama3.1:8b,conservative,4.0,fairness
relevance,13,llama3.1:8b,conservative,5.0,fairness
relevance,13,llama3.1:8b,conservative,4.0,fairness
relevance,13,llama3.1:8b,conservative,5.0,fairness
relevance,13,llama3.1:8b,conservative,5.0,fairness
relevance,13,llama3.1:8b,conservative,4.0,fairness
relevance,13,llama3.1:8b,conservative,5.0,fairness
relevance,13,llama3.1:8b,conservative,4.0,fairness
relevance,13,llama3.1:8b,conservative,5.0,fairness
relevance,13,llama3.1:8b,conservative,5.0,fairness
relevance,13,llama3.1:8b,moderate,4.0,fairness
relevance,13,llama3.1:8b,moderate,4.0,fairness
relevance,13,llama3.1:8b,moderate,4.0,fairness
relevance,13,llama3.1:8b,moderate,4.0,fairness
relevance,13,llama3.1:8b,moderate,5.0,fairness
relevance,13,llama3.1:8b,moderate,4.0,fairness
relevance,13,llama3.1:8b,moderate,4.0,fairness
relevance,13,llama3.1:8b,moderate,4.0,fairness
relevance,13,llama3.1:8b,moderate,4.0,fairness
relevance,13,llama3.1:8b,moderate,4.0,fairness
relevance,13,llama3.1:8b,moderate,4.0,fairness
relevance,13,llama3.1:8b,moderate,4.0,fairness
relevance,13,llama3.1:8b,moderate,4.0,fairness
relevance,13,llama3.1:8b,moderate,4.0,fairness
relevance,13,llama3.1:8b,moderate,4.0,fairness
relevance,13,llama3.1:8b,moderate,5.0,fairness
relevance,13,llama3.1:8b,moderate,5.0,fairness
relevance,13,llama3.1:8b,moderate,4.0,fairness
relevance,13,llama3.1:8b,moderate,5.0,fairness
relevance,13,llama3.1:8b,moderate,4.0,fairness
relevance,13,llama3.1:8b,moderate,4.0,fairness
relevance,13,llama3.1:8b,moderate,5.0,fairness
relevance,13,llama3.1:8b,moderate,5.0,fairness
relevance,13,llama3.1:8b,moderate,4.0,fairness
relevance,13,llama3.1:8b,moderate,5.0,fairness
relevance,13,llama3.1:8b,moderate,4.0,fairness
relevance,13,llama3.1:8b,moderate,4.0,fairness
relevance,13,llama3.1:8b,moderate,4.0,fairness
relevance,13,llama3.1:8b,moderate,5.0,fairness
relevance,13,llama3.1:8b,moderate,5.0,fairness
relevance,13,llama3.1:8b,moderate,4.0,fairness
relevance,13,llama3.1:8b,moderate,4.0,fairness
relevance,13,llama3.1:8b,moderate,4.0,fairness
relevance,13,llama3.1:8b,moderate,5.0,fairness
relevance,13,llama3.1:8b,moderate,4.0,fairness
relevance,13,llama3.1:8b,moderate,5.0,fairness
relevance,13,llama3.1:8b,moderate,5.0,fairness
relevance,13,llama3.1:8b,moderate,4.0,fairness
relevance,13,llama3.1:8b,moderate,5.0,fairness
relevance,13,llama3.1:8b,moderate,4.0,fairness
relevance,13,llama3.1:8b,moderate,4.0,fairness
relevance,13,llama3.1:8b,moderate,4.0,fairness
relevance,13,llama3.1:8b,moderate,4.0,fairness
relevance,13,llama3.1:8b,moderate,5.0,fairness
relevance,13,llama3.1:8b,moderate,4.0,fairness
relevance,13,llama3.1:8b,moderate,5.0,fairness
relevance,13,llama3.1:8b,moderate,4.0,fairness
relevance,13,llama3.1:8b,moderate,5.0,fairness
relevance,13,llama3.1:8b,moderate,5.0,fairness
relevance,13,llama3.1:8b,moderate,5.0,fairness
relevance,13,llama3.1:8b,liberal,5.0,fairness
relevance,13,llama3.1:8b,liberal,5.0,fairness
relevance,13,llama3.1:8b,liberal,5.0,fairness
relevance,13,llama3.1:8b,liberal,4.0,fairness
relevance,13,llama3.1:8b,liberal,5.0,fairness
relevance,13,llama3.1:8b,liberal,5.0,fairness
relevance,13,llama3.1:8b,liberal,5.0,fairness
relevance,13,llama3.1:8b,liberal,5.0,fairness
relevance,13,llama3.1:8b,liberal,5.0,fairness
relevance,13,llama3.1:8b,liberal,5.0,fairness
relevance,13,llama3.1:8b,liberal,5.0,fairness
relevance,13,llama3.1:8b,liberal,4.0,fairness
relevance,13,llama3.1:8b,liberal,5.0,fairness
relevance,13,llama3.1:8b,liberal,5.0,fairness
relevance,13,llama3.1:8b,liberal,5.0,fairness
relevance,13,llama3.1:8b,liberal,4.0,fairness
relevance,13,llama3.1:8b,liberal,4.0,fairness
relevance,13,llama3.1:8b,liberal,5.0,fairness
relevance,13,llama3.1:8b,liberal,5.0,fairness
relevance,13,llama3.1:8b,liberal,4.0,fairness
relevance,13,llama3.1:8b,liberal,5.0,fairness
relevance,13,llama3.1:8b,liberal,4.0,fairness
relevance,13,llama3.1:8b,liberal,5.0,fairness
relevance,13,llama3.1:8b,liberal,5.0,fairness
relevance,13,llama3.1:8b,liberal,4.0,fairness
relevance,13,llama3.1:8b,liberal,4.0,fairness
relevance,13,llama3.1:8b,liberal,4.0,fairness
relevance,13,llama3.1:8b,liberal,5.0,fairness
relevance,13,llama3.1:8b,liberal,5.0,fairness
relevance,13,llama3.1:8b,liberal,5.0,fairness
relevance,13,llama3.1:8b,liberal,4.0,fairness
relevance,13,llama3.1:8b,liberal,4.0,fairness
relevance,13,llama3.1:8b,liberal,5.0,fairness
relevance,13,llama3.1:8b,liberal,5.0,fairness
relevance,13,llama3.1:8b,liberal,5.0,fairness
relevance,13,llama3.1:8b,liberal,5.0,fairness
relevance,13,llama3.1:8b,liberal,4.0,fairness
relevance,13,llama3.1:8b,liberal,5.0,fairness
relevance,13,llama3.1:8b,liberal,5.0,fairness
relevance,13,llama3.1:8b,liberal,4.0,fairness
relevance,13,llama3.1:8b,liberal,5.0,fairness
relevance,13,llama3.1:8b,liberal,5.0,fairness
relevance,13,llama3.1:8b,liberal,4.0,fairness
relevance,13,llama3.1:8b,liberal,5.0,fairness
relevance,13,llama3.1:8b,liberal,5.0,fairness
relevance,13,llama3.1:8b,liberal,5.0,fairness
relevance,13,llama3.1:8b,liberal,5.0,fairness
relevance,13,llama3.1:8b,liberal,5.0,fairness
relevance,13,llama3.1:8b,liberal,4.0,fairness
relevance,13,llama3.1:8b,liberal,5.0,fairness
relevance,13,llama2:70b,conservative,4.0,fairness
relevance,13,llama2:70b,conservative,4.0,fairness
relevance,13,llama2:70b,conservative,4.0,fairness
relevance,13,llama2:70b,conservative,3.0,fairness
relevance,13,llama2:70b,conservative,4.0,fairness
relevance,13,llama2:70b,conservative,3.0,fairness
relevance,13,llama2:70b,conservative,3.0,fairness
relevance,13,llama2:70b,conservative,3.0,fairness
relevance,13,llama2:70b,conservative,4.0,fairness
relevance,13,llama2:70b,conservative,3.0,fairness
relevance,13,llama2:70b,conservative,4.0,fairness
relevance,13,llama2:70b,conservative,4.0,fairness
relevance,13,llama2:70b,conservative,3.0,fairness
relevance,13,llama2:70b,conservative,5.0,fairness
relevance,13,llama2:70b,conservative,4.0,fairness
relevance,13,llama2:70b,conservative,3.0,fairness
relevance,13,llama2:70b,conservative,4.0,fairness
relevance,13,llama2:70b,conservative,5.0,fairness
relevance,13,llama2:70b,conservative,3.0,fairness
relevance,13,llama2:70b,conservative,4.0,fairness
relevance,13,llama2:70b,conservative,4.0,fairness
relevance,13,llama2:70b,conservative,3.0,fairness
relevance,13,llama2:70b,conservative,4.0,fairness
relevance,13,llama2:70b,conservative,3.0,fairness
relevance,13,llama2:70b,conservative,4.0,fairness
relevance,13,llama2:70b,conservative,3.0,fairness
relevance,13,llama2:70b,conservative,3.0,fairness
relevance,13,llama2:70b,conservative,4.0,fairness
relevance,13,llama2:70b,conservative,3.0,fairness
relevance,13,llama2:70b,conservative,4.0,fairness
relevance,13,llama2:70b,conservative,4.0,fairness
relevance,13,llama2:70b,conservative,4.0,fairness
relevance,13,llama2:70b,conservative,4.0,fairness
relevance,13,llama2:70b,conservative,4.0,fairness
relevance,13,llama2:70b,conservative,5.0,fairness
relevance,13,llama2:70b,conservative,4.0,fairness
relevance,13,llama2:70b,conservative,3.0,fairness
relevance,13,llama2:70b,conservative,4.0,fairness
relevance,13,llama2:70b,conservative,4.0,fairness
relevance,13,llama2:70b,conservative,4.0,fairness
relevance,13,llama2:70b,conservative,4.0,fairness
relevance,13,llama2:70b,conservative,4.0,fairness
relevance,13,llama2:70b,conservative,3.0,fairness
relevance,13,llama2:70b,conservative,4.0,fairness
relevance,13,llama2:70b,conservative,3.0,fairness
relevance,13,llama2:70b,conservative,4.0,fairness
relevance,13,llama2:70b,conservative,4.0,fairness
relevance,13,llama2:70b,conservative,3.0,fairness
relevance,13,llama2:70b,conservative,3.0,fairness
relevance,13,llama2:70b,moderate,3.0,fairness
relevance,13,llama2:70b,moderate,3.0,fairness
relevance,13,llama2:70b,moderate,3.0,fairness
relevance,13,llama2:70b,moderate,3.0,fairness
relevance,13,llama2:70b,moderate,3.0,fairness
relevance,13,llama2:70b,moderate,3.0,fairness
relevance,13,llama2:70b,moderate,4.0,fairness
relevance,13,llama2:70b,moderate,4.0,fairness
relevance,13,llama2:70b,moderate,3.0,fairness
relevance,13,llama2:70b,moderate,3.0,fairness
relevance,13,llama2:70b,moderate,3.0,fairness
relevance,13,llama2:70b,moderate,3.0,fairness
relevance,13,llama2:70b,moderate,3.0,fairness
relevance,13,llama2:70b,moderate,3.0,fairness
relevance,13,llama2:70b,moderate,4.0,fairness
relevance,13,llama2:70b,moderate,4.0,fairness
relevance,13,llama2:70b,moderate,4.0,fairness
relevance,13,llama2:70b,moderate,3.0,fairness
relevance,13,llama2:70b,moderate,4.0,fairness
relevance,13,llama2:70b,moderate,3.0,fairness
relevance,13,llama2:70b,moderate,3.0,fairness
relevance,13,llama2:70b,moderate,3.0,fairness
relevance,13,llama2:70b,moderate,4.0,fairness
relevance,13,llama2:70b,moderate,3.0,fairness
relevance,13,llama2:70b,moderate,4.0,fairness
relevance,13,llama2:70b,moderate,3.0,fairness
relevance,13,llama2:70b,moderate,3.0,fairness
relevance,13,llama2:70b,moderate,4.0,fairness
relevance,13,llama2:70b,moderate,3.0,fairness
relevance,13,llama2:70b,moderate,3.0,fairness
relevance,13,llama2:70b,moderate,3.0,fairness
relevance,13,llama2:70b,moderate,3.0,fairness
relevance,13,llama2:70b,moderate,3.0,fairness
relevance,13,llama2:70b,moderate,4.0,fairness
relevance,13,llama2:70b,moderate,3.0,fairness
relevance,13,llama2:70b,moderate,3.0,fairness
relevance,13,llama2:70b,moderate,4.0,fairness
relevance,13,llama2:70b,moderate,3.0,fairness
relevance,13,llama2:70b,moderate,3.0,fairness
relevance,13,llama2:70b,moderate,4.0,fairness
relevance,13,llama2:70b,moderate,4.0,fairness
relevance,13,llama2:70b,moderate,4.0,fairness
relevance,13,llama2:70b,moderate,4.0,fairness
relevance,13,llama2:70b,moderate,3.0,fairness
relevance,13,llama2:70b,moderate,3.0,fairness
relevance,13,llama2:70b,moderate,4.0,fairness
relevance,13,llama2:70b,moderate,4.0,fairness
relevance,13,llama2:70b,moderate,3.0,fairness
relevance,13,llama2:70b,moderate,3.0,fairness
relevance,13,llama2:70b,moderate,3.0,fairness
relevance,13,llama2:70b,liberal,4.0,fairness
relevance,13,llama2:70b,liberal,4.0,fairness
relevance,13,llama2:70b,liberal,4.0,fairness
relevance,13,llama2:70b,liberal,4.0,fairness
relevance,13,llama2:70b,liberal,4.0,fairness
relevance,13,llama2:70b,liberal,4.0,fairness
relevance,13,llama2:70b,liberal,4.0,fairness
relevance,13,llama2:70b,liberal,4.0,fairness
relevance,13,llama2:70b,liberal,4.0,fairness
relevance,13,llama2:70b,liberal,4.0,fairness
relevance,13,llama2:70b,liberal,4.0,fairness
relevance,13,llama2:70b,liberal,4.0,fairness
relevance,13,llama2:70b,liberal,4.0,fairness
relevance,13,llama2:70b,liberal,4.0,fairness
relevance,13,llama2:70b,liberal,4.0,fairness
relevance,13,llama2:70b,liberal,4.0,fairness
relevance,13,llama2:70b,liberal,4.0,fairness
relevance,13,llama2:70b,liberal,4.0,fairness
relevance,13,llama2:70b,liberal,4.0,fairness
relevance,13,llama2:70b,liberal,4.0,fairness
relevance,13,llama2:70b,liberal,4.0,fairness
relevance,13,llama2:70b,liberal,4.0,fairness
relevance,13,llama2:70b,liberal,4.0,fairness
relevance,13,llama2:70b,liberal,4.0,fairness
relevance,13,llama2:70b,liberal,4.0,fairness
relevance,13,llama2:70b,liberal,4.0,fairness
relevance,13,llama2:70b,liberal,4.0,fairness
relevance,13,llama2:70b,liberal,4.0,fairness
relevance,13,llama2:70b,liberal,4.0,fairness
relevance,13,llama2:70b,liberal,4.0,fairness
relevance,13,llama2:70b,liberal,4.0,fairness
relevance,13,llama2:70b,liberal,4.0,fairness
relevance,13,llama2:70b,liberal,4.0,fairness
relevance,13,llama2:70b,liberal,4.0,fairness
relevance,13,llama2:70b,liberal,4.0,fairness
relevance,13,llama2:70b,liberal,4.0,fairness
relevance,13,llama2:70b,liberal,4.0,fairness
relevance,13,llama2:70b,liberal,4.0,fairness
relevance,13,llama2:70b,liberal,4.0,fairness
relevance,13,llama2:70b,liberal,4.0,fairness
relevance,13,llama2:70b,liberal,4.0,fairness
relevance,13,llama2:70b,liberal,4.0,fairness
relevance,13,llama2:70b,liberal,4.0,fairness
relevance,13,llama2:70b,liberal,4.0,fairness
relevance,13,llama2:70b,liberal,4.0,fairness
relevance,13,llama2:70b,liberal,4.0,fairness
relevance,13,llama2:70b,liberal,4.0,fairness
relevance,13,llama2:70b,liberal,4.0,fairness
relevance,13,llama2:70b,liberal,4.0,fairness
relevance,13,llama2:70b,liberal,4.0,fairness
relevance,13,llama3:70b,conservative,5.0,fairness
relevance,13,llama3:70b,conservative,5.0,fairness
relevance,13,llama3:70b,conservative,5.0,fairness
relevance,13,llama3:70b,conservative,5.0,fairness
relevance,13,llama3:70b,conservative,5.0,fairness
relevance,13,llama3:70b,conservative,5.0,fairness
relevance,13,llama3:70b,conservative,5.0,fairness
relevance,13,llama3:70b,conservative,5.0,fairness
relevance,13,llama3:70b,conservative,5.0,fairness
relevance,13,llama3:70b,conservative,5.0,fairness
relevance,13,llama3:70b,conservative,5.0,fairness
relevance,13,llama3:70b,conservative,5.0,fairness
relevance,13,llama3:70b,conservative,5.0,fairness
relevance,13,llama3:70b,conservative,5.0,fairness
relevance,13,llama3:70b,conservative,5.0,fairness
relevance,13,llama3:70b,conservative,5.0,fairness
relevance,13,llama3:70b,conservative,5.0,fairness
relevance,13,llama3:70b,conservative,5.0,fairness
relevance,13,llama3:70b,conservative,5.0,fairness
relevance,13,llama3:70b,conservative,5.0,fairness
relevance,13,llama3:70b,conservative,5.0,fairness
relevance,13,llama3:70b,conservative,5.0,fairness
relevance,13,llama3:70b,conservative,5.0,fairness
relevance,13,llama3:70b,conservative,5.0,fairness
relevance,13,llama3:70b,conservative,5.0,fairness
relevance,13,llama3:70b,conservative,5.0,fairness
relevance,13,llama3:70b,conservative,5.0,fairness
relevance,13,llama3:70b,conservative,5.0,fairness
relevance,13,llama3:70b,conservative,5.0,fairness
relevance,13,llama3:70b,conservative,5.0,fairness
relevance,13,llama3:70b,conservative,5.0,fairness
relevance,13,llama3:70b,conservative,5.0,fairness
relevance,13,llama3:70b,conservative,5.0,fairness
relevance,13,llama3:70b,conservative,5.0,fairness
relevance,13,llama3:70b,conservative,5.0,fairness
relevance,13,llama3:70b,conservative,5.0,fairness
relevance,13,llama3:70b,conservative,5.0,fairness
relevance,13,llama3:70b,conservative,5.0,fairness
relevance,13,llama3:70b,conservative,5.0,fairness
relevance,13,llama3:70b,conservative,5.0,fairness
relevance,13,llama3:70b,conservative,5.0,fairness
relevance,13,llama3:70b,conservative,5.0,fairness
relevance,13,llama3:70b,conservative,5.0,fairness
relevance,13,llama3:70b,conservative,5.0,fairness
relevance,13,llama3:70b,conservative,5.0,fairness
relevance,13,llama3:70b,conservative,5.0,fairness
relevance,13,llama3:70b,conservative,5.0,fairness
relevance,13,llama3:70b,conservative,5.0,fairness
relevance,13,llama3:70b,conservative,5.0,fairness
relevance,13,llama3:70b,conservative,5.0,fairness
relevance,13,llama3:70b,moderate,5.0,fairness
relevance,13,llama3:70b,moderate,5.0,fairness
relevance,13,llama3:70b,moderate,5.0,fairness
relevance,13,llama3:70b,moderate,5.0,fairness
relevance,13,llama3:70b,moderate,5.0,fairness
relevance,13,llama3:70b,moderate,5.0,fairness
relevance,13,llama3:70b,moderate,5.0,fairness
relevance,13,llama3:70b,moderate,5.0,fairness
relevance,13,llama3:70b,moderate,5.0,fairness
relevance,13,llama3:70b,moderate,5.0,fairness
relevance,13,llama3:70b,moderate,5.0,fairness
relevance,13,llama3:70b,moderate,5.0,fairness
relevance,13,llama3:70b,moderate,5.0,fairness
relevance,13,llama3:70b,moderate,5.0,fairness
relevance,13,llama3:70b,moderate,4.0,fairness
relevance,13,llama3:70b,moderate,5.0,fairness
relevance,13,llama3:70b,moderate,5.0,fairness
relevance,13,llama3:70b,moderate,5.0,fairness
relevance,13,llama3:70b,moderate,5.0,fairness
relevance,13,llama3:70b,moderate,5.0,fairness
relevance,13,llama3:70b,moderate,5.0,fairness
relevance,13,llama3:70b,moderate,5.0,fairness
relevance,13,llama3:70b,moderate,5.0,fairness
relevance,13,llama3:70b,moderate,5.0,fairness
relevance,13,llama3:70b,moderate,5.0,fairness
relevance,13,llama3:70b,moderate,5.0,fairness
relevance,13,llama3:70b,moderate,5.0,fairness
relevance,13,llama3:70b,moderate,4.0,fairness
relevance,13,llama3:70b,moderate,4.0,fairness
relevance,13,llama3:70b,moderate,5.0,fairness
relevance,13,llama3:70b,moderate,5.0,fairness
relevance,13,llama3:70b,moderate,5.0,fairness
relevance,13,llama3:70b,moderate,5.0,fairness
relevance,13,llama3:70b,moderate,5.0,fairness
relevance,13,llama3:70b,moderate,5.0,fairness
relevance,13,llama3:70b,moderate,4.0,fairness
relevance,13,llama3:70b,moderate,4.0,fairness
relevance,13,llama3:70b,moderate,5.0,fairness
relevance,13,llama3:70b,moderate,5.0,fairness
relevance,13,llama3:70b,moderate,5.0,fairness
relevance,13,llama3:70b,moderate,5.0,fairness
relevance,13,llama3:70b,moderate,5.0,fairness
relevance,13,llama3:70b,moderate,5.0,fairness
relevance,13,llama3:70b,moderate,4.0,fairness
relevance,13,llama3:70b,moderate,5.0,fairness
relevance,13,llama3:70b,moderate,5.0,fairness
relevance,13,llama3:70b,moderate,5.0,fairness
relevance,13,llama3:70b,moderate,4.0,fairness
relevance,13,llama3:70b,moderate,5.0,fairness
relevance,13,llama3:70b,moderate,5.0,fairness
relevance,13,llama3:70b,liberal,5.0,fairness
relevance,13,llama3:70b,liberal,5.0,fairness
relevance,13,llama3:70b,liberal,5.0,fairness
relevance,13,llama3:70b,liberal,5.0,fairness
relevance,13,llama3:70b,liberal,5.0,fairness
relevance,13,llama3:70b,liberal,5.0,fairness
relevance,13,llama3:70b,liberal,5.0,fairness
relevance,13,llama3:70b,liberal,5.0,fairness
relevance,13,llama3:70b,liberal,5.0,fairness
relevance,13,llama3:70b,liberal,5.0,fairness
relevance,13,llama3:70b,liberal,5.0,fairness
relevance,13,llama3:70b,liberal,5.0,fairness
relevance,13,llama3:70b,liberal,5.0,fairness
relevance,13,llama3:70b,liberal,5.0,fairness
relevance,13,llama3:70b,liberal,5.0,fairness
relevance,13,llama3:70b,liberal,5.0,fairness
relevance,13,llama3:70b,liberal,5.0,fairness
relevance,13,llama3:70b,liberal,5.0,fairness
relevance,13,llama3:70b,liberal,5.0,fairness
relevance,13,llama3:70b,liberal,5.0,fairness
relevance,13,llama3:70b,liberal,5.0,fairness
relevance,13,llama3:70b,liberal,5.0,fairness
relevance,13,llama3:70b,liberal,5.0,fairness
relevance,13,llama3:70b,liberal,5.0,fairness
relevance,13,llama3:70b,liberal,5.0,fairness
relevance,13,llama3:70b,liberal,5.0,fairness
relevance,13,llama3:70b,liberal,5.0,fairness
relevance,13,llama3:70b,liberal,5.0,fairness
relevance,13,llama3:70b,liberal,5.0,fairness
relevance,13,llama3:70b,liberal,5.0,fairness
relevance,13,llama3:70b,liberal,5.0,fairness
relevance,13,llama3:70b,liberal,5.0,fairness
relevance,13,llama3:70b,liberal,5.0,fairness
relevance,13,llama3:70b,liberal,5.0,fairness
relevance,13,llama3:70b,liberal,5.0,fairness
relevance,13,llama3:70b,liberal,5.0,fairness
relevance,13,llama3:70b,liberal,5.0,fairness
relevance,13,llama3:70b,liberal,5.0,fairness
relevance,13,llama3:70b,liberal,5.0,fairness
relevance,13,llama3:70b,liberal,5.0,fairness
relevance,13,llama3:70b,liberal,5.0,fairness
relevance,13,llama3:70b,liberal,5.0,fairness
relevance,13,llama3:70b,liberal,5.0,fairness
relevance,13,llama3:70b,liberal,5.0,fairness
relevance,13,llama3:70b,liberal,5.0,fairness
relevance,13,llama3:70b,liberal,5.0,fairness
relevance,13,llama3:70b,liberal,5.0,fairness
relevance,13,llama3:70b,liberal,5.0,fairness
relevance,13,llama3:70b,liberal,5.0,fairness
relevance,13,llama3:70b,liberal,5.0,fairness
relevance,13,llama3.1:70b,conservative,5.0,fairness
relevance,13,llama3.1:70b,conservative,5.0,fairness
relevance,13,llama3.1:70b,conservative,5.0,fairness
relevance,13,llama3.1:70b,conservative,5.0,fairness
relevance,13,llama3.1:70b,conservative,5.0,fairness
relevance,13,llama3.1:70b,conservative,5.0,fairness
relevance,13,llama3.1:70b,conservative,5.0,fairness
relevance,13,llama3.1:70b,conservative,5.0,fairness
relevance,13,llama3.1:70b,conservative,5.0,fairness
relevance,13,llama3.1:70b,conservative,5.0,fairness
relevance,13,llama3.1:70b,conservative,5.0,fairness
relevance,13,llama3.1:70b,conservative,5.0,fairness
relevance,13,llama3.1:70b,conservative,5.0,fairness
relevance,13,llama3.1:70b,conservative,5.0,fairness
relevance,13,llama3.1:70b,conservative,5.0,fairness
relevance,13,llama3.1:70b,conservative,5.0,fairness
relevance,13,llama3.1:70b,conservative,5.0,fairness
relevance,13,llama3.1:70b,conservative,5.0,fairness
relevance,13,llama3.1:70b,conservative,5.0,fairness
relevance,13,llama3.1:70b,conservative,5.0,fairness
relevance,13,llama3.1:70b,conservative,5.0,fairness
relevance,13,llama3.1:70b,conservative,5.0,fairness
relevance,13,llama3.1:70b,conservative,5.0,fairness
relevance,13,llama3.1:70b,conservative,5.0,fairness
relevance,13,llama3.1:70b,conservative,5.0,fairness
relevance,13,llama3.1:70b,conservative,5.0,fairness
relevance,13,llama3.1:70b,conservative,5.0,fairness
relevance,13,llama3.1:70b,conservative,5.0,fairness
relevance,13,llama3.1:70b,conservative,5.0,fairness
relevance,13,llama3.1:70b,conservative,5.0,fairness
relevance,13,llama3.1:70b,conservative,5.0,fairness
relevance,13,llama3.1:70b,conservative,5.0,fairness
relevance,13,llama3.1:70b,conservative,5.0,fairness
relevance,13,llama3.1:70b,conservative,5.0,fairness
relevance,13,llama3.1:70b,conservative,5.0,fairness
relevance,13,llama3.1:70b,conservative,5.0,fairness
relevance,13,llama3.1:70b,conservative,5.0,fairness
relevance,13,llama3.1:70b,conservative,5.0,fairness
relevance,13,llama3.1:70b,conservative,5.0,fairness
relevance,13,llama3.1:70b,conservative,5.0,fairness
relevance,13,llama3.1:70b,conservative,5.0,fairness
relevance,13,llama3.1:70b,conservative,5.0,fairness
relevance,13,llama3.1:70b,conservative,5.0,fairness
relevance,13,llama3.1:70b,conservative,5.0,fairness
relevance,13,llama3.1:70b,conservative,5.0,fairness
relevance,13,llama3.1:70b,conservative,5.0,fairness
relevance,13,llama3.1:70b,conservative,5.0,fairness
relevance,13,llama3.1:70b,conservative,5.0,fairness
relevance,13,llama3.1:70b,conservative,5.0,fairness
relevance,13,llama3.1:70b,conservative,5.0,fairness
relevance,13,llama3.1:70b,moderate,5.0,fairness
relevance,13,llama3.1:70b,moderate,5.0,fairness
relevance,13,llama3.1:70b,moderate,5.0,fairness
relevance,13,llama3.1:70b,moderate,5.0,fairness
relevance,13,llama3.1:70b,moderate,5.0,fairness
relevance,13,llama3.1:70b,moderate,5.0,fairness
relevance,13,llama3.1:70b,moderate,5.0,fairness
relevance,13,llama3.1:70b,moderate,5.0,fairness
relevance,13,llama3.1:70b,moderate,5.0,fairness
relevance,13,llama3.1:70b,moderate,5.0,fairness
relevance,13,llama3.1:70b,moderate,5.0,fairness
relevance,13,llama3.1:70b,moderate,5.0,fairness
relevance,13,llama3.1:70b,moderate,5.0,fairness
relevance,13,llama3.1:70b,moderate,5.0,fairness
relevance,13,llama3.1:70b,moderate,5.0,fairness
relevance,13,llama3.1:70b,moderate,5.0,fairness
relevance,13,llama3.1:70b,moderate,5.0,fairness
relevance,13,llama3.1:70b,moderate,5.0,fairness
relevance,13,llama3.1:70b,moderate,5.0,fairness
relevance,13,llama3.1:70b,moderate,5.0,fairness
relevance,13,llama3.1:70b,moderate,5.0,fairness
relevance,13,llama3.1:70b,moderate,5.0,fairness
relevance,13,llama3.1:70b,moderate,5.0,fairness
relevance,13,llama3.1:70b,moderate,5.0,fairness
relevance,13,llama3.1:70b,moderate,5.0,fairness
relevance,13,llama3.1:70b,moderate,5.0,fairness
relevance,13,llama3.1:70b,moderate,5.0,fairness
relevance,13,llama3.1:70b,moderate,5.0,fairness
relevance,13,llama3.1:70b,moderate,5.0,fairness
relevance,13,llama3.1:70b,moderate,5.0,fairness
relevance,13,llama3.1:70b,moderate,5.0,fairness
relevance,13,llama3.1:70b,moderate,5.0,fairness
relevance,13,llama3.1:70b,moderate,5.0,fairness
relevance,13,llama3.1:70b,moderate,5.0,fairness
relevance,13,llama3.1:70b,moderate,5.0,fairness
relevance,13,llama3.1:70b,moderate,5.0,fairness
relevance,13,llama3.1:70b,moderate,5.0,fairness
relevance,13,llama3.1:70b,moderate,5.0,fairness
relevance,13,llama3.1:70b,moderate,5.0,fairness
relevance,13,llama3.1:70b,moderate,5.0,fairness
relevance,13,llama3.1:70b,moderate,5.0,fairness
relevance,13,llama3.1:70b,moderate,5.0,fairness
relevance,13,llama3.1:70b,moderate,5.0,fairness
relevance,13,llama3.1:70b,moderate,5.0,fairness
relevance,13,llama3.1:70b,moderate,5.0,fairness
relevance,13,llama3.1:70b,moderate,5.0,fairness
relevance,13,llama3.1:70b,moderate,5.0,fairness
relevance,13,llama3.1:70b,moderate,5.0,fairness
relevance,13,llama3.1:70b,moderate,5.0,fairness
relevance,13,llama3.1:70b,moderate,5.0,fairness
relevance,13,llama3.1:70b,liberal,5.0,fairness
relevance,13,llama3.1:70b,liberal,5.0,fairness
relevance,13,llama3.1:70b,liberal,5.0,fairness
relevance,13,llama3.1:70b,liberal,5.0,fairness
relevance,13,llama3.1:70b,liberal,5.0,fairness
relevance,13,llama3.1:70b,liberal,5.0,fairness
relevance,13,llama3.1:70b,liberal,5.0,fairness
relevance,13,llama3.1:70b,liberal,5.0,fairness
relevance,13,llama3.1:70b,liberal,5.0,fairness
relevance,13,llama3.1:70b,liberal,5.0,fairness
relevance,13,llama3.1:70b,liberal,5.0,fairness
relevance,13,llama3.1:70b,liberal,5.0,fairness
relevance,13,llama3.1:70b,liberal,5.0,fairness
relevance,13,llama3.1:70b,liberal,5.0,fairness
relevance,13,llama3.1:70b,liberal,5.0,fairness
relevance,13,llama3.1:70b,liberal,5.0,fairness
relevance,13,llama3.1:70b,liberal,5.0,fairness
relevance,13,llama3.1:70b,liberal,5.0,fairness
relevance,13,llama3.1:70b,liberal,5.0,fairness
relevance,13,llama3.1:70b,liberal,5.0,fairness
relevance,13,llama3.1:70b,liberal,5.0,fairness
relevance,13,llama3.1:70b,liberal,5.0,fairness
relevance,13,llama3.1:70b,liberal,5.0,fairness
relevance,13,llama3.1:70b,liberal,5.0,fairness
relevance,13,llama3.1:70b,liberal,5.0,fairness
relevance,13,llama3.1:70b,liberal,5.0,fairness
relevance,13,llama3.1:70b,liberal,5.0,fairness
relevance,13,llama3.1:70b,liberal,5.0,fairness
relevance,13,llama3.1:70b,liberal,5.0,fairness
relevance,13,llama3.1:70b,liberal,5.0,fairness
relevance,13,llama3.1:70b,liberal,5.0,fairness
relevance,13,llama3.1:70b,liberal,5.0,fairness
relevance,13,llama3.1:70b,liberal,5.0,fairness
relevance,13,llama3.1:70b,liberal,5.0,fairness
relevance,13,llama3.1:70b,liberal,5.0,fairness
relevance,13,llama3.1:70b,liberal,5.0,fairness
relevance,13,llama3.1:70b,liberal,5.0,fairness
relevance,13,llama3.1:70b,liberal,5.0,fairness
relevance,13,llama3.1:70b,liberal,5.0,fairness
relevance,13,llama3.1:70b,liberal,5.0,fairness
relevance,13,llama3.1:70b,liberal,5.0,fairness
relevance,13,llama3.1:70b,liberal,5.0,fairness
relevance,13,llama3.1:70b,liberal,5.0,fairness
relevance,13,llama3.1:70b,liberal,5.0,fairness
relevance,13,llama3.1:70b,liberal,5.0,fairness
relevance,13,llama3.1:70b,liberal,5.0,fairness
relevance,13,llama3.1:70b,liberal,5.0,fairness
relevance,13,llama3.1:70b,liberal,5.0,fairness
relevance,13,llama3.1:70b,liberal,5.0,fairness
relevance,13,llama3.1:70b,liberal,5.0,fairness
relevance,13,mistral:7b,conservative,2.0,fairness
relevance,13,mistral:7b,conservative,1.0,fairness
relevance,13,mistral:7b,conservative,3.0,fairness
relevance,13,mistral:7b,conservative,3.0,fairness
relevance,13,mistral:7b,conservative,1.0,fairness
relevance,13,mistral:7b,conservative,1.0,fairness
relevance,13,mistral:7b,conservative,2.0,fairness
relevance,13,mistral:7b,conservative,3.0,fairness
relevance,13,mistral:7b,conservative,1.0,fairness
relevance,13,mistral:7b,conservative,3.0,fairness
relevance,13,mistral:7b,conservative,3.0,fairness
relevance,13,mistral:7b,conservative,1.0,fairness
relevance,13,mistral:7b,conservative,2.0,fairness
relevance,13,mistral:7b,conservative,1.0,fairness
relevance,13,mistral:7b,conservative,3.0,fairness
relevance,13,mistral:7b,conservative,1.0,fairness
relevance,13,mistral:7b,conservative,1.0,fairness
relevance,13,mistral:7b,conservative,2.0,fairness
relevance,13,mistral:7b,conservative,0.0,fairness
relevance,13,mistral:7b,conservative,1.0,fairness
relevance,13,mistral:7b,conservative,1.0,fairness
relevance,13,mistral:7b,conservative,3.0,fairness
relevance,13,mistral:7b,conservative,1.0,fairness
relevance,13,mistral:7b,conservative,1.0,fairness
relevance,13,mistral:7b,conservative,1.0,fairness
relevance,13,mistral:7b,conservative,3.0,fairness
relevance,13,mistral:7b,conservative,3.0,fairness
relevance,13,mistral:7b,conservative,1.0,fairness
relevance,13,mistral:7b,conservative,3.0,fairness
relevance,13,mistral:7b,conservative,3.0,fairness
relevance,13,mistral:7b,conservative,3.0,fairness
relevance,13,mistral:7b,conservative,2.0,fairness
relevance,13,mistral:7b,conservative,3.0,fairness
relevance,13,mistral:7b,conservative,3.0,fairness
relevance,13,mistral:7b,conservative,3.0,fairness
relevance,13,mistral:7b,conservative,1.0,fairness
relevance,13,mistral:7b,conservative,1.0,fairness
relevance,13,mistral:7b,conservative,1.0,fairness
relevance,13,mistral:7b,conservative,1.0,fairness
relevance,13,mistral:7b,conservative,3.0,fairness
relevance,13,mistral:7b,conservative,1.0,fairness
relevance,13,mistral:7b,conservative,1.0,fairness
relevance,13,mistral:7b,conservative,1.0,fairness
relevance,13,mistral:7b,conservative,1.0,fairness
relevance,13,mistral:7b,conservative,3.0,fairness
relevance,13,mistral:7b,conservative,1.0,fairness
relevance,13,mistral:7b,conservative,3.0,fairness
relevance,13,mistral:7b,conservative,3.0,fairness
relevance,13,mistral:7b,conservative,1.0,fairness
relevance,13,mistral:7b,conservative,1.0,fairness
relevance,13,mistral:7b,moderate,1.0,fairness
relevance,13,mistral:7b,moderate,3.0,fairness
relevance,13,mistral:7b,moderate,3.0,fairness
relevance,13,mistral:7b,moderate,2.0,fairness
relevance,13,mistral:7b,moderate,1.0,fairness
relevance,13,mistral:7b,moderate,1.0,fairness
relevance,13,mistral:7b,moderate,3.0,fairness
relevance,13,mistral:7b,moderate,3.0,fairness
relevance,13,mistral:7b,moderate,0.0,fairness
relevance,13,mistral:7b,moderate,1.0,fairness
relevance,13,mistral:7b,moderate,3.0,fairness
relevance,13,mistral:7b,moderate,3.0,fairness
relevance,13,mistral:7b,moderate,0.0,fairness
relevance,13,mistral:7b,moderate,3.0,fairness
relevance,13,mistral:7b,moderate,1.0,fairness
relevance,13,mistral:7b,moderate,2.0,fairness
relevance,13,mistral:7b,moderate,3.0,fairness
relevance,13,mistral:7b,moderate,1.0,fairness
relevance,13,mistral:7b,moderate,3.0,fairness
relevance,13,mistral:7b,moderate,3.0,fairness
relevance,13,mistral:7b,moderate,0.0,fairness
relevance,13,mistral:7b,moderate,3.0,fairness
relevance,13,mistral:7b,moderate,1.0,fairness
relevance,13,mistral:7b,moderate,1.0,fairness
relevance,13,mistral:7b,moderate,3.0,fairness
relevance,13,mistral:7b,moderate,3.0,fairness
relevance,13,mistral:7b,moderate,1.0,fairness
relevance,13,mistral:7b,moderate,1.0,fairness
relevance,13,mistral:7b,moderate,1.0,fairness
relevance,13,mistral:7b,moderate,3.0,fairness
relevance,13,mistral:7b,moderate,1.0,fairness
relevance,13,mistral:7b,moderate,1.0,fairness
relevance,13,mistral:7b,moderate,1.0,fairness
relevance,13,mistral:7b,moderate,1.0,fairness
relevance,13,mistral:7b,moderate,3.0,fairness
relevance,13,mistral:7b,moderate,3.0,fairness
relevance,13,mistral:7b,moderate,3.0,fairness
relevance,13,mistral:7b,moderate,3.0,fairness
relevance,13,mistral:7b,moderate,1.0,fairness
relevance,13,mistral:7b,moderate,3.0,fairness
relevance,13,mistral:7b,moderate,1.0,fairness
relevance,13,mistral:7b,moderate,1.0,fairness
relevance,13,mistral:7b,moderate,3.0,fairness
relevance,13,mistral:7b,moderate,0.0,fairness
relevance,13,mistral:7b,moderate,3.0,fairness
relevance,13,mistral:7b,moderate,1.0,fairness
relevance,13,mistral:7b,moderate,3.0,fairness
relevance,13,mistral:7b,moderate,3.0,fairness
relevance,13,mistral:7b,moderate,0.0,fairness
relevance,13,mistral:7b,moderate,1.0,fairness
relevance,13,mistral:7b,liberal,3.0,fairness
relevance,13,mistral:7b,liberal,3.0,fairness
relevance,13,mistral:7b,liberal,3.0,fairness
relevance,13,mistral:7b,liberal,3.0,fairness
relevance,13,mistral:7b,liberal,3.0,fairness
relevance,13,mistral:7b,liberal,3.0,fairness
relevance,13,mistral:7b,liberal,3.0,fairness
relevance,13,mistral:7b,liberal,3.0,fairness
relevance,13,mistral:7b,liberal,3.0,fairness
relevance,13,mistral:7b,liberal,3.0,fairness
relevance,13,mistral:7b,liberal,3.0,fairness
relevance,13,mistral:7b,liberal,3.0,fairness
relevance,13,mistral:7b,liberal,3.0,fairness
relevance,13,mistral:7b,liberal,3.0,fairness
relevance,13,mistral:7b,liberal,3.0,fairness
relevance,13,mistral:7b,liberal,3.0,fairness
relevance,13,mistral:7b,liberal,3.0,fairness
relevance,13,mistral:7b,liberal,3.0,fairness
relevance,13,mistral:7b,liberal,3.0,fairness
relevance,13,mistral:7b,liberal,3.0,fairness
relevance,13,mistral:7b,liberal,3.0,fairness
relevance,13,mistral:7b,liberal,3.0,fairness
relevance,13,mistral:7b,liberal,3.0,fairness
relevance,13,mistral:7b,liberal,3.0,fairness
relevance,13,mistral:7b,liberal,3.0,fairness
relevance,13,mistral:7b,liberal,3.0,fairness
relevance,13,mistral:7b,liberal,3.0,fairness
relevance,13,mistral:7b,liberal,3.0,fairness
relevance,13,mistral:7b,liberal,3.0,fairness
relevance,13,mistral:7b,liberal,3.0,fairness
relevance,13,mistral:7b,liberal,3.0,fairness
relevance,13,mistral:7b,liberal,3.0,fairness
relevance,13,mistral:7b,liberal,3.0,fairness
relevance,13,mistral:7b,liberal,3.0,fairness
relevance,13,mistral:7b,liberal,3.0,fairness
relevance,13,mistral:7b,liberal,3.0,fairness
relevance,13,mistral:7b,liberal,3.0,fairness
relevance,13,mistral:7b,liberal,3.0,fairness
relevance,13,mistral:7b,liberal,3.0,fairness
relevance,13,mistral:7b,liberal,3.0,fairness
relevance,13,mistral:7b,liberal,3.0,fairness
relevance,13,mistral:7b,liberal,3.0,fairness
relevance,13,mistral:7b,liberal,3.0,fairness
relevance,13,mistral:7b,liberal,3.0,fairness
relevance,13,mistral:7b,liberal,3.0,fairness
relevance,13,mistral:7b,liberal,3.0,fairness
relevance,13,mistral:7b,liberal,3.0,fairness
relevance,13,mistral:7b,liberal,3.0,fairness
relevance,13,mistral:7b,liberal,3.0,fairness
relevance,13,mistral:7b,liberal,3.0,fairness
relevance,13,mixtral:8x22b,conservative,5.0,fairness
relevance,13,mixtral:8x22b,conservative,5.0,fairness
relevance,13,mixtral:8x22b,conservative,5.0,fairness
relevance,13,mixtral:8x22b,conservative,5.0,fairness
relevance,13,mixtral:8x22b,conservative,5.0,fairness
relevance,13,mixtral:8x22b,conservative,5.0,fairness
relevance,13,mixtral:8x22b,conservative,5.0,fairness
relevance,13,mixtral:8x22b,conservative,5.0,fairness
relevance,13,mixtral:8x22b,conservative,5.0,fairness
relevance,13,mixtral:8x22b,conservative,5.0,fairness
relevance,13,mixtral:8x22b,conservative,5.0,fairness
relevance,13,mixtral:8x22b,conservative,5.0,fairness
relevance,13,mixtral:8x22b,conservative,5.0,fairness
relevance,13,mixtral:8x22b,conservative,5.0,fairness
relevance,13,mixtral:8x22b,conservative,5.0,fairness
relevance,13,mixtral:8x22b,conservative,5.0,fairness
relevance,13,mixtral:8x22b,conservative,5.0,fairness
relevance,13,mixtral:8x22b,conservative,5.0,fairness
relevance,13,mixtral:8x22b,conservative,5.0,fairness
relevance,13,mixtral:8x22b,conservative,5.0,fairness
relevance,13,mixtral:8x22b,conservative,5.0,fairness
relevance,13,mixtral:8x22b,conservative,5.0,fairness
relevance,13,mixtral:8x22b,conservative,5.0,fairness
relevance,13,mixtral:8x22b,conservative,5.0,fairness
relevance,13,mixtral:8x22b,conservative,5.0,fairness
relevance,13,mixtral:8x22b,conservative,5.0,fairness
relevance,13,mixtral:8x22b,conservative,5.0,fairness
relevance,13,mixtral:8x22b,conservative,5.0,fairness
relevance,13,mixtral:8x22b,conservative,5.0,fairness
relevance,13,mixtral:8x22b,conservative,5.0,fairness
relevance,13,mixtral:8x22b,conservative,5.0,fairness
relevance,13,mixtral:8x22b,conservative,5.0,fairness
relevance,13,mixtral:8x22b,conservative,5.0,fairness
relevance,13,mixtral:8x22b,conservative,5.0,fairness
relevance,13,mixtral:8x22b,conservative,5.0,fairness
relevance,13,mixtral:8x22b,conservative,5.0,fairness
relevance,13,mixtral:8x22b,conservative,5.0,fairness
relevance,13,mixtral:8x22b,conservative,5.0,fairness
relevance,13,mixtral:8x22b,conservative,5.0,fairness
relevance,13,mixtral:8x22b,conservative,5.0,fairness
relevance,13,mixtral:8x22b,conservative,5.0,fairness
relevance,13,mixtral:8x22b,conservative,5.0,fairness
relevance,13,mixtral:8x22b,conservative,5.0,fairness
relevance,13,mixtral:8x22b,conservative,5.0,fairness
relevance,13,mixtral:8x22b,conservative,5.0,fairness
relevance,13,mixtral:8x22b,conservative,5.0,fairness
relevance,13,mixtral:8x22b,conservative,5.0,fairness
relevance,13,mixtral:8x22b,conservative,5.0,fairness
relevance,13,mixtral:8x22b,conservative,5.0,fairness
relevance,13,mixtral:8x22b,conservative,5.0,fairness
relevance,13,mixtral:8x22b,moderate,5.0,fairness
relevance,13,mixtral:8x22b,moderate,4.0,fairness
relevance,13,mixtral:8x22b,moderate,5.0,fairness
relevance,13,mixtral:8x22b,moderate,5.0,fairness
relevance,13,mixtral:8x22b,moderate,5.0,fairness
relevance,13,mixtral:8x22b,moderate,4.0,fairness
relevance,13,mixtral:8x22b,moderate,4.0,fairness
relevance,13,mixtral:8x22b,moderate,5.0,fairness
relevance,13,mixtral:8x22b,moderate,5.0,fairness
relevance,13,mixtral:8x22b,moderate,5.0,fairness
relevance,13,mixtral:8x22b,moderate,4.0,fairness
relevance,13,mixtral:8x22b,moderate,4.0,fairness
relevance,13,mixtral:8x22b,moderate,5.0,fairness
relevance,13,mixtral:8x22b,moderate,5.0,fairness
relevance,13,mixtral:8x22b,moderate,5.0,fairness
relevance,13,mixtral:8x22b,moderate,5.0,fairness
relevance,13,mixtral:8x22b,moderate,5.0,fairness
relevance,13,mixtral:8x22b,moderate,4.0,fairness
relevance,13,mixtral:8x22b,moderate,5.0,fairness
relevance,13,mixtral:8x22b,moderate,5.0,fairness
relevance,13,mixtral:8x22b,moderate,4.0,fairness
relevance,13,mixtral:8x22b,moderate,5.0,fairness
relevance,13,mixtral:8x22b,moderate,5.0,fairness
relevance,13,mixtral:8x22b,moderate,5.0,fairness
relevance,13,mixtral:8x22b,moderate,5.0,fairness
relevance,13,mixtral:8x22b,moderate,5.0,fairness
relevance,13,mixtral:8x22b,moderate,4.0,fairness
relevance,13,mixtral:8x22b,moderate,5.0,fairness
relevance,13,mixtral:8x22b,moderate,5.0,fairness
relevance,13,mixtral:8x22b,moderate,5.0,fairness
relevance,13,mixtral:8x22b,moderate,4.0,fairness
relevance,13,mixtral:8x22b,moderate,5.0,fairness
relevance,13,mixtral:8x22b,moderate,5.0,fairness
relevance,13,mixtral:8x22b,moderate,5.0,fairness
relevance,13,mixtral:8x22b,moderate,5.0,fairness
relevance,13,mixtral:8x22b,moderate,5.0,fairness
relevance,13,mixtral:8x22b,moderate,5.0,fairness
relevance,13,mixtral:8x22b,moderate,4.0,fairness
relevance,13,mixtral:8x22b,moderate,5.0,fairness
relevance,13,mixtral:8x22b,moderate,4.0,fairness
relevance,13,mixtral:8x22b,moderate,5.0,fairness
relevance,13,mixtral:8x22b,moderate,5.0,fairness
relevance,13,mixtral:8x22b,moderate,5.0,fairness
relevance,13,mixtral:8x22b,moderate,5.0,fairness
relevance,13,mixtral:8x22b,moderate,5.0,fairness
relevance,13,mixtral:8x22b,moderate,4.0,fairness
relevance,13,mixtral:8x22b,moderate,5.0,fairness
relevance,13,mixtral:8x22b,moderate,4.0,fairness
relevance,13,mixtral:8x22b,moderate,5.0,fairness
relevance,13,mixtral:8x22b,moderate,5.0,fairness
relevance,13,mixtral:8x22b,liberal,5.0,fairness
relevance,13,mixtral:8x22b,liberal,5.0,fairness
relevance,13,mixtral:8x22b,liberal,5.0,fairness
relevance,13,mixtral:8x22b,liberal,5.0,fairness
relevance,13,mixtral:8x22b,liberal,5.0,fairness
relevance,13,mixtral:8x22b,liberal,5.0,fairness
relevance,13,mixtral:8x22b,liberal,5.0,fairness
relevance,13,mixtral:8x22b,liberal,5.0,fairness
relevance,13,mixtral:8x22b,liberal,5.0,fairness
relevance,13,mixtral:8x22b,liberal,5.0,fairness
relevance,13,mixtral:8x22b,liberal,5.0,fairness
relevance,13,mixtral:8x22b,liberal,5.0,fairness
relevance,13,mixtral:8x22b,liberal,5.0,fairness
relevance,13,mixtral:8x22b,liberal,5.0,fairness
relevance,13,mixtral:8x22b,liberal,5.0,fairness
relevance,13,mixtral:8x22b,liberal,5.0,fairness
relevance,13,mixtral:8x22b,liberal,5.0,fairness
relevance,13,mixtral:8x22b,liberal,5.0,fairness
relevance,13,mixtral:8x22b,liberal,5.0,fairness
relevance,13,mixtral:8x22b,liberal,5.0,fairness
relevance,13,mixtral:8x22b,liberal,5.0,fairness
relevance,13,mixtral:8x22b,liberal,5.0,fairness
relevance,13,mixtral:8x22b,liberal,5.0,fairness
relevance,13,mixtral:8x22b,liberal,5.0,fairness
relevance,13,mixtral:8x22b,liberal,5.0,fairness
relevance,13,mixtral:8x22b,liberal,5.0,fairness
relevance,13,mixtral:8x22b,liberal,5.0,fairness
relevance,13,mixtral:8x22b,liberal,5.0,fairness
relevance,13,mixtral:8x22b,liberal,5.0,fairness
relevance,13,mixtral:8x22b,liberal,5.0,fairness
relevance,13,mixtral:8x22b,liberal,5.0,fairness
relevance,13,mixtral:8x22b,liberal,5.0,fairness
relevance,13,mixtral:8x22b,liberal,5.0,fairness
relevance,13,mixtral:8x22b,liberal,5.0,fairness
relevance,13,mixtral:8x22b,liberal,5.0,fairness
relevance,13,mixtral:8x22b,liberal,5.0,fairness
relevance,13,mixtral:8x22b,liberal,5.0,fairness
relevance,13,mixtral:8x22b,liberal,5.0,fairness
relevance,13,mixtral:8x22b,liberal,5.0,fairness
relevance,13,mixtral:8x22b,liberal,5.0,fairness
relevance,13,mixtral:8x22b,liberal,5.0,fairness
relevance,13,mixtral:8x22b,liberal,5.0,fairness
relevance,13,mixtral:8x22b,liberal,5.0,fairness
relevance,13,mixtral:8x22b,liberal,5.0,fairness
relevance,13,mixtral:8x22b,liberal,5.0,fairness
relevance,13,mixtral:8x22b,liberal,5.0,fairness
relevance,13,mixtral:8x22b,liberal,5.0,fairness
relevance,13,mixtral:8x22b,liberal,5.0,fairness
relevance,13,mixtral:8x22b,liberal,5.0,fairness
relevance,13,mixtral:8x22b,liberal,5.0,fairness
relevance,13,mixtral:8x7b,conservative,5.0,fairness
relevance,13,mixtral:8x7b,conservative,5.0,fairness
relevance,13,mixtral:8x7b,conservative,5.0,fairness
relevance,13,mixtral:8x7b,conservative,5.0,fairness
relevance,13,mixtral:8x7b,conservative,5.0,fairness
relevance,13,mixtral:8x7b,conservative,5.0,fairness
relevance,13,mixtral:8x7b,conservative,5.0,fairness
relevance,13,mixtral:8x7b,conservative,5.0,fairness
relevance,13,mixtral:8x7b,conservative,5.0,fairness
relevance,13,mixtral:8x7b,conservative,5.0,fairness
relevance,13,mixtral:8x7b,conservative,5.0,fairness
relevance,13,mixtral:8x7b,conservative,5.0,fairness
relevance,13,mixtral:8x7b,conservative,5.0,fairness
relevance,13,mixtral:8x7b,conservative,5.0,fairness
relevance,13,mixtral:8x7b,conservative,5.0,fairness
relevance,13,mixtral:8x7b,conservative,5.0,fairness
relevance,13,mixtral:8x7b,conservative,5.0,fairness
relevance,13,mixtral:8x7b,conservative,5.0,fairness
relevance,13,mixtral:8x7b,conservative,5.0,fairness
relevance,13,mixtral:8x7b,conservative,5.0,fairness
relevance,13,mixtral:8x7b,conservative,5.0,fairness
relevance,13,mixtral:8x7b,conservative,5.0,fairness
relevance,13,mixtral:8x7b,conservative,5.0,fairness
relevance,13,mixtral:8x7b,conservative,5.0,fairness
relevance,13,mixtral:8x7b,conservative,5.0,fairness
relevance,13,mixtral:8x7b,conservative,5.0,fairness
relevance,13,mixtral:8x7b,conservative,5.0,fairness
relevance,13,mixtral:8x7b,conservative,5.0,fairness
relevance,13,mixtral:8x7b,conservative,5.0,fairness
relevance,13,mixtral:8x7b,conservative,5.0,fairness
relevance,13,mixtral:8x7b,conservative,5.0,fairness
relevance,13,mixtral:8x7b,conservative,5.0,fairness
relevance,13,mixtral:8x7b,conservative,5.0,fairness
relevance,13,mixtral:8x7b,conservative,5.0,fairness
relevance,13,mixtral:8x7b,conservative,5.0,fairness
relevance,13,mixtral:8x7b,conservative,5.0,fairness
relevance,13,mixtral:8x7b,conservative,5.0,fairness
relevance,13,mixtral:8x7b,conservative,5.0,fairness
relevance,13,mixtral:8x7b,conservative,5.0,fairness
relevance,13,mixtral:8x7b,conservative,5.0,fairness
relevance,13,mixtral:8x7b,conservative,5.0,fairness
relevance,13,mixtral:8x7b,conservative,5.0,fairness
relevance,13,mixtral:8x7b,conservative,5.0,fairness
relevance,13,mixtral:8x7b,conservative,5.0,fairness
relevance,13,mixtral:8x7b,conservative,5.0,fairness
relevance,13,mixtral:8x7b,conservative,5.0,fairness
relevance,13,mixtral:8x7b,conservative,5.0,fairness
relevance,13,mixtral:8x7b,conservative,5.0,fairness
relevance,13,mixtral:8x7b,conservative,5.0,fairness
relevance,13,mixtral:8x7b,conservative,5.0,fairness
relevance,13,mixtral:8x7b,moderate,5.0,fairness
relevance,13,mixtral:8x7b,moderate,5.0,fairness
relevance,13,mixtral:8x7b,moderate,5.0,fairness
relevance,13,mixtral:8x7b,moderate,5.0,fairness
relevance,13,mixtral:8x7b,moderate,5.0,fairness
relevance,13,mixtral:8x7b,moderate,5.0,fairness
relevance,13,mixtral:8x7b,moderate,5.0,fairness
relevance,13,mixtral:8x7b,moderate,5.0,fairness
relevance,13,mixtral:8x7b,moderate,5.0,fairness
relevance,13,mixtral:8x7b,moderate,5.0,fairness
relevance,13,mixtral:8x7b,moderate,5.0,fairness
relevance,13,mixtral:8x7b,moderate,5.0,fairness
relevance,13,mixtral:8x7b,moderate,5.0,fairness
relevance,13,mixtral:8x7b,moderate,5.0,fairness
relevance,13,mixtral:8x7b,moderate,5.0,fairness
relevance,13,mixtral:8x7b,moderate,5.0,fairness
relevance,13,mixtral:8x7b,moderate,5.0,fairness
relevance,13,mixtral:8x7b,moderate,5.0,fairness
relevance,13,mixtral:8x7b,moderate,5.0,fairness
relevance,13,mixtral:8x7b,moderate,5.0,fairness
relevance,13,mixtral:8x7b,moderate,5.0,fairness
relevance,13,mixtral:8x7b,moderate,5.0,fairness
relevance,13,mixtral:8x7b,moderate,5.0,fairness
relevance,13,mixtral:8x7b,moderate,5.0,fairness
relevance,13,mixtral:8x7b,moderate,5.0,fairness
relevance,13,mixtral:8x7b,moderate,5.0,fairness
relevance,13,mixtral:8x7b,moderate,5.0,fairness
relevance,13,mixtral:8x7b,moderate,5.0,fairness
relevance,13,mixtral:8x7b,moderate,5.0,fairness
relevance,13,mixtral:8x7b,moderate,5.0,fairness
relevance,13,mixtral:8x7b,moderate,5.0,fairness
relevance,13,mixtral:8x7b,moderate,5.0,fairness
relevance,13,mixtral:8x7b,moderate,5.0,fairness
relevance,13,mixtral:8x7b,moderate,5.0,fairness
relevance,13,mixtral:8x7b,moderate,5.0,fairness
relevance,13,mixtral:8x7b,moderate,5.0,fairness
relevance,13,mixtral:8x7b,moderate,5.0,fairness
relevance,13,mixtral:8x7b,moderate,5.0,fairness
relevance,13,mixtral:8x7b,moderate,5.0,fairness
relevance,13,mixtral:8x7b,moderate,5.0,fairness
relevance,13,mixtral:8x7b,moderate,5.0,fairness
relevance,13,mixtral:8x7b,moderate,5.0,fairness
relevance,13,mixtral:8x7b,moderate,5.0,fairness
relevance,13,mixtral:8x7b,moderate,5.0,fairness
relevance,13,mixtral:8x7b,moderate,5.0,fairness
relevance,13,mixtral:8x7b,moderate,5.0,fairness
relevance,13,mixtral:8x7b,moderate,5.0,fairness
relevance,13,mixtral:8x7b,moderate,5.0,fairness
relevance,13,mixtral:8x7b,moderate,5.0,fairness
relevance,13,mixtral:8x7b,moderate,5.0,fairness
relevance,13,mixtral:8x7b,liberal,5.0,fairness
relevance,13,mixtral:8x7b,liberal,5.0,fairness
relevance,13,mixtral:8x7b,liberal,5.0,fairness
relevance,13,mixtral:8x7b,liberal,5.0,fairness
relevance,13,mixtral:8x7b,liberal,5.0,fairness
relevance,13,mixtral:8x7b,liberal,5.0,fairness
relevance,13,mixtral:8x7b,liberal,5.0,fairness
relevance,13,mixtral:8x7b,liberal,5.0,fairness
relevance,13,mixtral:8x7b,liberal,5.0,fairness
relevance,13,mixtral:8x7b,liberal,5.0,fairness
relevance,13,mixtral:8x7b,liberal,5.0,fairness
relevance,13,mixtral:8x7b,liberal,5.0,fairness
relevance,13,mixtral:8x7b,liberal,5.0,fairness
relevance,13,mixtral:8x7b,liberal,5.0,fairness
relevance,13,mixtral:8x7b,liberal,5.0,fairness
relevance,13,mixtral:8x7b,liberal,5.0,fairness
relevance,13,mixtral:8x7b,liberal,5.0,fairness
relevance,13,mixtral:8x7b,liberal,5.0,fairness
relevance,13,mixtral:8x7b,liberal,5.0,fairness
relevance,13,mixtral:8x7b,liberal,5.0,fairness
relevance,13,mixtral:8x7b,liberal,5.0,fairness
relevance,13,mixtral:8x7b,liberal,5.0,fairness
relevance,13,mixtral:8x7b,liberal,5.0,fairness
relevance,13,mixtral:8x7b,liberal,5.0,fairness
relevance,13,mixtral:8x7b,liberal,5.0,fairness
relevance,13,mixtral:8x7b,liberal,5.0,fairness
relevance,13,mixtral:8x7b,liberal,5.0,fairness
relevance,13,mixtral:8x7b,liberal,5.0,fairness
relevance,13,mixtral:8x7b,liberal,5.0,fairness
relevance,13,mixtral:8x7b,liberal,5.0,fairness
relevance,13,mixtral:8x7b,liberal,5.0,fairness
relevance,13,mixtral:8x7b,liberal,5.0,fairness
relevance,13,mixtral:8x7b,liberal,5.0,fairness
relevance,13,mixtral:8x7b,liberal,5.0,fairness
relevance,13,mixtral:8x7b,liberal,5.0,fairness
relevance,13,mixtral:8x7b,liberal,5.0,fairness
relevance,13,mixtral:8x7b,liberal,5.0,fairness
relevance,13,mixtral:8x7b,liberal,5.0,fairness
relevance,13,mixtral:8x7b,liberal,5.0,fairness
relevance,13,mixtral:8x7b,liberal,5.0,fairness
relevance,13,mixtral:8x7b,liberal,5.0,fairness
relevance,13,mixtral:8x7b,liberal,5.0,fairness
relevance,13,mixtral:8x7b,liberal,5.0,fairness
relevance,13,mixtral:8x7b,liberal,5.0,fairness
relevance,13,mixtral:8x7b,liberal,5.0,fairness
relevance,13,mixtral:8x7b,liberal,5.0,fairness
relevance,13,mixtral:8x7b,liberal,5.0,fairness
relevance,13,mixtral:8x7b,liberal,5.0,fairness
relevance,13,mixtral:8x7b,liberal,5.0,fairness
relevance,13,mixtral:8x7b,liberal,5.0,fairness
relevance,13,phi3:14b,conservative,5.0,fairness
relevance,13,phi3:14b,conservative,5.0,fairness
relevance,13,phi3:14b,conservative,5.0,fairness
relevance,13,phi3:14b,conservative,5.0,fairness
relevance,13,phi3:14b,conservative,4.0,fairness
relevance,13,phi3:14b,conservative,5.0,fairness
relevance,13,phi3:14b,conservative,5.0,fairness
relevance,13,phi3:14b,conservative,4.0,fairness
relevance,13,phi3:14b,conservative,4.0,fairness
relevance,13,phi3:14b,conservative,4.0,fairness
relevance,13,phi3:14b,conservative,5.0,fairness
relevance,13,phi3:14b,conservative,5.0,fairness
relevance,13,phi3:14b,conservative,5.0,fairness
relevance,13,phi3:14b,conservative,5.0,fairness
relevance,13,phi3:14b,conservative,4.0,fairness
relevance,13,phi3:14b,conservative,5.0,fairness
relevance,13,phi3:14b,conservative,5.0,fairness
relevance,13,phi3:14b,conservative,5.0,fairness
relevance,13,phi3:14b,conservative,5.0,fairness
relevance,13,phi3:14b,conservative,4.0,fairness
relevance,13,phi3:14b,conservative,4.0,fairness
relevance,13,phi3:14b,conservative,5.0,fairness
relevance,13,phi3:14b,conservative,5.0,fairness
relevance,13,phi3:14b,conservative,5.0,fairness
relevance,13,phi3:14b,conservative,5.0,fairness
relevance,13,phi3:14b,conservative,5.0,fairness
relevance,13,phi3:14b,conservative,5.0,fairness
relevance,13,phi3:14b,conservative,5.0,fairness
relevance,13,phi3:14b,conservative,5.0,fairness
relevance,13,phi3:14b,conservative,5.0,fairness
relevance,13,phi3:14b,conservative,5.0,fairness
relevance,13,phi3:14b,conservative,5.0,fairness
relevance,13,phi3:14b,conservative,5.0,fairness
relevance,13,phi3:14b,conservative,5.0,fairness
relevance,13,phi3:14b,conservative,5.0,fairness
relevance,13,phi3:14b,conservative,5.0,fairness
relevance,13,phi3:14b,conservative,5.0,fairness
relevance,13,phi3:14b,conservative,5.0,fairness
relevance,13,phi3:14b,conservative,5.0,fairness
relevance,13,phi3:14b,conservative,5.0,fairness
relevance,13,phi3:14b,conservative,4.0,fairness
relevance,13,phi3:14b,conservative,5.0,fairness
relevance,13,phi3:14b,conservative,5.0,fairness
relevance,13,phi3:14b,conservative,5.0,fairness
relevance,13,phi3:14b,conservative,5.0,fairness
relevance,13,phi3:14b,conservative,5.0,fairness
relevance,13,phi3:14b,conservative,5.0,fairness
relevance,13,phi3:14b,conservative,5.0,fairness
relevance,13,phi3:14b,conservative,5.0,fairness
relevance,13,phi3:14b,conservative,5.0,fairness
relevance,13,phi3:14b,moderate,5.0,fairness
relevance,13,phi3:14b,moderate,5.0,fairness
relevance,13,phi3:14b,moderate,4.0,fairness
relevance,13,phi3:14b,moderate,5.0,fairness
relevance,13,phi3:14b,moderate,5.0,fairness
relevance,13,phi3:14b,moderate,4.0,fairness
relevance,13,phi3:14b,moderate,5.0,fairness
relevance,13,phi3:14b,moderate,5.0,fairness
relevance,13,phi3:14b,moderate,5.0,fairness
relevance,13,phi3:14b,moderate,5.0,fairness
relevance,13,phi3:14b,moderate,5.0,fairness
relevance,13,phi3:14b,moderate,5.0,fairness
relevance,13,phi3:14b,moderate,4.0,fairness
relevance,13,phi3:14b,moderate,5.0,fairness
relevance,13,phi3:14b,moderate,5.0,fairness
relevance,13,phi3:14b,moderate,4.0,fairness
relevance,13,phi3:14b,moderate,4.0,fairness
relevance,13,phi3:14b,moderate,4.0,fairness
relevance,13,phi3:14b,moderate,5.0,fairness
relevance,13,phi3:14b,moderate,4.0,fairness
relevance,13,phi3:14b,moderate,5.0,fairness
relevance,13,phi3:14b,moderate,5.0,fairness
relevance,13,phi3:14b,moderate,5.0,fairness
relevance,13,phi3:14b,moderate,5.0,fairness
relevance,13,phi3:14b,moderate,4.0,fairness
relevance,13,phi3:14b,moderate,5.0,fairness
relevance,13,phi3:14b,moderate,5.0,fairness
relevance,13,phi3:14b,moderate,5.0,fairness
relevance,13,phi3:14b,moderate,5.0,fairness
relevance,13,phi3:14b,moderate,5.0,fairness
relevance,13,phi3:14b,moderate,5.0,fairness
relevance,13,phi3:14b,moderate,5.0,fairness
relevance,13,phi3:14b,moderate,5.0,fairness
relevance,13,phi3:14b,moderate,5.0,fairness
relevance,13,phi3:14b,moderate,5.0,fairness
relevance,13,phi3:14b,moderate,5.0,fairness
relevance,13,phi3:14b,moderate,5.0,fairness
relevance,13,phi3:14b,moderate,5.0,fairness
relevance,13,phi3:14b,moderate,5.0,fairness
relevance,13,phi3:14b,moderate,5.0,fairness
relevance,13,phi3:14b,moderate,5.0,fairness
relevance,13,phi3:14b,moderate,5.0,fairness
relevance,13,phi3:14b,moderate,5.0,fairness
relevance,13,phi3:14b,moderate,5.0,fairness
relevance,13,phi3:14b,moderate,5.0,fairness
relevance,13,phi3:14b,moderate,4.0,fairness
relevance,13,phi3:14b,moderate,5.0,fairness
relevance,13,phi3:14b,moderate,5.0,fairness
relevance,13,phi3:14b,moderate,5.0,fairness
relevance,13,phi3:14b,moderate,5.0,fairness
relevance,13,phi3:14b,liberal,5.0,fairness
relevance,13,phi3:14b,liberal,5.0,fairness
relevance,13,phi3:14b,liberal,5.0,fairness
relevance,13,phi3:14b,liberal,5.0,fairness
relevance,13,phi3:14b,liberal,5.0,fairness
relevance,13,phi3:14b,liberal,5.0,fairness
relevance,13,phi3:14b,liberal,5.0,fairness
relevance,13,phi3:14b,liberal,5.0,fairness
relevance,13,phi3:14b,liberal,5.0,fairness
relevance,13,phi3:14b,liberal,5.0,fairness
relevance,13,phi3:14b,liberal,5.0,fairness
relevance,13,phi3:14b,liberal,5.0,fairness
relevance,13,phi3:14b,liberal,5.0,fairness
relevance,13,phi3:14b,liberal,5.0,fairness
relevance,13,phi3:14b,liberal,5.0,fairness
relevance,13,phi3:14b,liberal,5.0,fairness
relevance,13,phi3:14b,liberal,5.0,fairness
relevance,13,phi3:14b,liberal,5.0,fairness
relevance,13,phi3:14b,liberal,5.0,fairness
relevance,13,phi3:14b,liberal,5.0,fairness
relevance,13,phi3:14b,liberal,5.0,fairness
relevance,13,phi3:14b,liberal,5.0,fairness
relevance,13,phi3:14b,liberal,5.0,fairness
relevance,13,phi3:14b,liberal,5.0,fairness
relevance,13,phi3:14b,liberal,5.0,fairness
relevance,13,phi3:14b,liberal,5.0,fairness
relevance,13,phi3:14b,liberal,5.0,fairness
relevance,13,phi3:14b,liberal,5.0,fairness
relevance,13,phi3:14b,liberal,5.0,fairness
relevance,13,phi3:14b,liberal,5.0,fairness
relevance,13,phi3:14b,liberal,5.0,fairness
relevance,13,phi3:14b,liberal,5.0,fairness
relevance,13,phi3:14b,liberal,5.0,fairness
relevance,13,phi3:14b,liberal,5.0,fairness
relevance,13,phi3:14b,liberal,5.0,fairness
relevance,13,phi3:14b,liberal,5.0,fairness
relevance,13,phi3:14b,liberal,5.0,fairness
relevance,13,phi3:14b,liberal,5.0,fairness
relevance,13,phi3:14b,liberal,5.0,fairness
relevance,13,phi3:14b,liberal,5.0,fairness
relevance,13,phi3:14b,liberal,5.0,fairness
relevance,13,phi3:14b,liberal,5.0,fairness
relevance,13,phi3:14b,liberal,5.0,fairness
relevance,13,phi3:14b,liberal,5.0,fairness
relevance,13,phi3:14b,liberal,5.0,fairness
relevance,13,phi3:14b,liberal,5.0,fairness
relevance,13,phi3:14b,liberal,5.0,fairness
relevance,13,phi3:14b,liberal,5.0,fairness
relevance,13,phi3:14b,liberal,5.0,fairness
relevance,13,phi3:14b,liberal,5.0,fairness
relevance,13,gemma:7b,conservative,4.0,fairness
relevance,13,gemma:7b,conservative,4.0,fairness
relevance,13,gemma:7b,conservative,4.0,fairness
relevance,13,gemma:7b,conservative,4.0,fairness
relevance,13,gemma:7b,conservative,4.0,fairness
relevance,13,gemma:7b,conservative,4.0,fairness
relevance,13,gemma:7b,conservative,4.0,fairness
relevance,13,gemma:7b,conservative,4.0,fairness
relevance,13,gemma:7b,conservative,4.0,fairness
relevance,13,gemma:7b,conservative,4.0,fairness
relevance,13,gemma:7b,conservative,4.0,fairness
relevance,13,gemma:7b,conservative,4.0,fairness
relevance,13,gemma:7b,conservative,4.0,fairness
relevance,13,gemma:7b,conservative,4.0,fairness
relevance,13,gemma:7b,conservative,4.0,fairness
relevance,13,gemma:7b,conservative,4.0,fairness
relevance,13,gemma:7b,conservative,4.0,fairness
relevance,13,gemma:7b,conservative,4.0,fairness
relevance,13,gemma:7b,conservative,4.0,fairness
relevance,13,gemma:7b,conservative,4.0,fairness
relevance,13,gemma:7b,conservative,4.0,fairness
relevance,13,gemma:7b,conservative,4.0,fairness
relevance,13,gemma:7b,conservative,4.0,fairness
relevance,13,gemma:7b,conservative,4.0,fairness
relevance,13,gemma:7b,conservative,4.0,fairness
relevance,13,gemma:7b,conservative,4.0,fairness
relevance,13,gemma:7b,conservative,4.0,fairness
relevance,13,gemma:7b,conservative,4.0,fairness
relevance,13,gemma:7b,conservative,4.0,fairness
relevance,13,gemma:7b,conservative,4.0,fairness
relevance,13,gemma:7b,conservative,4.0,fairness
relevance,13,gemma:7b,conservative,4.0,fairness
relevance,13,gemma:7b,conservative,4.0,fairness
relevance,13,gemma:7b,conservative,4.0,fairness
relevance,13,gemma:7b,conservative,4.0,fairness
relevance,13,gemma:7b,conservative,4.0,fairness
relevance,13,gemma:7b,conservative,4.0,fairness
relevance,13,gemma:7b,conservative,4.0,fairness
relevance,13,gemma:7b,conservative,4.0,fairness
relevance,13,gemma:7b,conservative,4.0,fairness
relevance,13,gemma:7b,conservative,4.0,fairness
relevance,13,gemma:7b,conservative,2.0,fairness
relevance,13,gemma:7b,conservative,4.0,fairness
relevance,13,gemma:7b,conservative,4.0,fairness
relevance,13,gemma:7b,conservative,4.0,fairness
relevance,13,gemma:7b,conservative,4.0,fairness
relevance,13,gemma:7b,conservative,4.0,fairness
relevance,13,gemma:7b,conservative,4.0,fairness
relevance,13,gemma:7b,conservative,4.0,fairness
relevance,13,gemma:7b,moderate,3.0,fairness
relevance,13,gemma:7b,moderate,4.0,fairness
relevance,13,gemma:7b,moderate,4.0,fairness
relevance,13,gemma:7b,moderate,4.0,fairness
relevance,13,gemma:7b,moderate,4.0,fairness
relevance,13,gemma:7b,moderate,4.0,fairness
relevance,13,gemma:7b,moderate,4.0,fairness
relevance,13,gemma:7b,moderate,4.0,fairness
relevance,13,gemma:7b,moderate,4.0,fairness
relevance,13,gemma:7b,moderate,4.0,fairness
relevance,13,gemma:7b,moderate,4.0,fairness
relevance,13,gemma:7b,moderate,4.0,fairness
relevance,13,gemma:7b,moderate,4.0,fairness
relevance,13,gemma:7b,moderate,4.0,fairness
relevance,13,gemma:7b,moderate,4.0,fairness
relevance,13,gemma:7b,moderate,4.0,fairness
relevance,13,gemma:7b,moderate,4.0,fairness
relevance,13,gemma:7b,moderate,4.0,fairness
relevance,13,gemma:7b,moderate,4.0,fairness
relevance,13,gemma:7b,moderate,4.0,fairness
relevance,13,gemma:7b,moderate,4.0,fairness
relevance,13,gemma:7b,moderate,4.0,fairness
relevance,13,gemma:7b,moderate,4.0,fairness
relevance,13,gemma:7b,moderate,4.0,fairness
relevance,13,gemma:7b,moderate,4.0,fairness
relevance,13,gemma:7b,moderate,4.0,fairness
relevance,13,gemma:7b,moderate,4.0,fairness
relevance,13,gemma:7b,moderate,4.0,fairness
relevance,13,gemma:7b,moderate,4.0,fairness
relevance,13,gemma:7b,moderate,4.0,fairness
relevance,13,gemma:7b,moderate,4.0,fairness
relevance,13,gemma:7b,moderate,4.0,fairness
relevance,13,gemma:7b,moderate,4.0,fairness
relevance,13,gemma:7b,moderate,4.0,fairness
relevance,13,gemma:7b,moderate,4.0,fairness
relevance,13,gemma:7b,moderate,4.0,fairness
relevance,13,gemma:7b,moderate,4.0,fairness
relevance,13,gemma:7b,moderate,4.0,fairness
relevance,13,gemma:7b,moderate,4.0,fairness
relevance,13,gemma:7b,moderate,4.0,fairness
relevance,13,gemma:7b,moderate,4.0,fairness
relevance,13,gemma:7b,moderate,4.0,fairness
relevance,13,gemma:7b,moderate,4.0,fairness
relevance,13,gemma:7b,liberal,4.0,fairness
relevance,13,gemma:7b,liberal,4.0,fairness
relevance,13,gemma:7b,liberal,4.0,fairness
relevance,13,gemma:7b,liberal,4.0,fairness
relevance,13,gemma:7b,liberal,4.0,fairness
relevance,13,gemma:7b,liberal,4.0,fairness
relevance,13,gemma:7b,liberal,4.0,fairness
relevance,13,gemma:7b,liberal,4.0,fairness
relevance,13,gemma:7b,liberal,4.0,fairness
relevance,13,gemma:7b,liberal,4.0,fairness
relevance,13,gemma:7b,liberal,4.0,fairness
relevance,13,gemma:7b,liberal,4.0,fairness
relevance,13,gemma:7b,liberal,4.0,fairness
relevance,13,gemma:7b,liberal,4.0,fairness
relevance,13,gemma:7b,liberal,4.0,fairness
relevance,13,gemma:7b,liberal,4.0,fairness
relevance,13,gemma:7b,liberal,4.0,fairness
relevance,13,gemma:7b,liberal,4.0,fairness
relevance,13,gemma:7b,liberal,4.0,fairness
relevance,13,gemma:7b,liberal,4.0,fairness
relevance,13,gemma:7b,liberal,4.0,fairness
relevance,13,gemma:7b,liberal,4.0,fairness
relevance,13,gemma:7b,liberal,4.0,fairness
relevance,13,gemma:7b,liberal,4.0,fairness
relevance,13,gemma:7b,liberal,4.0,fairness
relevance,13,gemma:7b,liberal,4.0,fairness
relevance,13,gemma:7b,liberal,4.0,fairness
relevance,13,gemma:7b,liberal,4.0,fairness
relevance,13,gemma:7b,liberal,4.0,fairness
relevance,13,gemma:7b,liberal,4.0,fairness
relevance,13,gemma:7b,liberal,4.0,fairness
relevance,13,gemma:7b,liberal,4.0,fairness
relevance,13,gemma:7b,liberal,4.0,fairness
relevance,13,gemma:7b,liberal,4.0,fairness
relevance,13,gemma:7b,liberal,4.0,fairness
relevance,13,gemma:7b,liberal,4.0,fairness
relevance,13,gemma:7b,liberal,4.0,fairness
relevance,13,gemma:7b,liberal,4.0,fairness
relevance,13,gemma:7b,liberal,4.0,fairness
relevance,13,gemma:7b,liberal,4.0,fairness
relevance,13,gemma:7b,liberal,4.0,fairness
relevance,13,gemma:7b,liberal,4.0,fairness
relevance,13,gemma:7b,liberal,4.0,fairness
relevance,13,gemma:7b,liberal,4.0,fairness
relevance,13,gemma:7b,liberal,4.0,fairness
relevance,13,gemma:7b,liberal,4.0,fairness
relevance,13,gemma:7b,liberal,4.0,fairness
relevance,13,gemma:7b,liberal,4.0,fairness
relevance,13,gemma2:27b,conservative,5.0,fairness
relevance,13,gemma2:27b,conservative,5.0,fairness
relevance,13,gemma2:27b,conservative,5.0,fairness
relevance,13,gemma2:27b,conservative,5.0,fairness
relevance,13,gemma2:27b,conservative,5.0,fairness
relevance,13,gemma2:27b,conservative,5.0,fairness
relevance,13,gemma2:27b,conservative,5.0,fairness
relevance,13,gemma2:27b,conservative,5.0,fairness
relevance,13,gemma2:27b,conservative,5.0,fairness
relevance,13,gemma2:27b,conservative,5.0,fairness
relevance,13,gemma2:27b,conservative,5.0,fairness
relevance,13,gemma2:27b,conservative,5.0,fairness
relevance,13,gemma2:27b,conservative,5.0,fairness
relevance,13,gemma2:27b,conservative,5.0,fairness
relevance,13,gemma2:27b,conservative,5.0,fairness
relevance,13,gemma2:27b,conservative,5.0,fairness
relevance,13,gemma2:27b,conservative,5.0,fairness
relevance,13,gemma2:27b,conservative,5.0,fairness
relevance,13,gemma2:27b,conservative,5.0,fairness
relevance,13,gemma2:27b,conservative,5.0,fairness
relevance,13,gemma2:27b,conservative,5.0,fairness
relevance,13,gemma2:27b,conservative,5.0,fairness
relevance,13,gemma2:27b,conservative,5.0,fairness
relevance,13,gemma2:27b,conservative,5.0,fairness
relevance,13,gemma2:27b,conservative,5.0,fairness
relevance,13,gemma2:27b,conservative,5.0,fairness
relevance,13,gemma2:27b,conservative,5.0,fairness
relevance,13,gemma2:27b,conservative,5.0,fairness
relevance,13,gemma2:27b,conservative,5.0,fairness
relevance,13,gemma2:27b,conservative,5.0,fairness
relevance,13,gemma2:27b,conservative,5.0,fairness
relevance,13,gemma2:27b,conservative,5.0,fairness
relevance,13,gemma2:27b,conservative,5.0,fairness
relevance,13,gemma2:27b,conservative,5.0,fairness
relevance,13,gemma2:27b,conservative,5.0,fairness
relevance,13,gemma2:27b,conservative,5.0,fairness
relevance,13,gemma2:27b,conservative,5.0,fairness
relevance,13,gemma2:27b,conservative,5.0,fairness
relevance,13,gemma2:27b,conservative,5.0,fairness
relevance,13,gemma2:27b,conservative,5.0,fairness
relevance,13,gemma2:27b,conservative,5.0,fairness
relevance,13,gemma2:27b,conservative,5.0,fairness
relevance,13,gemma2:27b,conservative,5.0,fairness
relevance,13,gemma2:27b,conservative,5.0,fairness
relevance,13,gemma2:27b,conservative,5.0,fairness
relevance,13,gemma2:27b,conservative,5.0,fairness
relevance,13,gemma2:27b,conservative,5.0,fairness
relevance,13,gemma2:27b,conservative,5.0,fairness
relevance,13,gemma2:27b,conservative,5.0,fairness
relevance,13,gemma2:27b,conservative,5.0,fairness
relevance,13,gemma2:27b,moderate,5.0,fairness
relevance,13,gemma2:27b,moderate,5.0,fairness
relevance,13,gemma2:27b,moderate,5.0,fairness
relevance,13,gemma2:27b,moderate,5.0,fairness
relevance,13,gemma2:27b,moderate,5.0,fairness
relevance,13,gemma2:27b,moderate,5.0,fairness
relevance,13,gemma2:27b,moderate,5.0,fairness
relevance,13,gemma2:27b,moderate,5.0,fairness
relevance,13,gemma2:27b,moderate,5.0,fairness
relevance,13,gemma2:27b,moderate,5.0,fairness
relevance,13,gemma2:27b,moderate,5.0,fairness
relevance,13,gemma2:27b,moderate,5.0,fairness
relevance,13,gemma2:27b,moderate,5.0,fairness
relevance,13,gemma2:27b,moderate,5.0,fairness
relevance,13,gemma2:27b,moderate,5.0,fairness
relevance,13,gemma2:27b,moderate,5.0,fairness
relevance,13,gemma2:27b,moderate,5.0,fairness
relevance,13,gemma2:27b,moderate,5.0,fairness
relevance,13,gemma2:27b,moderate,5.0,fairness
relevance,13,gemma2:27b,moderate,5.0,fairness
relevance,13,gemma2:27b,moderate,5.0,fairness
relevance,13,gemma2:27b,moderate,5.0,fairness
relevance,13,gemma2:27b,moderate,5.0,fairness
relevance,13,gemma2:27b,moderate,5.0,fairness
relevance,13,gemma2:27b,moderate,5.0,fairness
relevance,13,gemma2:27b,moderate,5.0,fairness
relevance,13,gemma2:27b,moderate,5.0,fairness
relevance,13,gemma2:27b,moderate,5.0,fairness
relevance,13,gemma2:27b,moderate,5.0,fairness
relevance,13,gemma2:27b,moderate,5.0,fairness
relevance,13,gemma2:27b,moderate,5.0,fairness
relevance,13,gemma2:27b,moderate,5.0,fairness
relevance,13,gemma2:27b,moderate,5.0,fairness
relevance,13,gemma2:27b,moderate,5.0,fairness
relevance,13,gemma2:27b,moderate,5.0,fairness
relevance,13,gemma2:27b,moderate,5.0,fairness
relevance,13,gemma2:27b,moderate,5.0,fairness
relevance,13,gemma2:27b,moderate,5.0,fairness
relevance,13,gemma2:27b,moderate,5.0,fairness
relevance,13,gemma2:27b,moderate,5.0,fairness
relevance,13,gemma2:27b,moderate,5.0,fairness
relevance,13,gemma2:27b,moderate,5.0,fairness
relevance,13,gemma2:27b,moderate,5.0,fairness
relevance,13,gemma2:27b,moderate,5.0,fairness
relevance,13,gemma2:27b,moderate,5.0,fairness
relevance,13,gemma2:27b,moderate,5.0,fairness
relevance,13,gemma2:27b,moderate,5.0,fairness
relevance,13,gemma2:27b,moderate,5.0,fairness
relevance,13,gemma2:27b,moderate,5.0,fairness
relevance,13,gemma2:27b,moderate,5.0,fairness
relevance,13,gemma2:27b,liberal,5.0,fairness
relevance,13,gemma2:27b,liberal,5.0,fairness
relevance,13,gemma2:27b,liberal,5.0,fairness
relevance,13,gemma2:27b,liberal,5.0,fairness
relevance,13,gemma2:27b,liberal,5.0,fairness
relevance,13,gemma2:27b,liberal,5.0,fairness
relevance,13,gemma2:27b,liberal,5.0,fairness
relevance,13,gemma2:27b,liberal,5.0,fairness
relevance,13,gemma2:27b,liberal,5.0,fairness
relevance,13,gemma2:27b,liberal,5.0,fairness
relevance,13,gemma2:27b,liberal,5.0,fairness
relevance,13,gemma2:27b,liberal,5.0,fairness
relevance,13,gemma2:27b,liberal,5.0,fairness
relevance,13,gemma2:27b,liberal,5.0,fairness
relevance,13,gemma2:27b,liberal,5.0,fairness
relevance,13,gemma2:27b,liberal,5.0,fairness
relevance,13,gemma2:27b,liberal,5.0,fairness
relevance,13,gemma2:27b,liberal,5.0,fairness
relevance,13,gemma2:27b,liberal,5.0,fairness
relevance,13,gemma2:27b,liberal,5.0,fairness
relevance,13,gemma2:27b,liberal,5.0,fairness
relevance,13,gemma2:27b,liberal,5.0,fairness
relevance,13,gemma2:27b,liberal,5.0,fairness
relevance,13,gemma2:27b,liberal,5.0,fairness
relevance,13,gemma2:27b,liberal,5.0,fairness
relevance,13,gemma2:27b,liberal,5.0,fairness
relevance,13,gemma2:27b,liberal,5.0,fairness
relevance,13,gemma2:27b,liberal,5.0,fairness
relevance,13,gemma2:27b,liberal,5.0,fairness
relevance,13,gemma2:27b,liberal,5.0,fairness
relevance,13,gemma2:27b,liberal,5.0,fairness
relevance,13,gemma2:27b,liberal,5.0,fairness
relevance,13,gemma2:27b,liberal,5.0,fairness
relevance,13,gemma2:27b,liberal,5.0,fairness
relevance,13,gemma2:27b,liberal,5.0,fairness
relevance,13,gemma2:27b,liberal,5.0,fairness
relevance,13,gemma2:27b,liberal,5.0,fairness
relevance,13,gemma2:27b,liberal,5.0,fairness
relevance,13,gemma2:27b,liberal,5.0,fairness
relevance,13,gemma2:27b,liberal,5.0,fairness
relevance,13,gemma2:27b,liberal,5.0,fairness
relevance,13,gemma2:27b,liberal,5.0,fairness
relevance,13,gemma2:27b,liberal,5.0,fairness
relevance,13,gemma2:27b,liberal,5.0,fairness
relevance,13,gemma2:27b,liberal,5.0,fairness
relevance,13,gemma2:27b,liberal,5.0,fairness
relevance,13,gemma2:27b,liberal,5.0,fairness
relevance,13,gemma2:27b,liberal,5.0,fairness
relevance,13,gemma2:27b,liberal,5.0,fairness
relevance,13,gemma2:27b,liberal,5.0,fairness
relevance,13,qwen:72b,conservative,5.0,fairness
relevance,13,qwen:72b,conservative,5.0,fairness
relevance,13,qwen:72b,conservative,4.0,fairness
relevance,13,qwen:72b,conservative,5.0,fairness
relevance,13,qwen:72b,conservative,5.0,fairness
relevance,13,qwen:72b,conservative,5.0,fairness
relevance,13,qwen:72b,conservative,5.0,fairness
relevance,13,qwen:72b,conservative,5.0,fairness
relevance,13,qwen:72b,conservative,5.0,fairness
relevance,13,qwen:72b,conservative,5.0,fairness
relevance,13,qwen:72b,conservative,5.0,fairness
relevance,13,qwen:72b,conservative,5.0,fairness
relevance,13,qwen:72b,conservative,5.0,fairness
relevance,13,qwen:72b,conservative,5.0,fairness
relevance,13,qwen:72b,conservative,4.0,fairness
relevance,13,qwen:72b,conservative,5.0,fairness
relevance,13,qwen:72b,conservative,5.0,fairness
relevance,13,qwen:72b,conservative,5.0,fairness
relevance,13,qwen:72b,conservative,4.0,fairness
relevance,13,qwen:72b,conservative,4.0,fairness
relevance,13,qwen:72b,conservative,4.0,fairness
relevance,13,qwen:72b,conservative,4.0,fairness
relevance,13,qwen:72b,conservative,5.0,fairness
relevance,13,qwen:72b,conservative,5.0,fairness
relevance,13,qwen:72b,conservative,5.0,fairness
relevance,13,qwen:72b,conservative,5.0,fairness
relevance,13,qwen:72b,conservative,5.0,fairness
relevance,13,qwen:72b,conservative,5.0,fairness
relevance,13,qwen:72b,conservative,5.0,fairness
relevance,13,qwen:72b,conservative,5.0,fairness
relevance,13,qwen:72b,conservative,5.0,fairness
relevance,13,qwen:72b,conservative,5.0,fairness
relevance,13,qwen:72b,conservative,4.0,fairness
relevance,13,qwen:72b,conservative,5.0,fairness
relevance,13,qwen:72b,conservative,5.0,fairness
relevance,13,qwen:72b,conservative,5.0,fairness
relevance,13,qwen:72b,conservative,5.0,fairness
relevance,13,qwen:72b,conservative,5.0,fairness
relevance,13,qwen:72b,conservative,5.0,fairness
relevance,13,qwen:72b,conservative,5.0,fairness
relevance,13,qwen:72b,conservative,5.0,fairness
relevance,13,qwen:72b,conservative,5.0,fairness
relevance,13,qwen:72b,conservative,5.0,fairness
relevance,13,qwen:72b,conservative,5.0,fairness
relevance,13,qwen:72b,conservative,5.0,fairness
relevance,13,qwen:72b,conservative,5.0,fairness
relevance,13,qwen:72b,conservative,5.0,fairness
relevance,13,qwen:72b,conservative,5.0,fairness
relevance,13,qwen:72b,conservative,5.0,fairness
relevance,13,qwen:72b,conservative,5.0,fairness
relevance,13,qwen:72b,moderate,5.0,fairness
relevance,13,qwen:72b,moderate,5.0,fairness
relevance,13,qwen:72b,moderate,5.0,fairness
relevance,13,qwen:72b,moderate,5.0,fairness
relevance,13,qwen:72b,moderate,5.0,fairness
relevance,13,qwen:72b,moderate,5.0,fairness
relevance,13,qwen:72b,moderate,5.0,fairness
relevance,13,qwen:72b,moderate,5.0,fairness
relevance,13,qwen:72b,moderate,4.0,fairness
relevance,13,qwen:72b,moderate,5.0,fairness
relevance,13,qwen:72b,moderate,5.0,fairness
relevance,13,qwen:72b,moderate,5.0,fairness
relevance,13,qwen:72b,moderate,5.0,fairness
relevance,13,qwen:72b,moderate,5.0,fairness
relevance,13,qwen:72b,moderate,5.0,fairness
relevance,13,qwen:72b,moderate,5.0,fairness
relevance,13,qwen:72b,moderate,5.0,fairness
relevance,13,qwen:72b,moderate,5.0,fairness
relevance,13,qwen:72b,moderate,5.0,fairness
relevance,13,qwen:72b,moderate,5.0,fairness
relevance,13,qwen:72b,moderate,5.0,fairness
relevance,13,qwen:72b,moderate,5.0,fairness
relevance,13,qwen:72b,moderate,4.0,fairness
relevance,13,qwen:72b,moderate,5.0,fairness
relevance,13,qwen:72b,moderate,5.0,fairness
relevance,13,qwen:72b,moderate,5.0,fairness
relevance,13,qwen:72b,moderate,5.0,fairness
relevance,13,qwen:72b,moderate,5.0,fairness
relevance,13,qwen:72b,moderate,4.0,fairness
relevance,13,qwen:72b,moderate,5.0,fairness
relevance,13,qwen:72b,moderate,5.0,fairness
relevance,13,qwen:72b,moderate,5.0,fairness
relevance,13,qwen:72b,moderate,5.0,fairness
relevance,13,qwen:72b,moderate,5.0,fairness
relevance,13,qwen:72b,moderate,5.0,fairness
relevance,13,qwen:72b,moderate,5.0,fairness
relevance,13,qwen:72b,moderate,5.0,fairness
relevance,13,qwen:72b,moderate,4.0,fairness
relevance,13,qwen:72b,moderate,5.0,fairness
relevance,13,qwen:72b,moderate,5.0,fairness
relevance,13,qwen:72b,moderate,5.0,fairness
relevance,13,qwen:72b,moderate,5.0,fairness
relevance,13,qwen:72b,moderate,5.0,fairness
relevance,13,qwen:72b,moderate,5.0,fairness
relevance,13,qwen:72b,moderate,5.0,fairness
relevance,13,qwen:72b,moderate,5.0,fairness
relevance,13,qwen:72b,moderate,5.0,fairness
relevance,13,qwen:72b,moderate,4.0,fairness
relevance,13,qwen:72b,moderate,5.0,fairness
relevance,13,qwen:72b,moderate,5.0,fairness
relevance,13,qwen:72b,liberal,5.0,fairness
relevance,13,qwen:72b,liberal,5.0,fairness
relevance,13,qwen:72b,liberal,5.0,fairness
relevance,13,qwen:72b,liberal,5.0,fairness
relevance,13,qwen:72b,liberal,5.0,fairness
relevance,13,qwen:72b,liberal,5.0,fairness
relevance,13,qwen:72b,liberal,5.0,fairness
relevance,13,qwen:72b,liberal,5.0,fairness
relevance,13,qwen:72b,liberal,5.0,fairness
relevance,13,qwen:72b,liberal,5.0,fairness
relevance,13,qwen:72b,liberal,5.0,fairness
relevance,13,qwen:72b,liberal,5.0,fairness
relevance,13,qwen:72b,liberal,5.0,fairness
relevance,13,qwen:72b,liberal,5.0,fairness
relevance,13,qwen:72b,liberal,5.0,fairness
relevance,13,qwen:72b,liberal,5.0,fairness
relevance,13,qwen:72b,liberal,5.0,fairness
relevance,13,qwen:72b,liberal,5.0,fairness
relevance,13,qwen:72b,liberal,5.0,fairness
relevance,13,qwen:72b,liberal,5.0,fairness
relevance,13,qwen:72b,liberal,5.0,fairness
relevance,13,qwen:72b,liberal,5.0,fairness
relevance,13,qwen:72b,liberal,5.0,fairness
relevance,13,qwen:72b,liberal,5.0,fairness
relevance,13,qwen:72b,liberal,5.0,fairness
relevance,13,qwen:72b,liberal,5.0,fairness
relevance,13,qwen:72b,liberal,5.0,fairness
relevance,13,qwen:72b,liberal,5.0,fairness
relevance,13,qwen:72b,liberal,5.0,fairness
relevance,13,qwen:72b,liberal,5.0,fairness
relevance,13,qwen:72b,liberal,5.0,fairness
relevance,13,qwen:72b,liberal,5.0,fairness
relevance,13,qwen:72b,liberal,5.0,fairness
relevance,13,qwen:72b,liberal,5.0,fairness
relevance,13,qwen:72b,liberal,5.0,fairness
relevance,13,qwen:72b,liberal,5.0,fairness
relevance,13,qwen:72b,liberal,5.0,fairness
relevance,13,qwen:72b,liberal,5.0,fairness
relevance,13,qwen:72b,liberal,5.0,fairness
relevance,13,qwen:72b,liberal,5.0,fairness
relevance,13,qwen:72b,liberal,5.0,fairness
relevance,13,qwen:72b,liberal,5.0,fairness
relevance,13,qwen:72b,liberal,5.0,fairness
relevance,13,qwen:72b,liberal,5.0,fairness
relevance,13,qwen:72b,liberal,5.0,fairness
relevance,13,qwen:72b,liberal,5.0,fairness
relevance,13,qwen:72b,liberal,5.0,fairness
relevance,13,qwen:72b,liberal,5.0,fairness
relevance,13,qwen2:72b,conservative,5.0,fairness
relevance,13,qwen2:72b,conservative,5.0,fairness
relevance,13,qwen2:72b,conservative,5.0,fairness
relevance,13,qwen2:72b,conservative,5.0,fairness
relevance,13,qwen2:72b,conservative,5.0,fairness
relevance,13,qwen2:72b,conservative,5.0,fairness
relevance,13,qwen2:72b,conservative,5.0,fairness
relevance,13,qwen2:72b,conservative,5.0,fairness
relevance,13,qwen2:72b,conservative,5.0,fairness
relevance,13,qwen2:72b,conservative,5.0,fairness
relevance,13,qwen2:72b,conservative,5.0,fairness
relevance,13,qwen2:72b,conservative,5.0,fairness
relevance,13,qwen2:72b,conservative,5.0,fairness
relevance,13,qwen2:72b,conservative,5.0,fairness
relevance,13,qwen2:72b,conservative,5.0,fairness
relevance,13,qwen2:72b,conservative,5.0,fairness
relevance,13,qwen2:72b,conservative,5.0,fairness
relevance,13,qwen2:72b,conservative,5.0,fairness
relevance,13,qwen2:72b,conservative,5.0,fairness
relevance,13,qwen2:72b,conservative,5.0,fairness
relevance,13,qwen2:72b,conservative,5.0,fairness
relevance,13,qwen2:72b,conservative,5.0,fairness
relevance,13,qwen2:72b,conservative,5.0,fairness
relevance,13,qwen2:72b,conservative,5.0,fairness
relevance,13,qwen2:72b,conservative,5.0,fairness
relevance,13,qwen2:72b,conservative,5.0,fairness
relevance,13,qwen2:72b,conservative,5.0,fairness
relevance,13,qwen2:72b,conservative,5.0,fairness
relevance,13,qwen2:72b,conservative,5.0,fairness
relevance,13,qwen2:72b,conservative,5.0,fairness
relevance,13,qwen2:72b,conservative,5.0,fairness
relevance,13,qwen2:72b,conservative,5.0,fairness
relevance,13,qwen2:72b,conservative,5.0,fairness
relevance,13,qwen2:72b,conservative,5.0,fairness
relevance,13,qwen2:72b,conservative,5.0,fairness
relevance,13,qwen2:72b,conservative,5.0,fairness
relevance,13,qwen2:72b,conservative,5.0,fairness
relevance,13,qwen2:72b,conservative,5.0,fairness
relevance,13,qwen2:72b,conservative,5.0,fairness
relevance,13,qwen2:72b,conservative,5.0,fairness
relevance,13,qwen2:72b,conservative,5.0,fairness
relevance,13,qwen2:72b,conservative,5.0,fairness
relevance,13,qwen2:72b,conservative,5.0,fairness
relevance,13,qwen2:72b,conservative,5.0,fairness
relevance,13,qwen2:72b,conservative,5.0,fairness
relevance,13,qwen2:72b,conservative,5.0,fairness
relevance,13,qwen2:72b,conservative,5.0,fairness
relevance,13,qwen2:72b,conservative,5.0,fairness
relevance,13,qwen2:72b,conservative,5.0,fairness
relevance,13,qwen2:72b,conservative,5.0,fairness
relevance,13,qwen2:72b,moderate,5.0,fairness
relevance,13,qwen2:72b,moderate,5.0,fairness
relevance,13,qwen2:72b,moderate,5.0,fairness
relevance,13,qwen2:72b,moderate,5.0,fairness
relevance,13,qwen2:72b,moderate,5.0,fairness
relevance,13,qwen2:72b,moderate,5.0,fairness
relevance,13,qwen2:72b,moderate,5.0,fairness
relevance,13,qwen2:72b,moderate,5.0,fairness
relevance,13,qwen2:72b,moderate,5.0,fairness
relevance,13,qwen2:72b,moderate,5.0,fairness
relevance,13,qwen2:72b,moderate,5.0,fairness
relevance,13,qwen2:72b,moderate,5.0,fairness
relevance,13,qwen2:72b,moderate,5.0,fairness
relevance,13,qwen2:72b,moderate,5.0,fairness
relevance,13,qwen2:72b,moderate,5.0,fairness
relevance,13,qwen2:72b,moderate,5.0,fairness
relevance,13,qwen2:72b,moderate,5.0,fairness
relevance,13,qwen2:72b,moderate,5.0,fairness
relevance,13,qwen2:72b,moderate,5.0,fairness
relevance,13,qwen2:72b,moderate,5.0,fairness
relevance,13,qwen2:72b,moderate,5.0,fairness
relevance,13,qwen2:72b,moderate,5.0,fairness
relevance,13,qwen2:72b,moderate,5.0,fairness
relevance,13,qwen2:72b,moderate,5.0,fairness
relevance,13,qwen2:72b,moderate,5.0,fairness
relevance,13,qwen2:72b,moderate,5.0,fairness
relevance,13,qwen2:72b,moderate,5.0,fairness
relevance,13,qwen2:72b,moderate,5.0,fairness
relevance,13,qwen2:72b,moderate,5.0,fairness
relevance,13,qwen2:72b,moderate,5.0,fairness
relevance,13,qwen2:72b,moderate,5.0,fairness
relevance,13,qwen2:72b,moderate,5.0,fairness
relevance,13,qwen2:72b,moderate,5.0,fairness
relevance,13,qwen2:72b,moderate,5.0,fairness
relevance,13,qwen2:72b,moderate,5.0,fairness
relevance,13,qwen2:72b,moderate,5.0,fairness
relevance,13,qwen2:72b,moderate,5.0,fairness
relevance,13,qwen2:72b,moderate,5.0,fairness
relevance,13,qwen2:72b,moderate,5.0,fairness
relevance,13,qwen2:72b,moderate,5.0,fairness
relevance,13,qwen2:72b,moderate,5.0,fairness
relevance,13,qwen2:72b,moderate,5.0,fairness
relevance,13,qwen2:72b,moderate,5.0,fairness
relevance,13,qwen2:72b,moderate,5.0,fairness
relevance,13,qwen2:72b,moderate,5.0,fairness
relevance,13,qwen2:72b,moderate,5.0,fairness
relevance,13,qwen2:72b,moderate,5.0,fairness
relevance,13,qwen2:72b,moderate,5.0,fairness
relevance,13,qwen2:72b,moderate,5.0,fairness
relevance,13,qwen2:72b,moderate,5.0,fairness
relevance,13,qwen2:72b,liberal,5.0,fairness
relevance,13,qwen2:72b,liberal,5.0,fairness
relevance,13,qwen2:72b,liberal,5.0,fairness
relevance,13,qwen2:72b,liberal,5.0,fairness
relevance,13,qwen2:72b,liberal,5.0,fairness
relevance,13,qwen2:72b,liberal,5.0,fairness
relevance,13,qwen2:72b,liberal,5.0,fairness
relevance,13,qwen2:72b,liberal,5.0,fairness
relevance,13,qwen2:72b,liberal,5.0,fairness
relevance,13,qwen2:72b,liberal,5.0,fairness
relevance,13,qwen2:72b,liberal,5.0,fairness
relevance,13,qwen2:72b,liberal,5.0,fairness
relevance,13,qwen2:72b,liberal,5.0,fairness
relevance,13,qwen2:72b,liberal,5.0,fairness
relevance,13,qwen2:72b,liberal,5.0,fairness
relevance,13,qwen2:72b,liberal,5.0,fairness
relevance,13,qwen2:72b,liberal,5.0,fairness
relevance,13,qwen2:72b,liberal,5.0,fairness
relevance,13,qwen2:72b,liberal,5.0,fairness
relevance,13,qwen2:72b,liberal,5.0,fairness
relevance,13,qwen2:72b,liberal,5.0,fairness
relevance,13,qwen2:72b,liberal,5.0,fairness
relevance,13,qwen2:72b,liberal,5.0,fairness
relevance,13,qwen2:72b,liberal,5.0,fairness
relevance,13,qwen2:72b,liberal,5.0,fairness
relevance,13,qwen2:72b,liberal,5.0,fairness
relevance,13,qwen2:72b,liberal,5.0,fairness
relevance,13,qwen2:72b,liberal,5.0,fairness
relevance,13,qwen2:72b,liberal,5.0,fairness
relevance,13,qwen2:72b,liberal,5.0,fairness
relevance,13,qwen2:72b,liberal,5.0,fairness
relevance,13,qwen2:72b,liberal,5.0,fairness
relevance,13,qwen2:72b,liberal,5.0,fairness
relevance,13,qwen2:72b,liberal,5.0,fairness
relevance,13,qwen2:72b,liberal,5.0,fairness
relevance,13,qwen2:72b,liberal,5.0,fairness
relevance,13,qwen2:72b,liberal,5.0,fairness
relevance,13,qwen2:72b,liberal,5.0,fairness
relevance,13,qwen2:72b,liberal,5.0,fairness
relevance,13,qwen2:72b,liberal,5.0,fairness
relevance,13,qwen2:72b,liberal,5.0,fairness
relevance,13,qwen2:72b,liberal,5.0,fairness
relevance,13,qwen2:72b,liberal,5.0,fairness
relevance,13,qwen2:72b,liberal,5.0,fairness
relevance,13,qwen2:72b,liberal,5.0,fairness
relevance,13,qwen2:72b,liberal,5.0,fairness
relevance,13,qwen2:72b,liberal,5.0,fairness
relevance,13,qwen2:72b,liberal,5.0,fairness
relevance,13,qwen2:72b,liberal,5.0,fairness
relevance,13,qwen2:72b,liberal,5.0,fairness
relevance,14,llama3.1:8b,conservative,5.0,ingroup
relevance,14,llama3.1:8b,conservative,3.0,ingroup
relevance,14,llama3.1:8b,conservative,5.0,ingroup
relevance,14,llama3.1:8b,conservative,3.0,ingroup
relevance,14,llama3.1:8b,conservative,4.0,ingroup
relevance,14,llama3.1:8b,conservative,3.0,ingroup
relevance,14,llama3.1:8b,conservative,2.0,ingroup
relevance,14,llama3.1:8b,conservative,3.0,ingroup
relevance,14,llama3.1:8b,conservative,4.0,ingroup
relevance,14,llama3.1:8b,conservative,5.0,ingroup
relevance,14,llama3.1:8b,conservative,5.0,ingroup
relevance,14,llama3.1:8b,conservative,4.0,ingroup
relevance,14,llama3.1:8b,conservative,3.0,ingroup
relevance,14,llama3.1:8b,conservative,5.0,ingroup
relevance,14,llama3.1:8b,conservative,3.0,ingroup
relevance,14,llama3.1:8b,conservative,3.0,ingroup
relevance,14,llama3.1:8b,conservative,2.0,ingroup
relevance,14,llama3.1:8b,conservative,5.0,ingroup
relevance,14,llama3.1:8b,conservative,4.0,ingroup
relevance,14,llama3.1:8b,conservative,3.0,ingroup
relevance,14,llama3.1:8b,conservative,5.0,ingroup
relevance,14,llama3.1:8b,conservative,2.0,ingroup
relevance,14,llama3.1:8b,conservative,3.0,ingroup
relevance,14,llama3.1:8b,conservative,5.0,ingroup
relevance,14,llama3.1:8b,conservative,2.0,ingroup
relevance,14,llama3.1:8b,conservative,3.0,ingroup
relevance,14,llama3.1:8b,conservative,3.0,ingroup
relevance,14,llama3.1:8b,conservative,2.0,ingroup
relevance,14,llama3.1:8b,conservative,3.0,ingroup
relevance,14,llama3.1:8b,conservative,5.0,ingroup
relevance,14,llama3.1:8b,conservative,3.0,ingroup
relevance,14,llama3.1:8b,conservative,4.0,ingroup
relevance,14,llama3.1:8b,conservative,3.0,ingroup
relevance,14,llama3.1:8b,conservative,3.0,ingroup
relevance,14,llama3.1:8b,conservative,3.0,ingroup
relevance,14,llama3.1:8b,conservative,4.0,ingroup
relevance,14,llama3.1:8b,conservative,3.0,ingroup
relevance,14,llama3.1:8b,conservative,2.0,ingroup
relevance,14,llama3.1:8b,conservative,2.0,ingroup
relevance,14,llama3.1:8b,conservative,5.0,ingroup
relevance,14,llama3.1:8b,conservative,5.0,ingroup
relevance,14,llama3.1:8b,conservative,3.0,ingroup
relevance,14,llama3.1:8b,conservative,3.0,ingroup
relevance,14,llama3.1:8b,conservative,2.0,ingroup
relevance,14,llama3.1:8b,conservative,3.0,ingroup
relevance,14,llama3.1:8b,conservative,2.0,ingroup
relevance,14,llama3.1:8b,conservative,2.0,ingroup
relevance,14,llama3.1:8b,conservative,5.0,ingroup
relevance,14,llama3.1:8b,conservative,5.0,ingroup
relevance,14,llama3.1:8b,conservative,3.0,ingroup
relevance,14,llama3.1:8b,moderate,3.0,ingroup
relevance,14,llama3.1:8b,moderate,2.0,ingroup
relevance,14,llama3.1:8b,moderate,2.0,ingroup
relevance,14,llama3.1:8b,moderate,3.0,ingroup
relevance,14,llama3.1:8b,moderate,2.0,ingroup
relevance,14,llama3.1:8b,moderate,1.0,ingroup
relevance,14,llama3.1:8b,moderate,2.0,ingroup
relevance,14,llama3.1:8b,moderate,2.0,ingroup
relevance,14,llama3.1:8b,moderate,2.0,ingroup
relevance,14,llama3.1:8b,moderate,3.0,ingroup
relevance,14,llama3.1:8b,moderate,2.0,ingroup
relevance,14,llama3.1:8b,moderate,3.0,ingroup
relevance,14,llama3.1:8b,moderate,3.0,ingroup
relevance,14,llama3.1:8b,moderate,3.0,ingroup
relevance,14,llama3.1:8b,moderate,1.0,ingroup
relevance,14,llama3.1:8b,moderate,2.0,ingroup
relevance,14,llama3.1:8b,moderate,3.0,ingroup
relevance,14,llama3.1:8b,moderate,2.0,ingroup
relevance,14,llama3.1:8b,moderate,3.0,ingroup
relevance,14,llama3.1:8b,moderate,2.0,ingroup
relevance,14,llama3.1:8b,moderate,2.0,ingroup
relevance,14,llama3.1:8b,moderate,4.0,ingroup
relevance,14,llama3.1:8b,moderate,3.0,ingroup
relevance,14,llama3.1:8b,moderate,3.0,ingroup
relevance,14,llama3.1:8b,moderate,3.0,ingroup
relevance,14,llama3.1:8b,moderate,2.0,ingroup
relevance,14,llama3.1:8b,moderate,2.0,ingroup
relevance,14,llama3.1:8b,moderate,3.0,ingroup
relevance,14,llama3.1:8b,moderate,2.0,ingroup
relevance,14,llama3.1:8b,moderate,2.0,ingroup
relevance,14,llama3.1:8b,moderate,3.0,ingroup
relevance,14,llama3.1:8b,moderate,1.0,ingroup
relevance,14,llama3.1:8b,moderate,4.0,ingroup
relevance,14,llama3.1:8b,moderate,3.0,ingroup
relevance,14,llama3.1:8b,moderate,3.0,ingroup
relevance,14,llama3.1:8b,moderate,3.0,ingroup
relevance,14,llama3.1:8b,moderate,2.0,ingroup
relevance,14,llama3.1:8b,moderate,3.0,ingroup
relevance,14,llama3.1:8b,moderate,2.0,ingroup
relevance,14,llama3.1:8b,moderate,2.0,ingroup
relevance,14,llama3.1:8b,moderate,3.0,ingroup
relevance,14,llama3.1:8b,moderate,4.0,ingroup
relevance,14,llama3.1:8b,moderate,3.0,ingroup
relevance,14,llama3.1:8b,moderate,3.0,ingroup
relevance,14,llama3.1:8b,moderate,2.0,ingroup
relevance,14,llama3.1:8b,moderate,2.0,ingroup
relevance,14,llama3.1:8b,moderate,2.0,ingroup
relevance,14,llama3.1:8b,moderate,2.0,ingroup
relevance,14,llama3.1:8b,moderate,2.0,ingroup
relevance,14,llama3.1:8b,moderate,2.0,ingroup
relevance,14,llama3.1:8b,liberal,2.0,ingroup
relevance,14,llama3.1:8b,liberal,2.0,ingroup
relevance,14,llama3.1:8b,liberal,2.0,ingroup
relevance,14,llama3.1:8b,liberal,2.0,ingroup
relevance,14,llama3.1:8b,liberal,4.0,ingroup
relevance,14,llama3.1:8b,liberal,3.0,ingroup
relevance,14,llama3.1:8b,liberal,2.0,ingroup
relevance,14,llama3.1:8b,liberal,3.0,ingroup
relevance,14,llama3.1:8b,liberal,3.0,ingroup
relevance,14,llama3.1:8b,liberal,2.0,ingroup
relevance,14,llama3.1:8b,liberal,1.0,ingroup
relevance,14,llama3.1:8b,liberal,2.0,ingroup
relevance,14,llama3.1:8b,liberal,3.0,ingroup
relevance,14,llama3.1:8b,liberal,3.0,ingroup
relevance,14,llama3.1:8b,liberal,3.0,ingroup
relevance,14,llama3.1:8b,liberal,3.0,ingroup
relevance,14,llama3.1:8b,liberal,2.0,ingroup
relevance,14,llama3.1:8b,liberal,2.0,ingroup
relevance,14,llama3.1:8b,liberal,3.0,ingroup
relevance,14,llama3.1:8b,liberal,3.0,ingroup
relevance,14,llama3.1:8b,liberal,2.0,ingroup
relevance,14,llama3.1:8b,liberal,3.0,ingroup
relevance,14,llama3.1:8b,liberal,2.0,ingroup
relevance,14,llama3.1:8b,liberal,3.0,ingroup
relevance,14,llama3.1:8b,liberal,2.0,ingroup
relevance,14,llama3.1:8b,liberal,2.0,ingroup
relevance,14,llama3.1:8b,liberal,3.0,ingroup
relevance,14,llama3.1:8b,liberal,1.0,ingroup
relevance,14,llama3.1:8b,liberal,3.0,ingroup
relevance,14,llama3.1:8b,liberal,2.0,ingroup
relevance,14,llama3.1:8b,liberal,2.0,ingroup
relevance,14,llama3.1:8b,liberal,4.0,ingroup
relevance,14,llama3.1:8b,liberal,3.0,ingroup
relevance,14,llama3.1:8b,liberal,5.0,ingroup
relevance,14,llama3.1:8b,liberal,2.0,ingroup
relevance,14,llama3.1:8b,liberal,3.0,ingroup
relevance,14,llama3.1:8b,liberal,4.0,ingroup
relevance,14,llama3.1:8b,liberal,2.0,ingroup
relevance,14,llama3.1:8b,liberal,2.0,ingroup
relevance,14,llama3.1:8b,liberal,2.0,ingroup
relevance,14,llama3.1:8b,liberal,2.0,ingroup
relevance,14,llama3.1:8b,liberal,3.0,ingroup
relevance,14,llama3.1:8b,liberal,2.0,ingroup
relevance,14,llama3.1:8b,liberal,2.0,ingroup
relevance,14,llama3.1:8b,liberal,3.0,ingroup
relevance,14,llama3.1:8b,liberal,3.0,ingroup
relevance,14,llama3.1:8b,liberal,3.0,ingroup
relevance,14,llama3.1:8b,liberal,2.0,ingroup
relevance,14,llama3.1:8b,liberal,4.0,ingroup
relevance,14,llama3.1:8b,liberal,2.0,ingroup
relevance,14,llama2:70b,conservative,3.0,ingroup
relevance,14,llama2:70b,conservative,3.0,ingroup
relevance,14,llama2:70b,conservative,3.0,ingroup
relevance,14,llama2:70b,conservative,3.0,ingroup
relevance,14,llama2:70b,conservative,4.0,ingroup
relevance,14,llama2:70b,conservative,4.0,ingroup
relevance,14,llama2:70b,conservative,2.0,ingroup
relevance,14,llama2:70b,conservative,4.0,ingroup
relevance,14,llama2:70b,conservative,3.0,ingroup
relevance,14,llama2:70b,conservative,3.0,ingroup
relevance,14,llama2:70b,conservative,4.0,ingroup
relevance,14,llama2:70b,conservative,3.0,ingroup
relevance,14,llama2:70b,conservative,3.0,ingroup
relevance,14,llama2:70b,conservative,4.0,ingroup
relevance,14,llama2:70b,conservative,3.0,ingroup
relevance,14,llama2:70b,conservative,3.0,ingroup
relevance,14,llama2:70b,conservative,3.0,ingroup
relevance,14,llama2:70b,conservative,3.0,ingroup
relevance,14,llama2:70b,conservative,3.0,ingroup
relevance,14,llama2:70b,conservative,2.0,ingroup
relevance,14,llama2:70b,conservative,4.0,ingroup
relevance,14,llama2:70b,conservative,2.0,ingroup
relevance,14,llama2:70b,conservative,3.0,ingroup
relevance,14,llama2:70b,conservative,4.0,ingroup
relevance,14,llama2:70b,conservative,4.0,ingroup
relevance,14,llama2:70b,conservative,3.0,ingroup
relevance,14,llama2:70b,conservative,4.0,ingroup
relevance,14,llama2:70b,conservative,3.0,ingroup
relevance,14,llama2:70b,conservative,4.0,ingroup
relevance,14,llama2:70b,conservative,4.0,ingroup
relevance,14,llama2:70b,conservative,4.0,ingroup
relevance,14,llama2:70b,conservative,3.0,ingroup
relevance,14,llama2:70b,conservative,3.0,ingroup
relevance,14,llama2:70b,conservative,3.0,ingroup
relevance,14,llama2:70b,conservative,3.0,ingroup
relevance,14,llama2:70b,conservative,2.0,ingroup
relevance,14,llama2:70b,conservative,4.0,ingroup
relevance,14,llama2:70b,conservative,4.0,ingroup
relevance,14,llama2:70b,conservative,4.0,ingroup
relevance,14,llama2:70b,conservative,4.0,ingroup
relevance,14,llama2:70b,conservative,3.0,ingroup
relevance,14,llama2:70b,conservative,4.0,ingroup
relevance,14,llama2:70b,conservative,4.0,ingroup
relevance,14,llama2:70b,conservative,4.0,ingroup
relevance,14,llama2:70b,conservative,3.0,ingroup
relevance,14,llama2:70b,conservative,2.0,ingroup
relevance,14,llama2:70b,conservative,4.0,ingroup
relevance,14,llama2:70b,moderate,3.0,ingroup
relevance,14,llama2:70b,moderate,2.0,ingroup
relevance,14,llama2:70b,moderate,3.0,ingroup
relevance,14,llama2:70b,moderate,3.0,ingroup
relevance,14,llama2:70b,moderate,2.0,ingroup
relevance,14,llama2:70b,moderate,3.0,ingroup
relevance,14,llama2:70b,moderate,3.0,ingroup
relevance,14,llama2:70b,moderate,3.0,ingroup
relevance,14,llama2:70b,moderate,3.0,ingroup
relevance,14,llama2:70b,moderate,3.0,ingroup
relevance,14,llama2:70b,moderate,3.0,ingroup
relevance,14,llama2:70b,moderate,3.0,ingroup
relevance,14,llama2:70b,moderate,3.0,ingroup
relevance,14,llama2:70b,moderate,3.0,ingroup
relevance,14,llama2:70b,moderate,3.0,ingroup
relevance,14,llama2:70b,moderate,2.0,ingroup
relevance,14,llama2:70b,moderate,3.0,ingroup
relevance,14,llama2:70b,moderate,3.0,ingroup
relevance,14,llama2:70b,moderate,2.0,ingroup
relevance,14,llama2:70b,moderate,3.0,ingroup
relevance,14,llama2:70b,moderate,3.0,ingroup
relevance,14,llama2:70b,moderate,3.0,ingroup
relevance,14,llama2:70b,moderate,3.0,ingroup
relevance,14,llama2:70b,moderate,3.0,ingroup
relevance,14,llama2:70b,moderate,3.0,ingroup
relevance,14,llama2:70b,moderate,2.0,ingroup
relevance,14,llama2:70b,moderate,2.0,ingroup
relevance,14,llama2:70b,moderate,3.0,ingroup
relevance,14,llama2:70b,moderate,2.0,ingroup
relevance,14,llama2:70b,moderate,3.0,ingroup
relevance,14,llama2:70b,moderate,2.0,ingroup
relevance,14,llama2:70b,moderate,2.0,ingroup
relevance,14,llama2:70b,moderate,3.0,ingroup
relevance,14,llama2:70b,moderate,3.0,ingroup
relevance,14,llama2:70b,moderate,2.0,ingroup
relevance,14,llama2:70b,moderate,3.0,ingroup
relevance,14,llama2:70b,moderate,3.0,ingroup
relevance,14,llama2:70b,moderate,2.0,ingroup
relevance,14,llama2:70b,moderate,3.0,ingroup
relevance,14,llama2:70b,moderate,3.0,ingroup
relevance,14,llama2:70b,moderate,3.0,ingroup
relevance,14,llama2:70b,moderate,3.0,ingroup
relevance,14,llama2:70b,moderate,3.0,ingroup
relevance,14,llama2:70b,moderate,3.0,ingroup
relevance,14,llama2:70b,moderate,2.0,ingroup
relevance,14,llama2:70b,moderate,3.0,ingroup
relevance,14,llama2:70b,moderate,3.0,ingroup
relevance,14,llama2:70b,moderate,3.0,ingroup
relevance,14,llama2:70b,moderate,3.0,ingroup
relevance,14,llama2:70b,moderate,3.0,ingroup
relevance,14,llama2:70b,liberal,1.0,ingroup
relevance,14,llama2:70b,liberal,2.0,ingroup
relevance,14,llama2:70b,liberal,3.0,ingroup
relevance,14,llama2:70b,liberal,3.0,ingroup
relevance,14,llama2:70b,liberal,4.0,ingroup
relevance,14,llama2:70b,liberal,3.0,ingroup
relevance,14,llama2:70b,liberal,2.0,ingroup
relevance,14,llama2:70b,liberal,2.0,ingroup
relevance,14,llama2:70b,liberal,2.0,ingroup
relevance,14,llama2:70b,liberal,2.0,ingroup
relevance,14,llama2:70b,liberal,3.0,ingroup
relevance,14,llama2:70b,liberal,2.0,ingroup
relevance,14,llama2:70b,liberal,2.0,ingroup
relevance,14,llama2:70b,liberal,2.0,ingroup
relevance,14,llama2:70b,liberal,3.0,ingroup
relevance,14,llama2:70b,liberal,3.0,ingroup
relevance,14,llama2:70b,liberal,3.0,ingroup
relevance,14,llama2:70b,liberal,3.0,ingroup
relevance,14,llama2:70b,liberal,2.0,ingroup
relevance,14,llama2:70b,liberal,4.0,ingroup
relevance,14,llama2:70b,liberal,2.0,ingroup
relevance,14,llama2:70b,liberal,1.0,ingroup
relevance,14,llama2:70b,liberal,2.0,ingroup
relevance,14,llama2:70b,liberal,3.0,ingroup
relevance,14,llama2:70b,liberal,2.0,ingroup
relevance,14,llama2:70b,liberal,2.0,ingroup
relevance,14,llama2:70b,liberal,2.0,ingroup
relevance,14,llama2:70b,liberal,4.0,ingroup
relevance,14,llama2:70b,liberal,1.0,ingroup
relevance,14,llama2:70b,liberal,3.0,ingroup
relevance,14,llama2:70b,liberal,3.0,ingroup
relevance,14,llama2:70b,liberal,2.0,ingroup
relevance,14,llama2:70b,liberal,3.0,ingroup
relevance,14,llama2:70b,liberal,1.0,ingroup
relevance,14,llama2:70b,liberal,3.0,ingroup
relevance,14,llama2:70b,liberal,2.0,ingroup
relevance,14,llama2:70b,liberal,3.0,ingroup
relevance,14,llama2:70b,liberal,2.0,ingroup
relevance,14,llama2:70b,liberal,3.0,ingroup
relevance,14,llama2:70b,liberal,3.0,ingroup
relevance,14,llama2:70b,liberal,3.0,ingroup
relevance,14,llama2:70b,liberal,2.0,ingroup
relevance,14,llama2:70b,liberal,3.0,ingroup
relevance,14,llama2:70b,liberal,4.0,ingroup
relevance,14,llama2:70b,liberal,3.0,ingroup
relevance,14,llama2:70b,liberal,3.0,ingroup
relevance,14,llama2:70b,liberal,2.0,ingroup
relevance,14,llama2:70b,liberal,4.0,ingroup
relevance,14,llama2:70b,liberal,2.0,ingroup
relevance,14,llama2:70b,liberal,2.0,ingroup
relevance,14,llama3:70b,conservative,5.0,ingroup
relevance,14,llama3:70b,conservative,4.0,ingroup
relevance,14,llama3:70b,conservative,4.0,ingroup
relevance,14,llama3:70b,conservative,5.0,ingroup
relevance,14,llama3:70b,conservative,5.0,ingroup
relevance,14,llama3:70b,conservative,4.0,ingroup
relevance,14,llama3:70b,conservative,5.0,ingroup
relevance,14,llama3:70b,conservative,4.0,ingroup
relevance,14,llama3:70b,conservative,5.0,ingroup
relevance,14,llama3:70b,conservative,4.0,ingroup
relevance,14,llama3:70b,conservative,5.0,ingroup
relevance,14,llama3:70b,conservative,4.0,ingroup
relevance,14,llama3:70b,conservative,4.0,ingroup
relevance,14,llama3:70b,conservative,4.0,ingroup
relevance,14,llama3:70b,conservative,4.0,ingroup
relevance,14,llama3:70b,conservative,5.0,ingroup
relevance,14,llama3:70b,conservative,4.0,ingroup
relevance,14,llama3:70b,conservative,5.0,ingroup
relevance,14,llama3:70b,conservative,5.0,ingroup
relevance,14,llama3:70b,conservative,5.0,ingroup
relevance,14,llama3:70b,conservative,5.0,ingroup
relevance,14,llama3:70b,conservative,5.0,ingroup
relevance,14,llama3:70b,conservative,4.0,ingroup
relevance,14,llama3:70b,conservative,5.0,ingroup
relevance,14,llama3:70b,conservative,5.0,ingroup
relevance,14,llama3:70b,conservative,5.0,ingroup
relevance,14,llama3:70b,conservative,5.0,ingroup
relevance,14,llama3:70b,conservative,4.0,ingroup
relevance,14,llama3:70b,conservative,5.0,ingroup
relevance,14,llama3:70b,conservative,5.0,ingroup
relevance,14,llama3:70b,conservative,4.0,ingroup
relevance,14,llama3:70b,conservative,5.0,ingroup
relevance,14,llama3:70b,conservative,4.0,ingroup
relevance,14,llama3:70b,conservative,5.0,ingroup
relevance,14,llama3:70b,conservative,5.0,ingroup
relevance,14,llama3:70b,conservative,4.0,ingroup
relevance,14,llama3:70b,conservative,4.0,ingroup
relevance,14,llama3:70b,conservative,4.0,ingroup
relevance,14,llama3:70b,conservative,4.0,ingroup
relevance,14,llama3:70b,conservative,4.0,ingroup
relevance,14,llama3:70b,conservative,4.0,ingroup
relevance,14,llama3:70b,conservative,5.0,ingroup
relevance,14,llama3:70b,conservative,4.0,ingroup
relevance,14,llama3:70b,conservative,4.0,ingroup
relevance,14,llama3:70b,conservative,5.0,ingroup
relevance,14,llama3:70b,conservative,4.0,ingroup
relevance,14,llama3:70b,conservative,5.0,ingroup
relevance,14,llama3:70b,conservative,5.0,ingroup
relevance,14,llama3:70b,conservative,4.0,ingroup
relevance,14,llama3:70b,conservative,5.0,ingroup
relevance,14,llama3:70b,moderate,2.0,ingroup
relevance,14,llama3:70b,moderate,3.0,ingroup
relevance,14,llama3:70b,moderate,3.0,ingroup
relevance,14,llama3:70b,moderate,2.0,ingroup
relevance,14,llama3:70b,moderate,2.0,ingroup
relevance,14,llama3:70b,moderate,2.0,ingroup
relevance,14,llama3:70b,moderate,3.0,ingroup
relevance,14,llama3:70b,moderate,3.0,ingroup
relevance,14,llama3:70b,moderate,2.0,ingroup
relevance,14,llama3:70b,moderate,2.0,ingroup
relevance,14,llama3:70b,moderate,2.0,ingroup
relevance,14,llama3:70b,moderate,3.0,ingroup
relevance,14,llama3:70b,moderate,3.0,ingroup
relevance,14,llama3:70b,moderate,3.0,ingroup
relevance,14,llama3:70b,moderate,2.0,ingroup
relevance,14,llama3:70b,moderate,3.0,ingroup
relevance,14,llama3:70b,moderate,2.0,ingroup
relevance,14,llama3:70b,moderate,2.0,ingroup
relevance,14,llama3:70b,moderate,3.0,ingroup
relevance,14,llama3:70b,moderate,3.0,ingroup
relevance,14,llama3:70b,moderate,3.0,ingroup
relevance,14,llama3:70b,moderate,3.0,ingroup
relevance,14,llama3:70b,moderate,3.0,ingroup
relevance,14,llama3:70b,moderate,3.0,ingroup
relevance,14,llama3:70b,moderate,3.0,ingroup
relevance,14,llama3:70b,moderate,2.0,ingroup
relevance,14,llama3:70b,moderate,2.0,ingroup
relevance,14,llama3:70b,moderate,2.0,ingroup
relevance,14,llama3:70b,moderate,2.0,ingroup
relevance,14,llama3:70b,moderate,2.0,ingroup
relevance,14,llama3:70b,moderate,3.0,ingroup
relevance,14,llama3:70b,moderate,3.0,ingroup
relevance,14,llama3:70b,moderate,3.0,ingroup
relevance,14,llama3:70b,moderate,3.0,ingroup
relevance,14,llama3:70b,moderate,3.0,ingroup
relevance,14,llama3:70b,moderate,3.0,ingroup
relevance,14,llama3:70b,moderate,3.0,ingroup
relevance,14,llama3:70b,moderate,3.0,ingroup
relevance,14,llama3:70b,moderate,3.0,ingroup
relevance,14,llama3:70b,moderate,3.0,ingroup
relevance,14,llama3:70b,moderate,3.0,ingroup
relevance,14,llama3:70b,moderate,3.0,ingroup
relevance,14,llama3:70b,moderate,3.0,ingroup
relevance,14,llama3:70b,moderate,3.0,ingroup
relevance,14,llama3:70b,moderate,3.0,ingroup
relevance,14,llama3:70b,moderate,3.0,ingroup
relevance,14,llama3:70b,moderate,2.0,ingroup
relevance,14,llama3:70b,moderate,3.0,ingroup
relevance,14,llama3:70b,moderate,2.0,ingroup
relevance,14,llama3:70b,moderate,3.0,ingroup
relevance,14,llama3:70b,liberal,3.0,ingroup
relevance,14,llama3:70b,liberal,2.0,ingroup
relevance,14,llama3:70b,liberal,2.0,ingroup
relevance,14,llama3:70b,liberal,2.0,ingroup
relevance,14,llama3:70b,liberal,2.0,ingroup
relevance,14,llama3:70b,liberal,2.0,ingroup
relevance,14,llama3:70b,liberal,2.0,ingroup
relevance,14,llama3:70b,liberal,3.0,ingroup
relevance,14,llama3:70b,liberal,2.0,ingroup
relevance,14,llama3:70b,liberal,3.0,ingroup
relevance,14,llama3:70b,liberal,2.0,ingroup
relevance,14,llama3:70b,liberal,2.0,ingroup
relevance,14,llama3:70b,liberal,2.0,ingroup
relevance,14,llama3:70b,liberal,2.0,ingroup
relevance,14,llama3:70b,liberal,3.0,ingroup
relevance,14,llama3:70b,liberal,2.0,ingroup
relevance,14,llama3:70b,liberal,2.0,ingroup
relevance,14,llama3:70b,liberal,2.0,ingroup
relevance,14,llama3:70b,liberal,2.0,ingroup
relevance,14,llama3:70b,liberal,2.0,ingroup
relevance,14,llama3:70b,liberal,2.0,ingroup
relevance,14,llama3:70b,liberal,2.0,ingroup
relevance,14,llama3:70b,liberal,2.0,ingroup
relevance,14,llama3:70b,liberal,2.0,ingroup
relevance,14,llama3:70b,liberal,3.0,ingroup
relevance,14,llama3:70b,liberal,3.0,ingroup
relevance,14,llama3:70b,liberal,2.0,ingroup
relevance,14,llama3:70b,liberal,2.0,ingroup
relevance,14,llama3:70b,liberal,3.0,ingroup
relevance,14,llama3:70b,liberal,2.0,ingroup
relevance,14,llama3:70b,liberal,2.0,ingroup
relevance,14,llama3:70b,liberal,2.0,ingroup
relevance,14,llama3:70b,liberal,2.0,ingroup
relevance,14,llama3:70b,liberal,3.0,ingroup
relevance,14,llama3:70b,liberal,2.0,ingroup
relevance,14,llama3:70b,liberal,2.0,ingroup
relevance,14,llama3:70b,liberal,2.0,ingroup
relevance,14,llama3:70b,liberal,2.0,ingroup
relevance,14,llama3:70b,liberal,2.0,ingroup
relevance,14,llama3:70b,liberal,2.0,ingroup
relevance,14,llama3:70b,liberal,2.0,ingroup
relevance,14,llama3:70b,liberal,2.0,ingroup
relevance,14,llama3:70b,liberal,2.0,ingroup
relevance,14,llama3:70b,liberal,2.0,ingroup
relevance,14,llama3:70b,liberal,2.0,ingroup
relevance,14,llama3:70b,liberal,2.0,ingroup
relevance,14,llama3:70b,liberal,2.0,ingroup
relevance,14,llama3:70b,liberal,2.0,ingroup
relevance,14,llama3:70b,liberal,2.0,ingroup
relevance,14,llama3:70b,liberal,2.0,ingroup
relevance,14,llama3.1:70b,conservative,4.0,ingroup
relevance,14,llama3.1:70b,conservative,5.0,ingroup
relevance,14,llama3.1:70b,conservative,4.0,ingroup
relevance,14,llama3.1:70b,conservative,4.0,ingroup
relevance,14,llama3.1:70b,conservative,5.0,ingroup
relevance,14,llama3.1:70b,conservative,4.0,ingroup
relevance,14,llama3.1:70b,conservative,5.0,ingroup
relevance,14,llama3.1:70b,conservative,5.0,ingroup
relevance,14,llama3.1:70b,conservative,5.0,ingroup
relevance,14,llama3.1:70b,conservative,5.0,ingroup
relevance,14,llama3.1:70b,conservative,4.0,ingroup
relevance,14,llama3.1:70b,conservative,4.0,ingroup
relevance,14,llama3.1:70b,conservative,4.0,ingroup
relevance,14,llama3.1:70b,conservative,4.0,ingroup
relevance,14,llama3.1:70b,conservative,4.0,ingroup
relevance,14,llama3.1:70b,conservative,4.0,ingroup
relevance,14,llama3.1:70b,conservative,4.0,ingroup
relevance,14,llama3.1:70b,conservative,5.0,ingroup
relevance,14,llama3.1:70b,conservative,4.0,ingroup
relevance,14,llama3.1:70b,conservative,4.0,ingroup
relevance,14,llama3.1:70b,conservative,4.0,ingroup
relevance,14,llama3.1:70b,conservative,4.0,ingroup
relevance,14,llama3.1:70b,conservative,5.0,ingroup
relevance,14,llama3.1:70b,conservative,4.0,ingroup
relevance,14,llama3.1:70b,conservative,4.0,ingroup
relevance,14,llama3.1:70b,conservative,4.0,ingroup
relevance,14,llama3.1:70b,conservative,4.0,ingroup
relevance,14,llama3.1:70b,conservative,4.0,ingroup
relevance,14,llama3.1:70b,conservative,4.0,ingroup
relevance,14,llama3.1:70b,conservative,5.0,ingroup
relevance,14,llama3.1:70b,conservative,4.0,ingroup
relevance,14,llama3.1:70b,conservative,4.0,ingroup
relevance,14,llama3.1:70b,conservative,4.0,ingroup
relevance,14,llama3.1:70b,conservative,5.0,ingroup
relevance,14,llama3.1:70b,conservative,4.0,ingroup
relevance,14,llama3.1:70b,conservative,5.0,ingroup
relevance,14,llama3.1:70b,conservative,5.0,ingroup
relevance,14,llama3.1:70b,conservative,5.0,ingroup
relevance,14,llama3.1:70b,conservative,4.0,ingroup
relevance,14,llama3.1:70b,conservative,5.0,ingroup
relevance,14,llama3.1:70b,conservative,5.0,ingroup
relevance,14,llama3.1:70b,conservative,4.0,ingroup
relevance,14,llama3.1:70b,conservative,5.0,ingroup
relevance,14,llama3.1:70b,conservative,4.0,ingroup
relevance,14,llama3.1:70b,conservative,4.0,ingroup
relevance,14,llama3.1:70b,conservative,4.0,ingroup
relevance,14,llama3.1:70b,conservative,4.0,ingroup
relevance,14,llama3.1:70b,conservative,5.0,ingroup
relevance,14,llama3.1:70b,conservative,4.0,ingroup
relevance,14,llama3.1:70b,conservative,5.0,ingroup
relevance,14,llama3.1:70b,moderate,4.0,ingroup
relevance,14,llama3.1:70b,moderate,4.0,ingroup
relevance,14,llama3.1:70b,moderate,4.0,ingroup
relevance,14,llama3.1:70b,moderate,4.0,ingroup
relevance,14,llama3.1:70b,moderate,4.0,ingroup
relevance,14,llama3.1:70b,moderate,3.0,ingroup
relevance,14,llama3.1:70b,moderate,3.0,ingroup
relevance,14,llama3.1:70b,moderate,4.0,ingroup
relevance,14,llama3.1:70b,moderate,3.0,ingroup
relevance,14,llama3.1:70b,moderate,4.0,ingroup
relevance,14,llama3.1:70b,moderate,3.0,ingroup
relevance,14,llama3.1:70b,moderate,3.0,ingroup
relevance,14,llama3.1:70b,moderate,4.0,ingroup
relevance,14,llama3.1:70b,moderate,4.0,ingroup
relevance,14,llama3.1:70b,moderate,4.0,ingroup
relevance,14,llama3.1:70b,moderate,4.0,ingroup
relevance,14,llama3.1:70b,moderate,3.0,ingroup
relevance,14,llama3.1:70b,moderate,3.0,ingroup
relevance,14,llama3.1:70b,moderate,3.0,ingroup
relevance,14,llama3.1:70b,moderate,3.0,ingroup
relevance,14,llama3.1:70b,moderate,3.0,ingroup
relevance,14,llama3.1:70b,moderate,4.0,ingroup
relevance,14,llama3.1:70b,moderate,4.0,ingroup
relevance,14,llama3.1:70b,moderate,4.0,ingroup
relevance,14,llama3.1:70b,moderate,4.0,ingroup
relevance,14,llama3.1:70b,moderate,4.0,ingroup
relevance,14,llama3.1:70b,moderate,4.0,ingroup
relevance,14,llama3.1:70b,moderate,4.0,ingroup
relevance,14,llama3.1:70b,moderate,4.0,ingroup
relevance,14,llama3.1:70b,moderate,4.0,ingroup
relevance,14,llama3.1:70b,moderate,4.0,ingroup
relevance,14,llama3.1:70b,moderate,4.0,ingroup
relevance,14,llama3.1:70b,moderate,4.0,ingroup
relevance,14,llama3.1:70b,moderate,4.0,ingroup
relevance,14,llama3.1:70b,moderate,4.0,ingroup
relevance,14,llama3.1:70b,moderate,4.0,ingroup
relevance,14,llama3.1:70b,moderate,4.0,ingroup
relevance,14,llama3.1:70b,moderate,4.0,ingroup
relevance,14,llama3.1:70b,moderate,4.0,ingroup
relevance,14,llama3.1:70b,moderate,4.0,ingroup
relevance,14,llama3.1:70b,moderate,4.0,ingroup
relevance,14,llama3.1:70b,moderate,4.0,ingroup
relevance,14,llama3.1:70b,moderate,4.0,ingroup
relevance,14,llama3.1:70b,moderate,3.0,ingroup
relevance,14,llama3.1:70b,moderate,3.0,ingroup
relevance,14,llama3.1:70b,moderate,4.0,ingroup
relevance,14,llama3.1:70b,moderate,3.0,ingroup
relevance,14,llama3.1:70b,moderate,4.0,ingroup
relevance,14,llama3.1:70b,moderate,4.0,ingroup
relevance,14,llama3.1:70b,moderate,3.0,ingroup
relevance,14,llama3.1:70b,liberal,2.0,ingroup
relevance,14,llama3.1:70b,liberal,2.0,ingroup
relevance,14,llama3.1:70b,liberal,2.0,ingroup
relevance,14,llama3.1:70b,liberal,1.0,ingroup
relevance,14,llama3.1:70b,liberal,3.0,ingroup
relevance,14,llama3.1:70b,liberal,3.0,ingroup
relevance,14,llama3.1:70b,liberal,2.0,ingroup
relevance,14,llama3.1:70b,liberal,3.0,ingroup
relevance,14,llama3.1:70b,liberal,2.0,ingroup
relevance,14,llama3.1:70b,liberal,2.0,ingroup
relevance,14,llama3.1:70b,liberal,3.0,ingroup
relevance,14,llama3.1:70b,liberal,2.0,ingroup
relevance,14,llama3.1:70b,liberal,3.0,ingroup
relevance,14,llama3.1:70b,liberal,3.0,ingroup
relevance,14,llama3.1:70b,liberal,1.0,ingroup
relevance,14,llama3.1:70b,liberal,2.0,ingroup
relevance,14,llama3.1:70b,liberal,2.0,ingroup
relevance,14,llama3.1:70b,liberal,2.0,ingroup
relevance,14,llama3.1:70b,liberal,2.0,ingroup
relevance,14,llama3.1:70b,liberal,2.0,ingroup
relevance,14,llama3.1:70b,liberal,3.0,ingroup
relevance,14,llama3.1:70b,liberal,2.0,ingroup
relevance,14,llama3.1:70b,liberal,3.0,ingroup
relevance,14,llama3.1:70b,liberal,2.0,ingroup
relevance,14,llama3.1:70b,liberal,2.0,ingroup
relevance,14,llama3.1:70b,liberal,3.0,ingroup
relevance,14,llama3.1:70b,liberal,1.0,ingroup
relevance,14,llama3.1:70b,liberal,2.0,ingroup
relevance,14,llama3.1:70b,liberal,2.0,ingroup
relevance,14,llama3.1:70b,liberal,2.0,ingroup
relevance,14,llama3.1:70b,liberal,3.0,ingroup
relevance,14,llama3.1:70b,liberal,3.0,ingroup
relevance,14,llama3.1:70b,liberal,3.0,ingroup
relevance,14,llama3.1:70b,liberal,2.0,ingroup
relevance,14,llama3.1:70b,liberal,3.0,ingroup
relevance,14,llama3.1:70b,liberal,3.0,ingroup
relevance,14,llama3.1:70b,liberal,3.0,ingroup
relevance,14,llama3.1:70b,liberal,3.0,ingroup
relevance,14,llama3.1:70b,liberal,2.0,ingroup
relevance,14,llama3.1:70b,liberal,2.0,ingroup
relevance,14,llama3.1:70b,liberal,3.0,ingroup
relevance,14,llama3.1:70b,liberal,2.0,ingroup
relevance,14,llama3.1:70b,liberal,3.0,ingroup
relevance,14,llama3.1:70b,liberal,2.0,ingroup
relevance,14,llama3.1:70b,liberal,2.0,ingroup
relevance,14,llama3.1:70b,liberal,2.0,ingroup
relevance,14,llama3.1:70b,liberal,3.0,ingroup
relevance,14,llama3.1:70b,liberal,2.0,ingroup
relevance,14,llama3.1:70b,liberal,2.0,ingroup
relevance,14,llama3.1:70b,liberal,1.0,ingroup
relevance,14,mistral:7b,conservative,1.0,ingroup
relevance,14,mistral:7b,conservative,0.0,ingroup
relevance,14,mistral:7b,conservative,1.0,ingroup
relevance,14,mistral:7b,conservative,1.0,ingroup
relevance,14,mistral:7b,conservative,2.0,ingroup
relevance,14,mistral:7b,conservative,2.0,ingroup
relevance,14,mistral:7b,conservative,1.0,ingroup
relevance,14,mistral:7b,conservative,3.0,ingroup
relevance,14,mistral:7b,conservative,1.0,ingroup
relevance,14,mistral:7b,conservative,0.0,ingroup
relevance,14,mistral:7b,conservative,1.0,ingroup
relevance,14,mistral:7b,conservative,0.0,ingroup
relevance,14,mistral:7b,conservative,1.0,ingroup
relevance,14,mistral:7b,conservative,3.0,ingroup
relevance,14,mistral:7b,conservative,1.0,ingroup
relevance,14,mistral:7b,conservative,1.0,ingroup
relevance,14,mistral:7b,conservative,2.0,ingroup
relevance,14,mistral:7b,conservative,2.0,ingroup
relevance,14,mistral:7b,conservative,1.0,ingroup
relevance,14,mistral:7b,conservative,2.0,ingroup
relevance,14,mistral:7b,conservative,1.0,ingroup
relevance,14,mistral:7b,conservative,1.0,ingroup
relevance,14,mistral:7b,conservative,0.0,ingroup
relevance,14,mistral:7b,conservative,3.0,ingroup
relevance,14,mistral:7b,conservative,0.0,ingroup
relevance,14,mistral:7b,conservative,1.0,ingroup
relevance,14,mistral:7b,conservative,1.0,ingroup
relevance,14,mistral:7b,conservative,0.0,ingroup
relevance,14,mistral:7b,conservative,3.0,ingroup
relevance,14,mistral:7b,conservative,1.0,ingroup
relevance,14,mistral:7b,conservative,1.0,ingroup
relevance,14,mistral:7b,conservative,1.0,ingroup
relevance,14,mistral:7b,conservative,0.0,ingroup
relevance,14,mistral:7b,conservative,1.0,ingroup
relevance,14,mistral:7b,conservative,0.0,ingroup
relevance,14,mistral:7b,conservative,1.0,ingroup
relevance,14,mistral:7b,conservative,2.0,ingroup
relevance,14,mistral:7b,conservative,1.0,ingroup
relevance,14,mistral:7b,conservative,4.0,ingroup
relevance,14,mistral:7b,conservative,0.0,ingroup
relevance,14,mistral:7b,conservative,2.0,ingroup
relevance,14,mistral:7b,conservative,1.0,ingroup
relevance,14,mistral:7b,conservative,2.0,ingroup
relevance,14,mistral:7b,conservative,0.0,ingroup
relevance,14,mistral:7b,conservative,1.0,ingroup
relevance,14,mistral:7b,conservative,2.0,ingroup
relevance,14,mistral:7b,conservative,0.0,ingroup
relevance,14,mistral:7b,conservative,1.0,ingroup
relevance,14,mistral:7b,conservative,3.0,ingroup
relevance,14,mistral:7b,conservative,2.0,ingroup
relevance,14,mistral:7b,moderate,1.0,ingroup
relevance,14,mistral:7b,moderate,1.0,ingroup
relevance,14,mistral:7b,moderate,1.0,ingroup
relevance,14,mistral:7b,moderate,1.0,ingroup
relevance,14,mistral:7b,moderate,1.0,ingroup
relevance,14,mistral:7b,moderate,1.0,ingroup
relevance,14,mistral:7b,moderate,1.0,ingroup
relevance,14,mistral:7b,moderate,1.0,ingroup
relevance,14,mistral:7b,moderate,1.0,ingroup
relevance,14,mistral:7b,moderate,1.0,ingroup
relevance,14,mistral:7b,moderate,1.0,ingroup
relevance,14,mistral:7b,moderate,1.0,ingroup
relevance,14,mistral:7b,moderate,1.0,ingroup
relevance,14,mistral:7b,moderate,1.0,ingroup
relevance,14,mistral:7b,moderate,1.0,ingroup
relevance,14,mistral:7b,moderate,1.0,ingroup
relevance,14,mistral:7b,moderate,1.0,ingroup
relevance,14,mistral:7b,moderate,1.0,ingroup
relevance,14,mistral:7b,moderate,1.0,ingroup
relevance,14,mistral:7b,moderate,1.0,ingroup
relevance,14,mistral:7b,moderate,1.0,ingroup
relevance,14,mistral:7b,moderate,1.0,ingroup
relevance,14,mistral:7b,moderate,1.0,ingroup
relevance,14,mistral:7b,moderate,1.0,ingroup
relevance,14,mistral:7b,moderate,1.0,ingroup
relevance,14,mistral:7b,moderate,1.0,ingroup
relevance,14,mistral:7b,moderate,1.0,ingroup
relevance,14,mistral:7b,moderate,2.0,ingroup
relevance,14,mistral:7b,moderate,1.0,ingroup
relevance,14,mistral:7b,moderate,1.0,ingroup
relevance,14,mistral:7b,moderate,1.0,ingroup
relevance,14,mistral:7b,moderate,1.0,ingroup
relevance,14,mistral:7b,moderate,1.0,ingroup
relevance,14,mistral:7b,moderate,1.0,ingroup
relevance,14,mistral:7b,moderate,1.0,ingroup
relevance,14,mistral:7b,moderate,1.0,ingroup
relevance,14,mistral:7b,moderate,1.0,ingroup
relevance,14,mistral:7b,moderate,1.0,ingroup
relevance,14,mistral:7b,moderate,1.0,ingroup
relevance,14,mistral:7b,moderate,1.0,ingroup
relevance,14,mistral:7b,moderate,1.0,ingroup
relevance,14,mistral:7b,moderate,1.0,ingroup
relevance,14,mistral:7b,moderate,1.0,ingroup
relevance,14,mistral:7b,moderate,1.0,ingroup
relevance,14,mistral:7b,moderate,1.0,ingroup
relevance,14,mistral:7b,moderate,1.0,ingroup
relevance,14,mistral:7b,moderate,1.0,ingroup
relevance,14,mistral:7b,moderate,1.0,ingroup
relevance,14,mistral:7b,moderate,1.0,ingroup
relevance,14,mistral:7b,moderate,1.0,ingroup
relevance,14,mistral:7b,liberal,1.0,ingroup
relevance,14,mistral:7b,liberal,0.0,ingroup
relevance,14,mistral:7b,liberal,1.0,ingroup
relevance,14,mistral:7b,liberal,0.0,ingroup
relevance,14,mistral:7b,liberal,1.0,ingroup
relevance,14,mistral:7b,liberal,1.0,ingroup
relevance,14,mistral:7b,liberal,1.0,ingroup
relevance,14,mistral:7b,liberal,1.0,ingroup
relevance,14,mistral:7b,liberal,1.0,ingroup
relevance,14,mistral:7b,liberal,1.0,ingroup
relevance,14,mistral:7b,liberal,1.0,ingroup
relevance,14,mistral:7b,liberal,1.0,ingroup
relevance,14,mistral:7b,liberal,1.0,ingroup
relevance,14,mistral:7b,liberal,1.0,ingroup
relevance,14,mistral:7b,liberal,1.0,ingroup
relevance,14,mistral:7b,liberal,1.0,ingroup
relevance,14,mistral:7b,liberal,1.0,ingroup
relevance,14,mistral:7b,liberal,2.0,ingroup
relevance,14,mistral:7b,liberal,1.0,ingroup
relevance,14,mistral:7b,liberal,1.0,ingroup
relevance,14,mistral:7b,liberal,1.0,ingroup
relevance,14,mistral:7b,liberal,1.0,ingroup
relevance,14,mistral:7b,liberal,1.0,ingroup
relevance,14,mistral:7b,liberal,0.0,ingroup
relevance,14,mistral:7b,liberal,1.0,ingroup
relevance,14,mistral:7b,liberal,1.0,ingroup
relevance,14,mistral:7b,liberal,1.0,ingroup
relevance,14,mistral:7b,liberal,1.0,ingroup
relevance,14,mistral:7b,liberal,1.0,ingroup
relevance,14,mistral:7b,liberal,1.0,ingroup
relevance,14,mistral:7b,liberal,1.0,ingroup
relevance,14,mistral:7b,liberal,1.0,ingroup
relevance,14,mistral:7b,liberal,0.0,ingroup
relevance,14,mistral:7b,liberal,1.0,ingroup
relevance,14,mistral:7b,liberal,1.0,ingroup
relevance,14,mistral:7b,liberal,1.0,ingroup
relevance,14,mistral:7b,liberal,1.0,ingroup
relevance,14,mistral:7b,liberal,1.0,ingroup
relevance,14,mistral:7b,liberal,1.0,ingroup
relevance,14,mistral:7b,liberal,1.0,ingroup
relevance,14,mistral:7b,liberal,1.0,ingroup
relevance,14,mistral:7b,liberal,1.0,ingroup
relevance,14,mistral:7b,liberal,1.0,ingroup
relevance,14,mistral:7b,liberal,1.0,ingroup
relevance,14,mistral:7b,liberal,0.0,ingroup
relevance,14,mistral:7b,liberal,1.0,ingroup
relevance,14,mistral:7b,liberal,1.0,ingroup
relevance,14,mistral:7b,liberal,1.0,ingroup
relevance,14,mistral:7b,liberal,1.0,ingroup
relevance,14,mixtral:8x22b,conservative,4.0,ingroup
relevance,14,mixtral:8x22b,conservative,4.0,ingroup
relevance,14,mixtral:8x22b,conservative,4.0,ingroup
relevance,14,mixtral:8x22b,conservative,4.0,ingroup
relevance,14,mixtral:8x22b,conservative,4.0,ingroup
relevance,14,mixtral:8x22b,conservative,4.0,ingroup
relevance,14,mixtral:8x22b,conservative,4.0,ingroup
relevance,14,mixtral:8x22b,conservative,4.0,ingroup
relevance,14,mixtral:8x22b,conservative,4.0,ingroup
relevance,14,mixtral:8x22b,conservative,4.0,ingroup
relevance,14,mixtral:8x22b,conservative,4.0,ingroup
relevance,14,mixtral:8x22b,conservative,4.0,ingroup
relevance,14,mixtral:8x22b,conservative,4.0,ingroup
relevance,14,mixtral:8x22b,conservative,4.0,ingroup
relevance,14,mixtral:8x22b,conservative,4.0,ingroup
relevance,14,mixtral:8x22b,conservative,4.0,ingroup
relevance,14,mixtral:8x22b,conservative,4.0,ingroup
relevance,14,mixtral:8x22b,conservative,4.0,ingroup
relevance,14,mixtral:8x22b,conservative,4.0,ingroup
relevance,14,mixtral:8x22b,conservative,4.0,ingroup
relevance,14,mixtral:8x22b,conservative,4.0,ingroup
relevance,14,mixtral:8x22b,conservative,4.0,ingroup
relevance,14,mixtral:8x22b,conservative,4.0,ingroup
relevance,14,mixtral:8x22b,conservative,4.0,ingroup
relevance,14,mixtral:8x22b,conservative,4.0,ingroup
relevance,14,mixtral:8x22b,conservative,4.0,ingroup
relevance,14,mixtral:8x22b,conservative,4.0,ingroup
relevance,14,mixtral:8x22b,conservative,4.0,ingroup
relevance,14,mixtral:8x22b,conservative,4.0,ingroup
relevance,14,mixtral:8x22b,conservative,4.0,ingroup
relevance,14,mixtral:8x22b,conservative,4.0,ingroup
relevance,14,mixtral:8x22b,conservative,4.0,ingroup
relevance,14,mixtral:8x22b,conservative,4.0,ingroup
relevance,14,mixtral:8x22b,conservative,4.0,ingroup
relevance,14,mixtral:8x22b,conservative,4.0,ingroup
relevance,14,mixtral:8x22b,conservative,4.0,ingroup
relevance,14,mixtral:8x22b,conservative,4.0,ingroup
relevance,14,mixtral:8x22b,conservative,4.0,ingroup
relevance,14,mixtral:8x22b,conservative,4.0,ingroup
relevance,14,mixtral:8x22b,conservative,4.0,ingroup
relevance,14,mixtral:8x22b,conservative,4.0,ingroup
relevance,14,mixtral:8x22b,conservative,4.0,ingroup
relevance,14,mixtral:8x22b,conservative,4.0,ingroup
relevance,14,mixtral:8x22b,conservative,4.0,ingroup
relevance,14,mixtral:8x22b,conservative,4.0,ingroup
relevance,14,mixtral:8x22b,conservative,4.0,ingroup
relevance,14,mixtral:8x22b,conservative,4.0,ingroup
relevance,14,mixtral:8x22b,conservative,4.0,ingroup
relevance,14,mixtral:8x22b,conservative,4.0,ingroup
relevance,14,mixtral:8x22b,conservative,4.0,ingroup
relevance,14,mixtral:8x22b,moderate,1.0,ingroup
relevance,14,mixtral:8x22b,moderate,1.0,ingroup
relevance,14,mixtral:8x22b,moderate,1.0,ingroup
relevance,14,mixtral:8x22b,moderate,1.0,ingroup
relevance,14,mixtral:8x22b,moderate,1.0,ingroup
relevance,14,mixtral:8x22b,moderate,1.0,ingroup
relevance,14,mixtral:8x22b,moderate,1.0,ingroup
relevance,14,mixtral:8x22b,moderate,2.0,ingroup
relevance,14,mixtral:8x22b,moderate,2.0,ingroup
relevance,14,mixtral:8x22b,moderate,2.0,ingroup
relevance,14,mixtral:8x22b,moderate,1.0,ingroup
relevance,14,mixtral:8x22b,moderate,1.0,ingroup
relevance,14,mixtral:8x22b,moderate,1.0,ingroup
relevance,14,mixtral:8x22b,moderate,1.0,ingroup
relevance,14,mixtral:8x22b,moderate,1.0,ingroup
relevance,14,mixtral:8x22b,moderate,1.0,ingroup
relevance,14,mixtral:8x22b,moderate,1.0,ingroup
relevance,14,mixtral:8x22b,moderate,1.0,ingroup
relevance,14,mixtral:8x22b,moderate,1.0,ingroup
relevance,14,mixtral:8x22b,moderate,1.0,ingroup
relevance,14,mixtral:8x22b,moderate,2.0,ingroup
relevance,14,mixtral:8x22b,moderate,1.0,ingroup
relevance,14,mixtral:8x22b,moderate,1.0,ingroup
relevance,14,mixtral:8x22b,moderate,2.0,ingroup
relevance,14,mixtral:8x22b,moderate,1.0,ingroup
relevance,14,mixtral:8x22b,moderate,2.0,ingroup
relevance,14,mixtral:8x22b,moderate,2.0,ingroup
relevance,14,mixtral:8x22b,moderate,2.0,ingroup
relevance,14,mixtral:8x22b,moderate,1.0,ingroup
relevance,14,mixtral:8x22b,moderate,1.0,ingroup
relevance,14,mixtral:8x22b,moderate,2.0,ingroup
relevance,14,mixtral:8x22b,moderate,1.0,ingroup
relevance,14,mixtral:8x22b,moderate,2.0,ingroup
relevance,14,mixtral:8x22b,moderate,2.0,ingroup
relevance,14,mixtral:8x22b,moderate,1.0,ingroup
relevance,14,mixtral:8x22b,moderate,1.0,ingroup
relevance,14,mixtral:8x22b,moderate,1.0,ingroup
relevance,14,mixtral:8x22b,moderate,1.0,ingroup
relevance,14,mixtral:8x22b,moderate,2.0,ingroup
relevance,14,mixtral:8x22b,moderate,2.0,ingroup
relevance,14,mixtral:8x22b,moderate,1.0,ingroup
relevance,14,mixtral:8x22b,moderate,2.0,ingroup
relevance,14,mixtral:8x22b,moderate,1.0,ingroup
relevance,14,mixtral:8x22b,moderate,1.0,ingroup
relevance,14,mixtral:8x22b,moderate,1.0,ingroup
relevance,14,mixtral:8x22b,moderate,1.0,ingroup
relevance,14,mixtral:8x22b,moderate,1.0,ingroup
relevance,14,mixtral:8x22b,moderate,1.0,ingroup
relevance,14,mixtral:8x22b,moderate,1.0,ingroup
relevance,14,mixtral:8x22b,moderate,1.0,ingroup
relevance,14,mixtral:8x22b,liberal,2.0,ingroup
relevance,14,mixtral:8x22b,liberal,2.0,ingroup
relevance,14,mixtral:8x22b,liberal,2.0,ingroup
relevance,14,mixtral:8x22b,liberal,2.0,ingroup
relevance,14,mixtral:8x22b,liberal,3.0,ingroup
relevance,14,mixtral:8x22b,liberal,2.0,ingroup
relevance,14,mixtral:8x22b,liberal,2.0,ingroup
relevance,14,mixtral:8x22b,liberal,3.0,ingroup
relevance,14,mixtral:8x22b,liberal,2.0,ingroup
relevance,14,mixtral:8x22b,liberal,2.0,ingroup
relevance,14,mixtral:8x22b,liberal,2.0,ingroup
relevance,14,mixtral:8x22b,liberal,2.0,ingroup
relevance,14,mixtral:8x22b,liberal,2.0,ingroup
relevance,14,mixtral:8x22b,liberal,2.0,ingroup
relevance,14,mixtral:8x22b,liberal,2.0,ingroup
relevance,14,mixtral:8x22b,liberal,2.0,ingroup
relevance,14,mixtral:8x22b,liberal,2.0,ingroup
relevance,14,mixtral:8x22b,liberal,2.0,ingroup
relevance,14,mixtral:8x22b,liberal,2.0,ingroup
relevance,14,mixtral:8x22b,liberal,2.0,ingroup
relevance,14,mixtral:8x22b,liberal,2.0,ingroup
relevance,14,mixtral:8x22b,liberal,2.0,ingroup
relevance,14,mixtral:8x22b,liberal,2.0,ingroup
relevance,14,mixtral:8x22b,liberal,2.0,ingroup
relevance,14,mixtral:8x22b,liberal,2.0,ingroup
relevance,14,mixtral:8x22b,liberal,3.0,ingroup
relevance,14,mixtral:8x22b,liberal,2.0,ingroup
relevance,14,mixtral:8x22b,liberal,2.0,ingroup
relevance,14,mixtral:8x22b,liberal,3.0,ingroup
relevance,14,mixtral:8x22b,liberal,2.0,ingroup
relevance,14,mixtral:8x22b,liberal,2.0,ingroup
relevance,14,mixtral:8x22b,liberal,2.0,ingroup
relevance,14,mixtral:8x22b,liberal,2.0,ingroup
relevance,14,mixtral:8x22b,liberal,2.0,ingroup
relevance,14,mixtral:8x22b,liberal,2.0,ingroup
relevance,14,mixtral:8x22b,liberal,2.0,ingroup
relevance,14,mixtral:8x22b,liberal,2.0,ingroup
relevance,14,mixtral:8x22b,liberal,2.0,ingroup
relevance,14,mixtral:8x22b,liberal,2.0,ingroup
relevance,14,mixtral:8x22b,liberal,2.0,ingroup
relevance,14,mixtral:8x22b,liberal,2.0,ingroup
relevance,14,mixtral:8x22b,liberal,2.0,ingroup
relevance,14,mixtral:8x22b,liberal,3.0,ingroup
relevance,14,mixtral:8x22b,liberal,2.0,ingroup
relevance,14,mixtral:8x22b,liberal,2.0,ingroup
relevance,14,mixtral:8x22b,liberal,2.0,ingroup
relevance,14,mixtral:8x22b,liberal,2.0,ingroup
relevance,14,mixtral:8x22b,liberal,2.0,ingroup
relevance,14,mixtral:8x22b,liberal,2.0,ingroup
relevance,14,mixtral:8x22b,liberal,2.0,ingroup
relevance,14,mixtral:8x7b,conservative,2.0,ingroup
relevance,14,mixtral:8x7b,conservative,2.0,ingroup
relevance,14,mixtral:8x7b,conservative,2.0,ingroup
relevance,14,mixtral:8x7b,conservative,2.0,ingroup
relevance,14,mixtral:8x7b,conservative,2.0,ingroup
relevance,14,mixtral:8x7b,conservative,2.0,ingroup
relevance,14,mixtral:8x7b,conservative,2.0,ingroup
relevance,14,mixtral:8x7b,conservative,2.0,ingroup
relevance,14,mixtral:8x7b,conservative,2.0,ingroup
relevance,14,mixtral:8x7b,conservative,2.0,ingroup
relevance,14,mixtral:8x7b,conservative,2.0,ingroup
relevance,14,mixtral:8x7b,conservative,2.0,ingroup
relevance,14,mixtral:8x7b,conservative,2.0,ingroup
relevance,14,mixtral:8x7b,conservative,2.0,ingroup
relevance,14,mixtral:8x7b,conservative,2.0,ingroup
relevance,14,mixtral:8x7b,conservative,2.0,ingroup
relevance,14,mixtral:8x7b,conservative,2.0,ingroup
relevance,14,mixtral:8x7b,conservative,2.0,ingroup
relevance,14,mixtral:8x7b,conservative,2.0,ingroup
relevance,14,mixtral:8x7b,conservative,2.0,ingroup
relevance,14,mixtral:8x7b,conservative,2.0,ingroup
relevance,14,mixtral:8x7b,conservative,2.0,ingroup
relevance,14,mixtral:8x7b,conservative,2.0,ingroup
relevance,14,mixtral:8x7b,conservative,2.0,ingroup
relevance,14,mixtral:8x7b,conservative,2.0,ingroup
relevance,14,mixtral:8x7b,conservative,2.0,ingroup
relevance,14,mixtral:8x7b,conservative,2.0,ingroup
relevance,14,mixtral:8x7b,conservative,2.0,ingroup
relevance,14,mixtral:8x7b,conservative,2.0,ingroup
relevance,14,mixtral:8x7b,conservative,2.0,ingroup
relevance,14,mixtral:8x7b,conservative,2.0,ingroup
relevance,14,mixtral:8x7b,conservative,2.0,ingroup
relevance,14,mixtral:8x7b,conservative,2.0,ingroup
relevance,14,mixtral:8x7b,conservative,2.0,ingroup
relevance,14,mixtral:8x7b,conservative,2.0,ingroup
relevance,14,mixtral:8x7b,conservative,2.0,ingroup
relevance,14,mixtral:8x7b,conservative,2.0,ingroup
relevance,14,mixtral:8x7b,conservative,2.0,ingroup
relevance,14,mixtral:8x7b,conservative,2.0,ingroup
relevance,14,mixtral:8x7b,conservative,2.0,ingroup
relevance,14,mixtral:8x7b,conservative,2.0,ingroup
relevance,14,mixtral:8x7b,conservative,2.0,ingroup
relevance,14,mixtral:8x7b,conservative,2.0,ingroup
relevance,14,mixtral:8x7b,conservative,2.0,ingroup
relevance,14,mixtral:8x7b,conservative,2.0,ingroup
relevance,14,mixtral:8x7b,conservative,2.0,ingroup
relevance,14,mixtral:8x7b,conservative,2.0,ingroup
relevance,14,mixtral:8x7b,conservative,2.0,ingroup
relevance,14,mixtral:8x7b,conservative,2.0,ingroup
relevance,14,mixtral:8x7b,conservative,2.0,ingroup
relevance,14,mixtral:8x7b,moderate,2.0,ingroup
relevance,14,mixtral:8x7b,moderate,2.0,ingroup
relevance,14,mixtral:8x7b,moderate,2.0,ingroup
relevance,14,mixtral:8x7b,moderate,2.0,ingroup
relevance,14,mixtral:8x7b,moderate,2.0,ingroup
relevance,14,mixtral:8x7b,moderate,2.0,ingroup
relevance,14,mixtral:8x7b,moderate,2.0,ingroup
relevance,14,mixtral:8x7b,moderate,2.0,ingroup
relevance,14,mixtral:8x7b,moderate,2.0,ingroup
relevance,14,mixtral:8x7b,moderate,2.0,ingroup
relevance,14,mixtral:8x7b,moderate,2.0,ingroup
relevance,14,mixtral:8x7b,moderate,2.0,ingroup
relevance,14,mixtral:8x7b,moderate,2.0,ingroup
relevance,14,mixtral:8x7b,moderate,2.0,ingroup
relevance,14,mixtral:8x7b,moderate,2.0,ingroup
relevance,14,mixtral:8x7b,moderate,2.0,ingroup
relevance,14,mixtral:8x7b,moderate,2.0,ingroup
relevance,14,mixtral:8x7b,moderate,2.0,ingroup
relevance,14,mixtral:8x7b,moderate,2.0,ingroup
relevance,14,mixtral:8x7b,moderate,2.0,ingroup
relevance,14,mixtral:8x7b,moderate,2.0,ingroup
relevance,14,mixtral:8x7b,moderate,2.0,ingroup
relevance,14,mixtral:8x7b,moderate,2.0,ingroup
relevance,14,mixtral:8x7b,moderate,2.0,ingroup
relevance,14,mixtral:8x7b,moderate,2.0,ingroup
relevance,14,mixtral:8x7b,moderate,2.0,ingroup
relevance,14,mixtral:8x7b,moderate,2.0,ingroup
relevance,14,mixtral:8x7b,moderate,2.0,ingroup
relevance,14,mixtral:8x7b,moderate,2.0,ingroup
relevance,14,mixtral:8x7b,moderate,2.0,ingroup
relevance,14,mixtral:8x7b,moderate,2.0,ingroup
relevance,14,mixtral:8x7b,moderate,2.0,ingroup
relevance,14,mixtral:8x7b,moderate,2.0,ingroup
relevance,14,mixtral:8x7b,moderate,2.0,ingroup
relevance,14,mixtral:8x7b,moderate,2.0,ingroup
relevance,14,mixtral:8x7b,moderate,2.0,ingroup
relevance,14,mixtral:8x7b,moderate,2.0,ingroup
relevance,14,mixtral:8x7b,moderate,2.0,ingroup
relevance,14,mixtral:8x7b,moderate,2.0,ingroup
relevance,14,mixtral:8x7b,moderate,2.0,ingroup
relevance,14,mixtral:8x7b,moderate,2.0,ingroup
relevance,14,mixtral:8x7b,moderate,2.0,ingroup
relevance,14,mixtral:8x7b,moderate,2.0,ingroup
relevance,14,mixtral:8x7b,moderate,2.0,ingroup
relevance,14,mixtral:8x7b,moderate,2.0,ingroup
relevance,14,mixtral:8x7b,moderate,2.0,ingroup
relevance,14,mixtral:8x7b,moderate,2.0,ingroup
relevance,14,mixtral:8x7b,moderate,2.0,ingroup
relevance,14,mixtral:8x7b,moderate,2.0,ingroup
relevance,14,mixtral:8x7b,moderate,2.0,ingroup
relevance,14,mixtral:8x7b,liberal,2.0,ingroup
relevance,14,mixtral:8x7b,liberal,2.0,ingroup
relevance,14,mixtral:8x7b,liberal,2.0,ingroup
relevance,14,mixtral:8x7b,liberal,2.0,ingroup
relevance,14,mixtral:8x7b,liberal,2.0,ingroup
relevance,14,mixtral:8x7b,liberal,2.0,ingroup
relevance,14,mixtral:8x7b,liberal,2.0,ingroup
relevance,14,mixtral:8x7b,liberal,2.0,ingroup
relevance,14,mixtral:8x7b,liberal,2.0,ingroup
relevance,14,mixtral:8x7b,liberal,2.0,ingroup
relevance,14,mixtral:8x7b,liberal,2.0,ingroup
relevance,14,mixtral:8x7b,liberal,2.0,ingroup
relevance,14,mixtral:8x7b,liberal,2.0,ingroup
relevance,14,mixtral:8x7b,liberal,2.0,ingroup
relevance,14,mixtral:8x7b,liberal,2.0,ingroup
relevance,14,mixtral:8x7b,liberal,2.0,ingroup
relevance,14,mixtral:8x7b,liberal,2.0,ingroup
relevance,14,mixtral:8x7b,liberal,2.0,ingroup
relevance,14,mixtral:8x7b,liberal,2.0,ingroup
relevance,14,mixtral:8x7b,liberal,2.0,ingroup
relevance,14,mixtral:8x7b,liberal,2.0,ingroup
relevance,14,mixtral:8x7b,liberal,2.0,ingroup
relevance,14,mixtral:8x7b,liberal,2.0,ingroup
relevance,14,mixtral:8x7b,liberal,2.0,ingroup
relevance,14,mixtral:8x7b,liberal,2.0,ingroup
relevance,14,mixtral:8x7b,liberal,2.0,ingroup
relevance,14,mixtral:8x7b,liberal,2.0,ingroup
relevance,14,mixtral:8x7b,liberal,2.0,ingroup
relevance,14,mixtral:8x7b,liberal,2.0,ingroup
relevance,14,mixtral:8x7b,liberal,2.0,ingroup
relevance,14,mixtral:8x7b,liberal,2.0,ingroup
relevance,14,mixtral:8x7b,liberal,2.0,ingroup
relevance,14,mixtral:8x7b,liberal,2.0,ingroup
relevance,14,mixtral:8x7b,liberal,2.0,ingroup
relevance,14,mixtral:8x7b,liberal,2.0,ingroup
relevance,14,mixtral:8x7b,liberal,2.0,ingroup
relevance,14,mixtral:8x7b,liberal,2.0,ingroup
relevance,14,mixtral:8x7b,liberal,2.0,ingroup
relevance,14,mixtral:8x7b,liberal,2.0,ingroup
relevance,14,mixtral:8x7b,liberal,2.0,ingroup
relevance,14,mixtral:8x7b,liberal,2.0,ingroup
relevance,14,mixtral:8x7b,liberal,2.0,ingroup
relevance,14,mixtral:8x7b,liberal,2.0,ingroup
relevance,14,mixtral:8x7b,liberal,2.0,ingroup
relevance,14,mixtral:8x7b,liberal,2.0,ingroup
relevance,14,mixtral:8x7b,liberal,2.0,ingroup
relevance,14,mixtral:8x7b,liberal,2.0,ingroup
relevance,14,mixtral:8x7b,liberal,2.0,ingroup
relevance,14,mixtral:8x7b,liberal,2.0,ingroup
relevance,14,mixtral:8x7b,liberal,2.0,ingroup
relevance,14,phi3:14b,conservative,4.0,ingroup
relevance,14,phi3:14b,conservative,3.0,ingroup
relevance,14,phi3:14b,conservative,4.0,ingroup
relevance,14,phi3:14b,conservative,4.0,ingroup
relevance,14,phi3:14b,conservative,4.0,ingroup
relevance,14,phi3:14b,conservative,4.0,ingroup
relevance,14,phi3:14b,conservative,4.0,ingroup
relevance,14,phi3:14b,conservative,4.0,ingroup
relevance,14,phi3:14b,conservative,4.0,ingroup
relevance,14,phi3:14b,conservative,4.0,ingroup
relevance,14,phi3:14b,conservative,4.0,ingroup
relevance,14,phi3:14b,conservative,5.0,ingroup
relevance,14,phi3:14b,conservative,3.0,ingroup
relevance,14,phi3:14b,conservative,4.0,ingroup
relevance,14,phi3:14b,conservative,4.0,ingroup
relevance,14,phi3:14b,conservative,4.0,ingroup
relevance,14,phi3:14b,conservative,5.0,ingroup
relevance,14,phi3:14b,conservative,4.0,ingroup
relevance,14,phi3:14b,conservative,4.0,ingroup
relevance,14,phi3:14b,conservative,4.0,ingroup
relevance,14,phi3:14b,conservative,4.0,ingroup
relevance,14,phi3:14b,conservative,4.0,ingroup
relevance,14,phi3:14b,conservative,4.0,ingroup
relevance,14,phi3:14b,conservative,4.0,ingroup
relevance,14,phi3:14b,conservative,4.0,ingroup
relevance,14,phi3:14b,conservative,4.0,ingroup
relevance,14,phi3:14b,conservative,4.0,ingroup
relevance,14,phi3:14b,conservative,5.0,ingroup
relevance,14,phi3:14b,conservative,4.0,ingroup
relevance,14,phi3:14b,conservative,3.0,ingroup
relevance,14,phi3:14b,conservative,4.0,ingroup
relevance,14,phi3:14b,conservative,4.0,ingroup
relevance,14,phi3:14b,conservative,4.0,ingroup
relevance,14,phi3:14b,conservative,3.0,ingroup
relevance,14,phi3:14b,conservative,5.0,ingroup
relevance,14,phi3:14b,conservative,2.0,ingroup
relevance,14,phi3:14b,conservative,4.0,ingroup
relevance,14,phi3:14b,conservative,4.0,ingroup
relevance,14,phi3:14b,conservative,4.0,ingroup
relevance,14,phi3:14b,conservative,4.0,ingroup
relevance,14,phi3:14b,conservative,3.0,ingroup
relevance,14,phi3:14b,conservative,4.0,ingroup
relevance,14,phi3:14b,conservative,4.0,ingroup
relevance,14,phi3:14b,conservative,4.0,ingroup
relevance,14,phi3:14b,conservative,4.0,ingroup
relevance,14,phi3:14b,conservative,4.0,ingroup
relevance,14,phi3:14b,conservative,4.0,ingroup
relevance,14,phi3:14b,conservative,4.0,ingroup
relevance,14,phi3:14b,conservative,4.0,ingroup
relevance,14,phi3:14b,conservative,4.0,ingroup
relevance,14,phi3:14b,moderate,4.0,ingroup
relevance,14,phi3:14b,moderate,4.0,ingroup
relevance,14,phi3:14b,moderate,3.0,ingroup
relevance,14,phi3:14b,moderate,2.0,ingroup
relevance,14,phi3:14b,moderate,4.0,ingroup
relevance,14,phi3:14b,moderate,3.0,ingroup
relevance,14,phi3:14b,moderate,3.0,ingroup
relevance,14,phi3:14b,moderate,3.0,ingroup
relevance,14,phi3:14b,moderate,4.0,ingroup
relevance,14,phi3:14b,moderate,4.0,ingroup
relevance,14,phi3:14b,moderate,4.0,ingroup
relevance,14,phi3:14b,moderate,2.0,ingroup
relevance,14,phi3:14b,moderate,2.0,ingroup
relevance,14,phi3:14b,moderate,4.0,ingroup
relevance,14,phi3:14b,moderate,4.0,ingroup
relevance,14,phi3:14b,moderate,3.0,ingroup
relevance,14,phi3:14b,moderate,4.0,ingroup
relevance,14,phi3:14b,moderate,4.0,ingroup
relevance,14,phi3:14b,moderate,4.0,ingroup
relevance,14,phi3:14b,moderate,4.0,ingroup
relevance,14,phi3:14b,moderate,4.0,ingroup
relevance,14,phi3:14b,moderate,4.0,ingroup
relevance,14,phi3:14b,moderate,4.0,ingroup
relevance,14,phi3:14b,moderate,4.0,ingroup
relevance,14,phi3:14b,moderate,4.0,ingroup
relevance,14,phi3:14b,moderate,4.0,ingroup
relevance,14,phi3:14b,moderate,3.0,ingroup
relevance,14,phi3:14b,moderate,4.0,ingroup
relevance,14,phi3:14b,moderate,4.0,ingroup
relevance,14,phi3:14b,moderate,3.0,ingroup
relevance,14,phi3:14b,moderate,4.0,ingroup
relevance,14,phi3:14b,moderate,4.0,ingroup
relevance,14,phi3:14b,moderate,3.0,ingroup
relevance,14,phi3:14b,moderate,3.0,ingroup
relevance,14,phi3:14b,moderate,4.0,ingroup
relevance,14,phi3:14b,moderate,4.0,ingroup
relevance,14,phi3:14b,moderate,4.0,ingroup
relevance,14,phi3:14b,moderate,2.0,ingroup
relevance,14,phi3:14b,moderate,2.0,ingroup
relevance,14,phi3:14b,moderate,4.0,ingroup
relevance,14,phi3:14b,moderate,3.0,ingroup
relevance,14,phi3:14b,moderate,4.0,ingroup
relevance,14,phi3:14b,moderate,4.0,ingroup
relevance,14,phi3:14b,moderate,4.0,ingroup
relevance,14,phi3:14b,moderate,4.0,ingroup
relevance,14,phi3:14b,moderate,2.0,ingroup
relevance,14,phi3:14b,moderate,4.0,ingroup
relevance,14,phi3:14b,moderate,4.0,ingroup
relevance,14,phi3:14b,moderate,4.0,ingroup
relevance,14,phi3:14b,moderate,4.0,ingroup
relevance,14,phi3:14b,liberal,2.0,ingroup
relevance,14,phi3:14b,liberal,4.0,ingroup
relevance,14,phi3:14b,liberal,4.0,ingroup
relevance,14,phi3:14b,liberal,4.0,ingroup
relevance,14,phi3:14b,liberal,3.0,ingroup
relevance,14,phi3:14b,liberal,5.0,ingroup
relevance,14,phi3:14b,liberal,2.0,ingroup
relevance,14,phi3:14b,liberal,4.0,ingroup
relevance,14,phi3:14b,liberal,2.0,ingroup
relevance,14,phi3:14b,liberal,5.0,ingroup
relevance,14,phi3:14b,liberal,3.0,ingroup
relevance,14,phi3:14b,liberal,4.0,ingroup
relevance,14,phi3:14b,liberal,4.0,ingroup
relevance,14,phi3:14b,liberal,3.0,ingroup
relevance,14,phi3:14b,liberal,2.0,ingroup
relevance,14,phi3:14b,liberal,3.0,ingroup
relevance,14,phi3:14b,liberal,2.0,ingroup
relevance,14,phi3:14b,liberal,4.0,ingroup
relevance,14,phi3:14b,liberal,2.0,ingroup
relevance,14,phi3:14b,liberal,4.0,ingroup
relevance,14,phi3:14b,liberal,3.0,ingroup
relevance,14,phi3:14b,liberal,4.0,ingroup
relevance,14,phi3:14b,liberal,4.0,ingroup
relevance,14,phi3:14b,liberal,3.0,ingroup
relevance,14,phi3:14b,liberal,4.0,ingroup
relevance,14,phi3:14b,liberal,5.0,ingroup
relevance,14,phi3:14b,liberal,4.0,ingroup
relevance,14,phi3:14b,liberal,4.0,ingroup
relevance,14,phi3:14b,liberal,3.0,ingroup
relevance,14,phi3:14b,liberal,2.0,ingroup
relevance,14,phi3:14b,liberal,3.0,ingroup
relevance,14,phi3:14b,liberal,2.0,ingroup
relevance,14,phi3:14b,liberal,4.0,ingroup
relevance,14,phi3:14b,liberal,3.0,ingroup
relevance,14,phi3:14b,liberal,5.0,ingroup
relevance,14,phi3:14b,liberal,4.0,ingroup
relevance,14,phi3:14b,liberal,2.0,ingroup
relevance,14,phi3:14b,liberal,4.0,ingroup
relevance,14,phi3:14b,liberal,3.0,ingroup
relevance,14,phi3:14b,liberal,2.0,ingroup
relevance,14,phi3:14b,liberal,4.0,ingroup
relevance,14,phi3:14b,liberal,4.0,ingroup
relevance,14,phi3:14b,liberal,2.0,ingroup
relevance,14,phi3:14b,liberal,3.0,ingroup
relevance,14,phi3:14b,liberal,4.0,ingroup
relevance,14,phi3:14b,liberal,3.0,ingroup
relevance,14,phi3:14b,liberal,3.0,ingroup
relevance,14,phi3:14b,liberal,3.0,ingroup
relevance,14,phi3:14b,liberal,2.0,ingroup
relevance,14,phi3:14b,liberal,5.0,ingroup
relevance,14,gemma:7b,conservative,3.0,ingroup
relevance,14,gemma:7b,conservative,3.0,ingroup
relevance,14,gemma:7b,conservative,3.0,ingroup
relevance,14,gemma:7b,conservative,3.0,ingroup
relevance,14,gemma:7b,conservative,3.0,ingroup
relevance,14,gemma:7b,conservative,3.0,ingroup
relevance,14,gemma:7b,conservative,3.0,ingroup
relevance,14,gemma:7b,conservative,3.0,ingroup
relevance,14,gemma:7b,conservative,3.0,ingroup
relevance,14,gemma:7b,conservative,3.0,ingroup
relevance,14,gemma:7b,conservative,3.0,ingroup
relevance,14,gemma:7b,conservative,3.0,ingroup
relevance,14,gemma:7b,conservative,3.0,ingroup
relevance,14,gemma:7b,conservative,3.0,ingroup
relevance,14,gemma:7b,conservative,3.0,ingroup
relevance,14,gemma:7b,conservative,3.0,ingroup
relevance,14,gemma:7b,conservative,3.0,ingroup
relevance,14,gemma:7b,conservative,3.0,ingroup
relevance,14,gemma:7b,conservative,3.0,ingroup
relevance,14,gemma:7b,conservative,3.0,ingroup
relevance,14,gemma:7b,conservative,3.0,ingroup
relevance,14,gemma:7b,conservative,3.0,ingroup
relevance,14,gemma:7b,conservative,3.0,ingroup
relevance,14,gemma:7b,conservative,3.0,ingroup
relevance,14,gemma:7b,conservative,3.0,ingroup
relevance,14,gemma:7b,conservative,3.0,ingroup
relevance,14,gemma:7b,conservative,3.0,ingroup
relevance,14,gemma:7b,conservative,3.0,ingroup
relevance,14,gemma:7b,conservative,3.0,ingroup
relevance,14,gemma:7b,conservative,3.0,ingroup
relevance,14,gemma:7b,conservative,3.0,ingroup
relevance,14,gemma:7b,conservative,3.0,ingroup
relevance,14,gemma:7b,conservative,3.0,ingroup
relevance,14,gemma:7b,conservative,3.0,ingroup
relevance,14,gemma:7b,conservative,3.0,ingroup
relevance,14,gemma:7b,conservative,3.0,ingroup
relevance,14,gemma:7b,conservative,3.0,ingroup
relevance,14,gemma:7b,conservative,3.0,ingroup
relevance,14,gemma:7b,conservative,3.0,ingroup
relevance,14,gemma:7b,conservative,3.0,ingroup
relevance,14,gemma:7b,conservative,3.0,ingroup
relevance,14,gemma:7b,conservative,3.0,ingroup
relevance,14,gemma:7b,conservative,3.0,ingroup
relevance,14,gemma:7b,moderate,3.0,ingroup
relevance,14,gemma:7b,moderate,3.0,ingroup
relevance,14,gemma:7b,moderate,3.0,ingroup
relevance,14,gemma:7b,moderate,3.0,ingroup
relevance,14,gemma:7b,moderate,3.0,ingroup
relevance,14,gemma:7b,moderate,3.0,ingroup
relevance,14,gemma:7b,moderate,3.0,ingroup
relevance,14,gemma:7b,moderate,3.0,ingroup
relevance,14,gemma:7b,moderate,3.0,ingroup
relevance,14,gemma:7b,moderate,3.0,ingroup
relevance,14,gemma:7b,moderate,3.0,ingroup
relevance,14,gemma:7b,moderate,3.0,ingroup
relevance,14,gemma:7b,moderate,3.0,ingroup
relevance,14,gemma:7b,moderate,3.0,ingroup
relevance,14,gemma:7b,moderate,3.0,ingroup
relevance,14,gemma:7b,moderate,3.0,ingroup
relevance,14,gemma:7b,moderate,3.0,ingroup
relevance,14,gemma:7b,moderate,3.0,ingroup
relevance,14,gemma:7b,moderate,3.0,ingroup
relevance,14,gemma:7b,moderate,3.0,ingroup
relevance,14,gemma:7b,moderate,3.0,ingroup
relevance,14,gemma:7b,moderate,3.0,ingroup
relevance,14,gemma:7b,moderate,3.0,ingroup
relevance,14,gemma:7b,moderate,3.0,ingroup
relevance,14,gemma:7b,moderate,3.0,ingroup
relevance,14,gemma:7b,moderate,3.0,ingroup
relevance,14,gemma:7b,moderate,3.0,ingroup
relevance,14,gemma:7b,moderate,3.0,ingroup
relevance,14,gemma:7b,moderate,3.0,ingroup
relevance,14,gemma:7b,moderate,3.0,ingroup
relevance,14,gemma:7b,moderate,3.0,ingroup
relevance,14,gemma:7b,moderate,3.0,ingroup
relevance,14,gemma:7b,moderate,3.0,ingroup
relevance,14,gemma:7b,moderate,3.0,ingroup
relevance,14,gemma:7b,moderate,3.0,ingroup
relevance,14,gemma:7b,moderate,3.0,ingroup
relevance,14,gemma:7b,moderate,3.0,ingroup
relevance,14,gemma:7b,moderate,3.0,ingroup
relevance,14,gemma:7b,moderate,3.0,ingroup
relevance,14,gemma:7b,moderate,3.0,ingroup
relevance,14,gemma:7b,moderate,3.0,ingroup
relevance,14,gemma:7b,liberal,3.0,ingroup
relevance,14,gemma:7b,liberal,3.0,ingroup
relevance,14,gemma:7b,liberal,3.0,ingroup
relevance,14,gemma:7b,liberal,3.0,ingroup
relevance,14,gemma:7b,liberal,3.0,ingroup
relevance,14,gemma:7b,liberal,3.0,ingroup
relevance,14,gemma:7b,liberal,3.0,ingroup
relevance,14,gemma:7b,liberal,3.0,ingroup
relevance,14,gemma:7b,liberal,3.0,ingroup
relevance,14,gemma:7b,liberal,3.0,ingroup
relevance,14,gemma:7b,liberal,3.0,ingroup
relevance,14,gemma:7b,liberal,3.0,ingroup
relevance,14,gemma:7b,liberal,3.0,ingroup
relevance,14,gemma:7b,liberal,3.0,ingroup
relevance,14,gemma:7b,liberal,3.0,ingroup
relevance,14,gemma:7b,liberal,3.0,ingroup
relevance,14,gemma:7b,liberal,3.0,ingroup
relevance,14,gemma:7b,liberal,3.0,ingroup
relevance,14,gemma:7b,liberal,3.0,ingroup
relevance,14,gemma:7b,liberal,3.0,ingroup
relevance,14,gemma:7b,liberal,3.0,ingroup
relevance,14,gemma:7b,liberal,3.0,ingroup
relevance,14,gemma:7b,liberal,3.0,ingroup
relevance,14,gemma:7b,liberal,3.0,ingroup
relevance,14,gemma:7b,liberal,3.0,ingroup
relevance,14,gemma:7b,liberal,3.0,ingroup
relevance,14,gemma:7b,liberal,3.0,ingroup
relevance,14,gemma:7b,liberal,3.0,ingroup
relevance,14,gemma:7b,liberal,3.0,ingroup
relevance,14,gemma:7b,liberal,3.0,ingroup
relevance,14,gemma:7b,liberal,3.0,ingroup
relevance,14,gemma:7b,liberal,3.0,ingroup
relevance,14,gemma:7b,liberal,3.0,ingroup
relevance,14,gemma:7b,liberal,3.0,ingroup
relevance,14,gemma:7b,liberal,3.0,ingroup
relevance,14,gemma:7b,liberal,3.0,ingroup
relevance,14,gemma:7b,liberal,3.0,ingroup
relevance,14,gemma:7b,liberal,3.0,ingroup
relevance,14,gemma:7b,liberal,3.0,ingroup
relevance,14,gemma:7b,liberal,3.0,ingroup
relevance,14,gemma:7b,liberal,3.0,ingroup
relevance,14,gemma:7b,liberal,3.0,ingroup
relevance,14,gemma:7b,liberal,3.0,ingroup
relevance,14,gemma:7b,liberal,3.0,ingroup
relevance,14,gemma:7b,liberal,3.0,ingroup
relevance,14,gemma:7b,liberal,3.0,ingroup
relevance,14,gemma2:27b,conservative,4.0,ingroup
relevance,14,gemma2:27b,conservative,4.0,ingroup
relevance,14,gemma2:27b,conservative,4.0,ingroup
relevance,14,gemma2:27b,conservative,4.0,ingroup
relevance,14,gemma2:27b,conservative,4.0,ingroup
relevance,14,gemma2:27b,conservative,4.0,ingroup
relevance,14,gemma2:27b,conservative,4.0,ingroup
relevance,14,gemma2:27b,conservative,4.0,ingroup
relevance,14,gemma2:27b,conservative,4.0,ingroup
relevance,14,gemma2:27b,conservative,4.0,ingroup
relevance,14,gemma2:27b,conservative,4.0,ingroup
relevance,14,gemma2:27b,conservative,4.0,ingroup
relevance,14,gemma2:27b,conservative,4.0,ingroup
relevance,14,gemma2:27b,conservative,4.0,ingroup
relevance,14,gemma2:27b,conservative,4.0,ingroup
relevance,14,gemma2:27b,conservative,4.0,ingroup
relevance,14,gemma2:27b,conservative,4.0,ingroup
relevance,14,gemma2:27b,conservative,4.0,ingroup
relevance,14,gemma2:27b,conservative,4.0,ingroup
relevance,14,gemma2:27b,conservative,4.0,ingroup
relevance,14,gemma2:27b,conservative,4.0,ingroup
relevance,14,gemma2:27b,conservative,4.0,ingroup
relevance,14,gemma2:27b,conservative,4.0,ingroup
relevance,14,gemma2:27b,conservative,4.0,ingroup
relevance,14,gemma2:27b,conservative,4.0,ingroup
relevance,14,gemma2:27b,conservative,4.0,ingroup
relevance,14,gemma2:27b,conservative,4.0,ingroup
relevance,14,gemma2:27b,conservative,4.0,ingroup
relevance,14,gemma2:27b,conservative,4.0,ingroup
relevance,14,gemma2:27b,conservative,4.0,ingroup
relevance,14,gemma2:27b,conservative,4.0,ingroup
relevance,14,gemma2:27b,conservative,4.0,ingroup
relevance,14,gemma2:27b,conservative,4.0,ingroup
relevance,14,gemma2:27b,conservative,4.0,ingroup
relevance,14,gemma2:27b,conservative,4.0,ingroup
relevance,14,gemma2:27b,conservative,4.0,ingroup
relevance,14,gemma2:27b,conservative,4.0,ingroup
relevance,14,gemma2:27b,conservative,4.0,ingroup
relevance,14,gemma2:27b,conservative,4.0,ingroup
relevance,14,gemma2:27b,conservative,4.0,ingroup
relevance,14,gemma2:27b,conservative,4.0,ingroup
relevance,14,gemma2:27b,conservative,4.0,ingroup
relevance,14,gemma2:27b,conservative,4.0,ingroup
relevance,14,gemma2:27b,conservative,4.0,ingroup
relevance,14,gemma2:27b,conservative,4.0,ingroup
relevance,14,gemma2:27b,conservative,4.0,ingroup
relevance,14,gemma2:27b,conservative,4.0,ingroup
relevance,14,gemma2:27b,conservative,4.0,ingroup
relevance,14,gemma2:27b,conservative,4.0,ingroup
relevance,14,gemma2:27b,conservative,4.0,ingroup
relevance,14,gemma2:27b,moderate,3.0,ingroup
relevance,14,gemma2:27b,moderate,3.0,ingroup
relevance,14,gemma2:27b,moderate,3.0,ingroup
relevance,14,gemma2:27b,moderate,3.0,ingroup
relevance,14,gemma2:27b,moderate,3.0,ingroup
relevance,14,gemma2:27b,moderate,3.0,ingroup
relevance,14,gemma2:27b,moderate,3.0,ingroup
relevance,14,gemma2:27b,moderate,3.0,ingroup
relevance,14,gemma2:27b,moderate,3.0,ingroup
relevance,14,gemma2:27b,moderate,3.0,ingroup
relevance,14,gemma2:27b,moderate,3.0,ingroup
relevance,14,gemma2:27b,moderate,3.0,ingroup
relevance,14,gemma2:27b,moderate,3.0,ingroup
relevance,14,gemma2:27b,moderate,3.0,ingroup
relevance,14,gemma2:27b,moderate,3.0,ingroup
relevance,14,gemma2:27b,moderate,3.0,ingroup
relevance,14,gemma2:27b,moderate,3.0,ingroup
relevance,14,gemma2:27b,moderate,3.0,ingroup
relevance,14,gemma2:27b,moderate,3.0,ingroup
relevance,14,gemma2:27b,moderate,3.0,ingroup
relevance,14,gemma2:27b,moderate,3.0,ingroup
relevance,14,gemma2:27b,moderate,3.0,ingroup
relevance,14,gemma2:27b,moderate,3.0,ingroup
relevance,14,gemma2:27b,moderate,3.0,ingroup
relevance,14,gemma2:27b,moderate,3.0,ingroup
relevance,14,gemma2:27b,moderate,3.0,ingroup
relevance,14,gemma2:27b,moderate,3.0,ingroup
relevance,14,gemma2:27b,moderate,3.0,ingroup
relevance,14,gemma2:27b,moderate,3.0,ingroup
relevance,14,gemma2:27b,moderate,3.0,ingroup
relevance,14,gemma2:27b,moderate,3.0,ingroup
relevance,14,gemma2:27b,moderate,3.0,ingroup
relevance,14,gemma2:27b,moderate,3.0,ingroup
relevance,14,gemma2:27b,moderate,3.0,ingroup
relevance,14,gemma2:27b,moderate,3.0,ingroup
relevance,14,gemma2:27b,moderate,3.0,ingroup
relevance,14,gemma2:27b,moderate,3.0,ingroup
relevance,14,gemma2:27b,moderate,3.0,ingroup
relevance,14,gemma2:27b,moderate,3.0,ingroup
relevance,14,gemma2:27b,moderate,3.0,ingroup
relevance,14,gemma2:27b,moderate,3.0,ingroup
relevance,14,gemma2:27b,moderate,3.0,ingroup
relevance,14,gemma2:27b,moderate,3.0,ingroup
relevance,14,gemma2:27b,moderate,3.0,ingroup
relevance,14,gemma2:27b,moderate,3.0,ingroup
relevance,14,gemma2:27b,moderate,3.0,ingroup
relevance,14,gemma2:27b,moderate,3.0,ingroup
relevance,14,gemma2:27b,moderate,3.0,ingroup
relevance,14,gemma2:27b,moderate,3.0,ingroup
relevance,14,gemma2:27b,moderate,3.0,ingroup
relevance,14,gemma2:27b,liberal,3.0,ingroup
relevance,14,gemma2:27b,liberal,3.0,ingroup
relevance,14,gemma2:27b,liberal,3.0,ingroup
relevance,14,gemma2:27b,liberal,3.0,ingroup
relevance,14,gemma2:27b,liberal,3.0,ingroup
relevance,14,gemma2:27b,liberal,3.0,ingroup
relevance,14,gemma2:27b,liberal,3.0,ingroup
relevance,14,gemma2:27b,liberal,3.0,ingroup
relevance,14,gemma2:27b,liberal,3.0,ingroup
relevance,14,gemma2:27b,liberal,3.0,ingroup
relevance,14,gemma2:27b,liberal,3.0,ingroup
relevance,14,gemma2:27b,liberal,3.0,ingroup
relevance,14,gemma2:27b,liberal,3.0,ingroup
relevance,14,gemma2:27b,liberal,3.0,ingroup
relevance,14,gemma2:27b,liberal,3.0,ingroup
relevance,14,gemma2:27b,liberal,3.0,ingroup
relevance,14,gemma2:27b,liberal,3.0,ingroup
relevance,14,gemma2:27b,liberal,3.0,ingroup
relevance,14,gemma2:27b,liberal,3.0,ingroup
relevance,14,gemma2:27b,liberal,3.0,ingroup
relevance,14,gemma2:27b,liberal,3.0,ingroup
relevance,14,gemma2:27b,liberal,3.0,ingroup
relevance,14,gemma2:27b,liberal,3.0,ingroup
relevance,14,gemma2:27b,liberal,3.0,ingroup
relevance,14,gemma2:27b,liberal,3.0,ingroup
relevance,14,gemma2:27b,liberal,3.0,ingroup
relevance,14,gemma2:27b,liberal,3.0,ingroup
relevance,14,gemma2:27b,liberal,3.0,ingroup
relevance,14,gemma2:27b,liberal,3.0,ingroup
relevance,14,gemma2:27b,liberal,3.0,ingroup
relevance,14,gemma2:27b,liberal,3.0,ingroup
relevance,14,gemma2:27b,liberal,3.0,ingroup
relevance,14,gemma2:27b,liberal,3.0,ingroup
relevance,14,gemma2:27b,liberal,3.0,ingroup
relevance,14,gemma2:27b,liberal,3.0,ingroup
relevance,14,gemma2:27b,liberal,3.0,ingroup
relevance,14,gemma2:27b,liberal,3.0,ingroup
relevance,14,gemma2:27b,liberal,3.0,ingroup
relevance,14,gemma2:27b,liberal,3.0,ingroup
relevance,14,gemma2:27b,liberal,3.0,ingroup
relevance,14,gemma2:27b,liberal,3.0,ingroup
relevance,14,gemma2:27b,liberal,3.0,ingroup
relevance,14,gemma2:27b,liberal,3.0,ingroup
relevance,14,gemma2:27b,liberal,3.0,ingroup
relevance,14,gemma2:27b,liberal,3.0,ingroup
relevance,14,gemma2:27b,liberal,3.0,ingroup
relevance,14,gemma2:27b,liberal,3.0,ingroup
relevance,14,gemma2:27b,liberal,3.0,ingroup
relevance,14,gemma2:27b,liberal,3.0,ingroup
relevance,14,gemma2:27b,liberal,3.0,ingroup
relevance,14,qwen:72b,conservative,4.0,ingroup
relevance,14,qwen:72b,conservative,4.0,ingroup
relevance,14,qwen:72b,conservative,4.0,ingroup
relevance,14,qwen:72b,conservative,4.0,ingroup
relevance,14,qwen:72b,conservative,4.0,ingroup
relevance,14,qwen:72b,conservative,4.0,ingroup
relevance,14,qwen:72b,conservative,4.0,ingroup
relevance,14,qwen:72b,conservative,4.0,ingroup
relevance,14,qwen:72b,conservative,4.0,ingroup
relevance,14,qwen:72b,conservative,4.0,ingroup
relevance,14,qwen:72b,conservative,4.0,ingroup
relevance,14,qwen:72b,conservative,4.0,ingroup
relevance,14,qwen:72b,conservative,4.0,ingroup
relevance,14,qwen:72b,conservative,4.0,ingroup
relevance,14,qwen:72b,conservative,4.0,ingroup
relevance,14,qwen:72b,conservative,4.0,ingroup
relevance,14,qwen:72b,conservative,4.0,ingroup
relevance,14,qwen:72b,conservative,4.0,ingroup
relevance,14,qwen:72b,conservative,4.0,ingroup
relevance,14,qwen:72b,conservative,4.0,ingroup
relevance,14,qwen:72b,conservative,4.0,ingroup
relevance,14,qwen:72b,conservative,4.0,ingroup
relevance,14,qwen:72b,conservative,4.0,ingroup
relevance,14,qwen:72b,conservative,4.0,ingroup
relevance,14,qwen:72b,conservative,4.0,ingroup
relevance,14,qwen:72b,conservative,4.0,ingroup
relevance,14,qwen:72b,conservative,4.0,ingroup
relevance,14,qwen:72b,conservative,4.0,ingroup
relevance,14,qwen:72b,conservative,4.0,ingroup
relevance,14,qwen:72b,conservative,4.0,ingroup
relevance,14,qwen:72b,conservative,4.0,ingroup
relevance,14,qwen:72b,conservative,4.0,ingroup
relevance,14,qwen:72b,conservative,4.0,ingroup
relevance,14,qwen:72b,conservative,4.0,ingroup
relevance,14,qwen:72b,conservative,4.0,ingroup
relevance,14,qwen:72b,conservative,4.0,ingroup
relevance,14,qwen:72b,conservative,4.0,ingroup
relevance,14,qwen:72b,conservative,4.0,ingroup
relevance,14,qwen:72b,conservative,4.0,ingroup
relevance,14,qwen:72b,conservative,4.0,ingroup
relevance,14,qwen:72b,conservative,4.0,ingroup
relevance,14,qwen:72b,conservative,4.0,ingroup
relevance,14,qwen:72b,conservative,4.0,ingroup
relevance,14,qwen:72b,conservative,4.0,ingroup
relevance,14,qwen:72b,conservative,4.0,ingroup
relevance,14,qwen:72b,conservative,4.0,ingroup
relevance,14,qwen:72b,conservative,4.0,ingroup
relevance,14,qwen:72b,conservative,4.0,ingroup
relevance,14,qwen:72b,conservative,4.0,ingroup
relevance,14,qwen:72b,conservative,4.0,ingroup
relevance,14,qwen:72b,moderate,3.0,ingroup
relevance,14,qwen:72b,moderate,3.0,ingroup
relevance,14,qwen:72b,moderate,3.0,ingroup
relevance,14,qwen:72b,moderate,3.0,ingroup
relevance,14,qwen:72b,moderate,3.0,ingroup
relevance,14,qwen:72b,moderate,3.0,ingroup
relevance,14,qwen:72b,moderate,3.0,ingroup
relevance,14,qwen:72b,moderate,3.0,ingroup
relevance,14,qwen:72b,moderate,3.0,ingroup
relevance,14,qwen:72b,moderate,3.0,ingroup
relevance,14,qwen:72b,moderate,3.0,ingroup
relevance,14,qwen:72b,moderate,3.0,ingroup
relevance,14,qwen:72b,moderate,3.0,ingroup
relevance,14,qwen:72b,moderate,3.0,ingroup
relevance,14,qwen:72b,moderate,3.0,ingroup
relevance,14,qwen:72b,moderate,3.0,ingroup
relevance,14,qwen:72b,moderate,3.0,ingroup
relevance,14,qwen:72b,moderate,3.0,ingroup
relevance,14,qwen:72b,moderate,3.0,ingroup
relevance,14,qwen:72b,moderate,3.0,ingroup
relevance,14,qwen:72b,moderate,3.0,ingroup
relevance,14,qwen:72b,moderate,3.0,ingroup
relevance,14,qwen:72b,moderate,3.0,ingroup
relevance,14,qwen:72b,moderate,3.0,ingroup
relevance,14,qwen:72b,moderate,3.0,ingroup
relevance,14,qwen:72b,moderate,3.0,ingroup
relevance,14,qwen:72b,moderate,3.0,ingroup
relevance,14,qwen:72b,moderate,3.0,ingroup
relevance,14,qwen:72b,moderate,3.0,ingroup
relevance,14,qwen:72b,moderate,3.0,ingroup
relevance,14,qwen:72b,moderate,3.0,ingroup
relevance,14,qwen:72b,moderate,3.0,ingroup
relevance,14,qwen:72b,moderate,3.0,ingroup
relevance,14,qwen:72b,moderate,3.0,ingroup
relevance,14,qwen:72b,moderate,3.0,ingroup
relevance,14,qwen:72b,moderate,3.0,ingroup
relevance,14,qwen:72b,moderate,3.0,ingroup
relevance,14,qwen:72b,moderate,3.0,ingroup
relevance,14,qwen:72b,moderate,3.0,ingroup
relevance,14,qwen:72b,moderate,3.0,ingroup
relevance,14,qwen:72b,moderate,3.0,ingroup
relevance,14,qwen:72b,moderate,3.0,ingroup
relevance,14,qwen:72b,moderate,3.0,ingroup
relevance,14,qwen:72b,moderate,3.0,ingroup
relevance,14,qwen:72b,moderate,3.0,ingroup
relevance,14,qwen:72b,moderate,3.0,ingroup
relevance,14,qwen:72b,moderate,3.0,ingroup
relevance,14,qwen:72b,moderate,4.0,ingroup
relevance,14,qwen:72b,moderate,3.0,ingroup
relevance,14,qwen:72b,moderate,3.0,ingroup
relevance,14,qwen:72b,liberal,3.0,ingroup
relevance,14,qwen:72b,liberal,3.0,ingroup
relevance,14,qwen:72b,liberal,3.0,ingroup
relevance,14,qwen:72b,liberal,4.0,ingroup
relevance,14,qwen:72b,liberal,3.0,ingroup
relevance,14,qwen:72b,liberal,3.0,ingroup
relevance,14,qwen:72b,liberal,3.0,ingroup
relevance,14,qwen:72b,liberal,3.0,ingroup
relevance,14,qwen:72b,liberal,3.0,ingroup
relevance,14,qwen:72b,liberal,3.0,ingroup
relevance,14,qwen:72b,liberal,3.0,ingroup
relevance,14,qwen:72b,liberal,3.0,ingroup
relevance,14,qwen:72b,liberal,3.0,ingroup
relevance,14,qwen:72b,liberal,3.0,ingroup
relevance,14,qwen:72b,liberal,3.0,ingroup
relevance,14,qwen:72b,liberal,3.0,ingroup
relevance,14,qwen:72b,liberal,3.0,ingroup
relevance,14,qwen:72b,liberal,3.0,ingroup
relevance,14,qwen:72b,liberal,3.0,ingroup
relevance,14,qwen:72b,liberal,3.0,ingroup
relevance,14,qwen:72b,liberal,3.0,ingroup
relevance,14,qwen:72b,liberal,3.0,ingroup
relevance,14,qwen:72b,liberal,4.0,ingroup
relevance,14,qwen:72b,liberal,4.0,ingroup
relevance,14,qwen:72b,liberal,3.0,ingroup
relevance,14,qwen:72b,liberal,3.0,ingroup
relevance,14,qwen:72b,liberal,4.0,ingroup
relevance,14,qwen:72b,liberal,4.0,ingroup
relevance,14,qwen:72b,liberal,3.0,ingroup
relevance,14,qwen:72b,liberal,3.0,ingroup
relevance,14,qwen:72b,liberal,3.0,ingroup
relevance,14,qwen:72b,liberal,3.0,ingroup
relevance,14,qwen:72b,liberal,3.0,ingroup
relevance,14,qwen:72b,liberal,4.0,ingroup
relevance,14,qwen:72b,liberal,3.0,ingroup
relevance,14,qwen:72b,liberal,3.0,ingroup
relevance,14,qwen:72b,liberal,3.0,ingroup
relevance,14,qwen:72b,liberal,3.0,ingroup
relevance,14,qwen:72b,liberal,4.0,ingroup
relevance,14,qwen:72b,liberal,3.0,ingroup
relevance,14,qwen:72b,liberal,3.0,ingroup
relevance,14,qwen:72b,liberal,4.0,ingroup
relevance,14,qwen:72b,liberal,3.0,ingroup
relevance,14,qwen:72b,liberal,3.0,ingroup
relevance,14,qwen:72b,liberal,3.0,ingroup
relevance,14,qwen:72b,liberal,3.0,ingroup
relevance,14,qwen:72b,liberal,3.0,ingroup
relevance,14,qwen:72b,liberal,3.0,ingroup
relevance,14,qwen:72b,liberal,3.0,ingroup
relevance,14,qwen:72b,liberal,3.0,ingroup
relevance,14,qwen2:72b,conservative,5.0,ingroup
relevance,14,qwen2:72b,conservative,5.0,ingroup
relevance,14,qwen2:72b,conservative,5.0,ingroup
relevance,14,qwen2:72b,conservative,5.0,ingroup
relevance,14,qwen2:72b,conservative,4.0,ingroup
relevance,14,qwen2:72b,conservative,5.0,ingroup
relevance,14,qwen2:72b,conservative,4.0,ingroup
relevance,14,qwen2:72b,conservative,5.0,ingroup
relevance,14,qwen2:72b,conservative,5.0,ingroup
relevance,14,qwen2:72b,conservative,5.0,ingroup
relevance,14,qwen2:72b,conservative,4.0,ingroup
relevance,14,qwen2:72b,conservative,5.0,ingroup
relevance,14,qwen2:72b,conservative,5.0,ingroup
relevance,14,qwen2:72b,conservative,5.0,ingroup
relevance,14,qwen2:72b,conservative,5.0,ingroup
relevance,14,qwen2:72b,conservative,5.0,ingroup
relevance,14,qwen2:72b,conservative,5.0,ingroup
relevance,14,qwen2:72b,conservative,4.0,ingroup
relevance,14,qwen2:72b,conservative,5.0,ingroup
relevance,14,qwen2:72b,conservative,5.0,ingroup
relevance,14,qwen2:72b,conservative,4.0,ingroup
relevance,14,qwen2:72b,conservative,5.0,ingroup
relevance,14,qwen2:72b,conservative,5.0,ingroup
relevance,14,qwen2:72b,conservative,5.0,ingroup
relevance,14,qwen2:72b,conservative,4.0,ingroup
relevance,14,qwen2:72b,conservative,5.0,ingroup
relevance,14,qwen2:72b,conservative,5.0,ingroup
relevance,14,qwen2:72b,conservative,5.0,ingroup
relevance,14,qwen2:72b,conservative,5.0,ingroup
relevance,14,qwen2:72b,conservative,4.0,ingroup
relevance,14,qwen2:72b,conservative,5.0,ingroup
relevance,14,qwen2:72b,conservative,5.0,ingroup
relevance,14,qwen2:72b,conservative,4.0,ingroup
relevance,14,qwen2:72b,conservative,5.0,ingroup
relevance,14,qwen2:72b,conservative,5.0,ingroup
relevance,14,qwen2:72b,conservative,5.0,ingroup
relevance,14,qwen2:72b,conservative,4.0,ingroup
relevance,14,qwen2:72b,conservative,5.0,ingroup
relevance,14,qwen2:72b,conservative,5.0,ingroup
relevance,14,qwen2:72b,conservative,5.0,ingroup
relevance,14,qwen2:72b,conservative,5.0,ingroup
relevance,14,qwen2:72b,conservative,4.0,ingroup
relevance,14,qwen2:72b,conservative,5.0,ingroup
relevance,14,qwen2:72b,conservative,5.0,ingroup
relevance,14,qwen2:72b,conservative,4.0,ingroup
relevance,14,qwen2:72b,conservative,5.0,ingroup
relevance,14,qwen2:72b,conservative,5.0,ingroup
relevance,14,qwen2:72b,conservative,5.0,ingroup
relevance,14,qwen2:72b,conservative,5.0,ingroup
relevance,14,qwen2:72b,conservative,4.0,ingroup
relevance,14,qwen2:72b,moderate,4.0,ingroup
relevance,14,qwen2:72b,moderate,4.0,ingroup
relevance,14,qwen2:72b,moderate,4.0,ingroup
relevance,14,qwen2:72b,moderate,4.0,ingroup
relevance,14,qwen2:72b,moderate,4.0,ingroup
relevance,14,qwen2:72b,moderate,4.0,ingroup
relevance,14,qwen2:72b,moderate,4.0,ingroup
relevance,14,qwen2:72b,moderate,4.0,ingroup
relevance,14,qwen2:72b,moderate,4.0,ingroup
relevance,14,qwen2:72b,moderate,4.0,ingroup
relevance,14,qwen2:72b,moderate,4.0,ingroup
relevance,14,qwen2:72b,moderate,4.0,ingroup
relevance,14,qwen2:72b,moderate,4.0,ingroup
relevance,14,qwen2:72b,moderate,4.0,ingroup
relevance,14,qwen2:72b,moderate,4.0,ingroup
relevance,14,qwen2:72b,moderate,4.0,ingroup
relevance,14,qwen2:72b,moderate,4.0,ingroup
relevance,14,qwen2:72b,moderate,4.0,ingroup
relevance,14,qwen2:72b,moderate,4.0,ingroup
relevance,14,qwen2:72b,moderate,4.0,ingroup
relevance,14,qwen2:72b,moderate,4.0,ingroup
relevance,14,qwen2:72b,moderate,4.0,ingroup
relevance,14,qwen2:72b,moderate,4.0,ingroup
relevance,14,qwen2:72b,moderate,4.0,ingroup
relevance,14,qwen2:72b,moderate,4.0,ingroup
relevance,14,qwen2:72b,moderate,4.0,ingroup
relevance,14,qwen2:72b,moderate,4.0,ingroup
relevance,14,qwen2:72b,moderate,4.0,ingroup
relevance,14,qwen2:72b,moderate,4.0,ingroup
relevance,14,qwen2:72b,moderate,4.0,ingroup
relevance,14,qwen2:72b,moderate,4.0,ingroup
relevance,14,qwen2:72b,moderate,4.0,ingroup
relevance,14,qwen2:72b,moderate,4.0,ingroup
relevance,14,qwen2:72b,moderate,4.0,ingroup
relevance,14,qwen2:72b,moderate,4.0,ingroup
relevance,14,qwen2:72b,moderate,4.0,ingroup
relevance,14,qwen2:72b,moderate,4.0,ingroup
relevance,14,qwen2:72b,moderate,4.0,ingroup
relevance,14,qwen2:72b,moderate,4.0,ingroup
relevance,14,qwen2:72b,moderate,4.0,ingroup
relevance,14,qwen2:72b,moderate,4.0,ingroup
relevance,14,qwen2:72b,moderate,4.0,ingroup
relevance,14,qwen2:72b,moderate,4.0,ingroup
relevance,14,qwen2:72b,moderate,4.0,ingroup
relevance,14,qwen2:72b,moderate,4.0,ingroup
relevance,14,qwen2:72b,moderate,4.0,ingroup
relevance,14,qwen2:72b,moderate,4.0,ingroup
relevance,14,qwen2:72b,moderate,4.0,ingroup
relevance,14,qwen2:72b,moderate,4.0,ingroup
relevance,14,qwen2:72b,moderate,4.0,ingroup
relevance,14,qwen2:72b,liberal,4.0,ingroup
relevance,14,qwen2:72b,liberal,4.0,ingroup
relevance,14,qwen2:72b,liberal,3.0,ingroup
relevance,14,qwen2:72b,liberal,4.0,ingroup
relevance,14,qwen2:72b,liberal,3.0,ingroup
relevance,14,qwen2:72b,liberal,4.0,ingroup
relevance,14,qwen2:72b,liberal,3.0,ingroup
relevance,14,qwen2:72b,liberal,4.0,ingroup
relevance,14,qwen2:72b,liberal,4.0,ingroup
relevance,14,qwen2:72b,liberal,4.0,ingroup
relevance,14,qwen2:72b,liberal,3.0,ingroup
relevance,14,qwen2:72b,liberal,4.0,ingroup
relevance,14,qwen2:72b,liberal,4.0,ingroup
relevance,14,qwen2:72b,liberal,3.0,ingroup
relevance,14,qwen2:72b,liberal,3.0,ingroup
relevance,14,qwen2:72b,liberal,3.0,ingroup
relevance,14,qwen2:72b,liberal,4.0,ingroup
relevance,14,qwen2:72b,liberal,3.0,ingroup
relevance,14,qwen2:72b,liberal,3.0,ingroup
relevance,14,qwen2:72b,liberal,4.0,ingroup
relevance,14,qwen2:72b,liberal,4.0,ingroup
relevance,14,qwen2:72b,liberal,3.0,ingroup
relevance,14,qwen2:72b,liberal,4.0,ingroup
relevance,14,qwen2:72b,liberal,3.0,ingroup
relevance,14,qwen2:72b,liberal,3.0,ingroup
relevance,14,qwen2:72b,liberal,3.0,ingroup
relevance,14,qwen2:72b,liberal,4.0,ingroup
relevance,14,qwen2:72b,liberal,3.0,ingroup
relevance,14,qwen2:72b,liberal,4.0,ingroup
relevance,14,qwen2:72b,liberal,3.0,ingroup
relevance,14,qwen2:72b,liberal,3.0,ingroup
relevance,14,qwen2:72b,liberal,4.0,ingroup
relevance,14,qwen2:72b,liberal,3.0,ingroup
relevance,14,qwen2:72b,liberal,4.0,ingroup
relevance,14,qwen2:72b,liberal,4.0,ingroup
relevance,14,qwen2:72b,liberal,4.0,ingroup
relevance,14,qwen2:72b,liberal,4.0,ingroup
relevance,14,qwen2:72b,liberal,3.0,ingroup
relevance,14,qwen2:72b,liberal,3.0,ingroup
relevance,14,qwen2:72b,liberal,4.0,ingroup
relevance,14,qwen2:72b,liberal,3.0,ingroup
relevance,14,qwen2:72b,liberal,4.0,ingroup
relevance,14,qwen2:72b,liberal,3.0,ingroup
relevance,14,qwen2:72b,liberal,3.0,ingroup
relevance,14,qwen2:72b,liberal,3.0,ingroup
relevance,14,qwen2:72b,liberal,3.0,ingroup
relevance,14,qwen2:72b,liberal,3.0,ingroup
relevance,14,qwen2:72b,liberal,3.0,ingroup
relevance,14,qwen2:72b,liberal,3.0,ingroup
relevance,14,qwen2:72b,liberal,4.0,ingroup
relevance,15,llama3.1:8b,conservative,3.0,authority
relevance,15,llama3.1:8b,conservative,3.0,authority
relevance,15,llama3.1:8b,conservative,5.0,authority
relevance,15,llama3.1:8b,conservative,2.0,authority
relevance,15,llama3.1:8b,conservative,4.0,authority
relevance,15,llama3.1:8b,conservative,4.0,authority
relevance,15,llama3.1:8b,conservative,3.0,authority
relevance,15,llama3.1:8b,conservative,1.0,authority
relevance,15,llama3.1:8b,conservative,1.0,authority
relevance,15,llama3.1:8b,conservative,2.0,authority
relevance,15,llama3.1:8b,conservative,4.0,authority
relevance,15,llama3.1:8b,conservative,3.0,authority
relevance,15,llama3.1:8b,conservative,2.0,authority
relevance,15,llama3.1:8b,conservative,2.0,authority
relevance,15,llama3.1:8b,conservative,2.0,authority
relevance,15,llama3.1:8b,conservative,2.0,authority
relevance,15,llama3.1:8b,conservative,2.0,authority
relevance,15,llama3.1:8b,conservative,3.0,authority
relevance,15,llama3.1:8b,conservative,5.0,authority
relevance,15,llama3.1:8b,conservative,4.0,authority
relevance,15,llama3.1:8b,conservative,1.0,authority
relevance,15,llama3.1:8b,conservative,4.0,authority
relevance,15,llama3.1:8b,conservative,4.0,authority
relevance,15,llama3.1:8b,conservative,4.0,authority
relevance,15,llama3.1:8b,conservative,1.0,authority
relevance,15,llama3.1:8b,conservative,2.0,authority
relevance,15,llama3.1:8b,conservative,2.0,authority
relevance,15,llama3.1:8b,conservative,5.0,authority
relevance,15,llama3.1:8b,conservative,5.0,authority
relevance,15,llama3.1:8b,conservative,5.0,authority
relevance,15,llama3.1:8b,conservative,3.0,authority
relevance,15,llama3.1:8b,conservative,5.0,authority
relevance,15,llama3.1:8b,conservative,5.0,authority
relevance,15,llama3.1:8b,conservative,3.0,authority
relevance,15,llama3.1:8b,conservative,5.0,authority
relevance,15,llama3.1:8b,conservative,3.0,authority
relevance,15,llama3.1:8b,conservative,4.0,authority
relevance,15,llama3.1:8b,conservative,3.0,authority
relevance,15,llama3.1:8b,conservative,5.0,authority
relevance,15,llama3.1:8b,conservative,5.0,authority
relevance,15,llama3.1:8b,conservative,4.0,authority
relevance,15,llama3.1:8b,conservative,3.0,authority
relevance,15,llama3.1:8b,conservative,4.0,authority
relevance,15,llama3.1:8b,conservative,2.0,authority
relevance,15,llama3.1:8b,conservative,4.0,authority
relevance,15,llama3.1:8b,conservative,3.0,authority
relevance,15,llama3.1:8b,conservative,5.0,authority
relevance,15,llama3.1:8b,conservative,2.0,authority
relevance,15,llama3.1:8b,conservative,2.0,authority
relevance,15,llama3.1:8b,conservative,5.0,authority
relevance,15,llama3.1:8b,moderate,3.0,authority
relevance,15,llama3.1:8b,moderate,2.0,authority
relevance,15,llama3.1:8b,moderate,4.0,authority
relevance,15,llama3.1:8b,moderate,3.0,authority
relevance,15,llama3.1:8b,moderate,4.0,authority
relevance,15,llama3.1:8b,moderate,5.0,authority
relevance,15,llama3.1:8b,moderate,3.0,authority
relevance,15,llama3.1:8b,moderate,4.0,authority
relevance,15,llama3.1:8b,moderate,3.0,authority
relevance,15,llama3.1:8b,moderate,3.0,authority
relevance,15,llama3.1:8b,moderate,2.0,authority
relevance,15,llama3.1:8b,moderate,2.0,authority
relevance,15,llama3.1:8b,moderate,3.0,authority
relevance,15,llama3.1:8b,moderate,5.0,authority
relevance,15,llama3.1:8b,moderate,4.0,authority
relevance,15,llama3.1:8b,moderate,3.0,authority
relevance,15,llama3.1:8b,moderate,2.0,authority
relevance,15,llama3.1:8b,moderate,3.0,authority
relevance,15,llama3.1:8b,moderate,3.0,authority
relevance,15,llama3.1:8b,moderate,2.0,authority
relevance,15,llama3.1:8b,moderate,3.0,authority
relevance,15,llama3.1:8b,moderate,2.0,authority
relevance,15,llama3.1:8b,moderate,2.0,authority
relevance,15,llama3.1:8b,moderate,2.0,authority
relevance,15,llama3.1:8b,moderate,2.0,authority
relevance,15,llama3.1:8b,moderate,2.0,authority
relevance,15,llama3.1:8b,moderate,2.0,authority
relevance,15,llama3.1:8b,moderate,3.0,authority
relevance,15,llama3.1:8b,moderate,4.0,authority
relevance,15,llama3.1:8b,moderate,3.0,authority
relevance,15,llama3.1:8b,moderate,2.0,authority
relevance,15,llama3.1:8b,moderate,4.0,authority
relevance,15,llama3.1:8b,moderate,2.0,authority
relevance,15,llama3.1:8b,moderate,3.0,authority
relevance,15,llama3.1:8b,moderate,2.0,authority
relevance,15,llama3.1:8b,moderate,2.0,authority
relevance,15,llama3.1:8b,moderate,2.0,authority
relevance,15,llama3.1:8b,moderate,3.0,authority
relevance,15,llama3.1:8b,moderate,3.0,authority
relevance,15,llama3.1:8b,moderate,3.0,authority
relevance,15,llama3.1:8b,moderate,3.0,authority
relevance,15,llama3.1:8b,moderate,2.0,authority
relevance,15,llama3.1:8b,moderate,3.0,authority
relevance,15,llama3.1:8b,moderate,3.0,authority
relevance,15,llama3.1:8b,moderate,3.0,authority
relevance,15,llama3.1:8b,moderate,3.0,authority
relevance,15,llama3.1:8b,moderate,4.0,authority
relevance,15,llama3.1:8b,moderate,3.0,authority
relevance,15,llama3.1:8b,moderate,2.0,authority
relevance,15,llama3.1:8b,moderate,2.0,authority
relevance,15,llama3.1:8b,liberal,3.0,authority
relevance,15,llama3.1:8b,liberal,4.0,authority
relevance,15,llama3.1:8b,liberal,3.0,authority
relevance,15,llama3.1:8b,liberal,4.0,authority
relevance,15,llama3.1:8b,liberal,5.0,authority
relevance,15,llama3.1:8b,liberal,3.0,authority
relevance,15,llama3.1:8b,liberal,3.0,authority
relevance,15,llama3.1:8b,liberal,2.0,authority
relevance,15,llama3.1:8b,liberal,4.0,authority
relevance,15,llama3.1:8b,liberal,3.0,authority
relevance,15,llama3.1:8b,liberal,4.0,authority
relevance,15,llama3.1:8b,liberal,2.0,authority
relevance,15,llama3.1:8b,liberal,2.0,authority
relevance,15,llama3.1:8b,liberal,2.0,authority
relevance,15,llama3.1:8b,liberal,3.0,authority
relevance,15,llama3.1:8b,liberal,5.0,authority
relevance,15,llama3.1:8b,liberal,4.0,authority
relevance,15,llama3.1:8b,liberal,2.0,authority
relevance,15,llama3.1:8b,liberal,5.0,authority
relevance,15,llama3.1:8b,liberal,5.0,authority
relevance,15,llama3.1:8b,liberal,4.0,authority
relevance,15,llama3.1:8b,liberal,2.0,authority
relevance,15,llama3.1:8b,liberal,5.0,authority
relevance,15,llama3.1:8b,liberal,4.0,authority
relevance,15,llama3.1:8b,liberal,3.0,authority
relevance,15,llama3.1:8b,liberal,4.0,authority
relevance,15,llama3.1:8b,liberal,5.0,authority
relevance,15,llama3.1:8b,liberal,1.0,authority
relevance,15,llama3.1:8b,liberal,2.0,authority
relevance,15,llama3.1:8b,liberal,3.0,authority
relevance,15,llama3.1:8b,liberal,2.0,authority
relevance,15,llama3.1:8b,liberal,3.0,authority
relevance,15,llama3.1:8b,liberal,2.0,authority
relevance,15,llama3.1:8b,liberal,5.0,authority
relevance,15,llama3.1:8b,liberal,4.0,authority
relevance,15,llama3.1:8b,liberal,2.0,authority
relevance,15,llama3.1:8b,liberal,3.0,authority
relevance,15,llama3.1:8b,liberal,4.0,authority
relevance,15,llama3.1:8b,liberal,2.0,authority
relevance,15,llama3.1:8b,liberal,1.0,authority
relevance,15,llama3.1:8b,liberal,1.0,authority
relevance,15,llama3.1:8b,liberal,3.0,authority
relevance,15,llama3.1:8b,liberal,3.0,authority
relevance,15,llama3.1:8b,liberal,2.0,authority
relevance,15,llama3.1:8b,liberal,4.0,authority
relevance,15,llama3.1:8b,liberal,3.0,authority
relevance,15,llama3.1:8b,liberal,4.0,authority
relevance,15,llama3.1:8b,liberal,4.0,authority
relevance,15,llama3.1:8b,liberal,3.0,authority
relevance,15,llama3.1:8b,liberal,5.0,authority
relevance,15,llama2:70b,conservative,4.0,authority
relevance,15,llama2:70b,conservative,4.0,authority
relevance,15,llama2:70b,conservative,4.0,authority
relevance,15,llama2:70b,conservative,3.0,authority
relevance,15,llama2:70b,conservative,4.0,authority
relevance,15,llama2:70b,conservative,4.0,authority
relevance,15,llama2:70b,conservative,4.0,authority
relevance,15,llama2:70b,conservative,4.0,authority
relevance,15,llama2:70b,conservative,4.0,authority
relevance,15,llama2:70b,conservative,3.0,authority
relevance,15,llama2:70b,conservative,3.0,authority
relevance,15,llama2:70b,conservative,3.0,authority
relevance,15,llama2:70b,conservative,3.0,authority
relevance,15,llama2:70b,conservative,2.0,authority
relevance,15,llama2:70b,conservative,4.0,authority
relevance,15,llama2:70b,conservative,4.0,authority
relevance,15,llama2:70b,conservative,3.0,authority
relevance,15,llama2:70b,conservative,4.0,authority
relevance,15,llama2:70b,conservative,4.0,authority
relevance,15,llama2:70b,conservative,3.0,authority
relevance,15,llama2:70b,conservative,3.0,authority
relevance,15,llama2:70b,conservative,3.0,authority
relevance,15,llama2:70b,conservative,4.0,authority
relevance,15,llama2:70b,conservative,3.0,authority
relevance,15,llama2:70b,conservative,2.0,authority
relevance,15,llama2:70b,conservative,3.0,authority
relevance,15,llama2:70b,conservative,3.0,authority
relevance,15,llama2:70b,conservative,4.0,authority
relevance,15,llama2:70b,conservative,2.0,authority
relevance,15,llama2:70b,conservative,2.0,authority
relevance,15,llama2:70b,conservative,3.0,authority
relevance,15,llama2:70b,conservative,4.0,authority
relevance,15,llama2:70b,conservative,3.0,authority
relevance,15,llama2:70b,conservative,3.0,authority
relevance,15,llama2:70b,conservative,4.0,authority
relevance,15,llama2:70b,conservative,3.0,authority
relevance,15,llama2:70b,conservative,3.0,authority
relevance,15,llama2:70b,conservative,4.0,authority
relevance,15,llama2:70b,conservative,4.0,authority
relevance,15,llama2:70b,conservative,3.0,authority
relevance,15,llama2:70b,conservative,3.0,authority
relevance,15,llama2:70b,conservative,4.0,authority
relevance,15,llama2:70b,conservative,3.0,authority
relevance,15,llama2:70b,conservative,4.0,authority
relevance,15,llama2:70b,conservative,4.0,authority
relevance,15,llama2:70b,conservative,3.0,authority
relevance,15,llama2:70b,conservative,4.0,authority
relevance,15,llama2:70b,conservative,4.0,authority
relevance,15,llama2:70b,moderate,2.0,authority
relevance,15,llama2:70b,moderate,3.0,authority
relevance,15,llama2:70b,moderate,3.0,authority
relevance,15,llama2:70b,moderate,2.0,authority
relevance,15,llama2:70b,moderate,2.0,authority
relevance,15,llama2:70b,moderate,3.0,authority
relevance,15,llama2:70b,moderate,4.0,authority
relevance,15,llama2:70b,moderate,3.0,authority
relevance,15,llama2:70b,moderate,4.0,authority
relevance,15,llama2:70b,moderate,3.0,authority
relevance,15,llama2:70b,moderate,3.0,authority
relevance,15,llama2:70b,moderate,3.0,authority
relevance,15,llama2:70b,moderate,3.0,authority
relevance,15,llama2:70b,moderate,3.0,authority
relevance,15,llama2:70b,moderate,3.0,authority
relevance,15,llama2:70b,moderate,3.0,authority
relevance,15,llama2:70b,moderate,2.0,authority
relevance,15,llama2:70b,moderate,2.0,authority
relevance,15,llama2:70b,moderate,2.0,authority
relevance,15,llama2:70b,moderate,3.0,authority
relevance,15,llama2:70b,moderate,3.0,authority
relevance,15,llama2:70b,moderate,2.0,authority
relevance,15,llama2:70b,moderate,2.0,authority
relevance,15,llama2:70b,moderate,3.0,authority
relevance,15,llama2:70b,moderate,3.0,authority
relevance,15,llama2:70b,moderate,3.0,authority
relevance,15,llama2:70b,moderate,3.0,authority
relevance,15,llama2:70b,moderate,3.0,authority
relevance,15,llama2:70b,moderate,2.0,authority
relevance,15,llama2:70b,moderate,3.0,authority
relevance,15,llama2:70b,moderate,4.0,authority
relevance,15,llama2:70b,moderate,3.0,authority
relevance,15,llama2:70b,moderate,3.0,authority
relevance,15,llama2:70b,moderate,2.0,authority
relevance,15,llama2:70b,moderate,3.0,authority
relevance,15,llama2:70b,moderate,2.0,authority
relevance,15,llama2:70b,moderate,3.0,authority
relevance,15,llama2:70b,moderate,3.0,authority
relevance,15,llama2:70b,moderate,2.0,authority
relevance,15,llama2:70b,moderate,3.0,authority
relevance,15,llama2:70b,moderate,4.0,authority
relevance,15,llama2:70b,moderate,3.0,authority
relevance,15,llama2:70b,moderate,2.0,authority
relevance,15,llama2:70b,moderate,3.0,authority
relevance,15,llama2:70b,moderate,3.0,authority
relevance,15,llama2:70b,moderate,3.0,authority
relevance,15,llama2:70b,moderate,3.0,authority
relevance,15,llama2:70b,moderate,3.0,authority
relevance,15,llama2:70b,moderate,3.0,authority
relevance,15,llama2:70b,moderate,3.0,authority
relevance,15,llama2:70b,liberal,4.0,authority
relevance,15,llama2:70b,liberal,3.0,authority
relevance,15,llama2:70b,liberal,3.0,authority
relevance,15,llama2:70b,liberal,3.0,authority
relevance,15,llama2:70b,liberal,4.0,authority
relevance,15,llama2:70b,liberal,3.0,authority
relevance,15,llama2:70b,liberal,4.0,authority
relevance,15,llama2:70b,liberal,2.0,authority
relevance,15,llama2:70b,liberal,2.0,authority
relevance,15,llama2:70b,liberal,4.0,authority
relevance,15,llama2:70b,liberal,3.0,authority
relevance,15,llama2:70b,liberal,4.0,authority
relevance,15,llama2:70b,liberal,3.0,authority
relevance,15,llama2:70b,liberal,3.0,authority
relevance,15,llama2:70b,liberal,4.0,authority
relevance,15,llama2:70b,liberal,3.0,authority
relevance,15,llama2:70b,liberal,3.0,authority
relevance,15,llama2:70b,liberal,3.0,authority
relevance,15,llama2:70b,liberal,2.0,authority
relevance,15,llama2:70b,liberal,3.0,authority
relevance,15,llama2:70b,liberal,4.0,authority
relevance,15,llama2:70b,liberal,4.0,authority
relevance,15,llama2:70b,liberal,3.0,authority
relevance,15,llama2:70b,liberal,3.0,authority
relevance,15,llama2:70b,liberal,4.0,authority
relevance,15,llama2:70b,liberal,3.0,authority
relevance,15,llama2:70b,liberal,3.0,authority
relevance,15,llama2:70b,liberal,3.0,authority
relevance,15,llama2:70b,liberal,3.0,authority
relevance,15,llama2:70b,liberal,2.0,authority
relevance,15,llama2:70b,liberal,3.0,authority
relevance,15,llama2:70b,liberal,3.0,authority
relevance,15,llama2:70b,liberal,3.0,authority
relevance,15,llama2:70b,liberal,3.0,authority
relevance,15,llama2:70b,liberal,3.0,authority
relevance,15,llama2:70b,liberal,4.0,authority
relevance,15,llama2:70b,liberal,2.0,authority
relevance,15,llama2:70b,liberal,4.0,authority
relevance,15,llama2:70b,liberal,3.0,authority
relevance,15,llama2:70b,liberal,3.0,authority
relevance,15,llama2:70b,liberal,3.0,authority
relevance,15,llama2:70b,liberal,3.0,authority
relevance,15,llama2:70b,liberal,3.0,authority
relevance,15,llama2:70b,liberal,2.0,authority
relevance,15,llama2:70b,liberal,4.0,authority
relevance,15,llama2:70b,liberal,3.0,authority
relevance,15,llama2:70b,liberal,4.0,authority
relevance,15,llama2:70b,liberal,4.0,authority
relevance,15,llama2:70b,liberal,3.0,authority
relevance,15,llama2:70b,liberal,3.0,authority
relevance,15,llama3:70b,conservative,5.0,authority
relevance,15,llama3:70b,conservative,5.0,authority
relevance,15,llama3:70b,conservative,5.0,authority
relevance,15,llama3:70b,conservative,4.0,authority
relevance,15,llama3:70b,conservative,5.0,authority
relevance,15,llama3:70b,conservative,5.0,authority
relevance,15,llama3:70b,conservative,5.0,authority
relevance,15,llama3:70b,conservative,5.0,authority
relevance,15,llama3:70b,conservative,5.0,authority
relevance,15,llama3:70b,conservative,5.0,authority
relevance,15,llama3:70b,conservative,5.0,authority
relevance,15,llama3:70b,conservative,5.0,authority
relevance,15,llama3:70b,conservative,5.0,authority
relevance,15,llama3:70b,conservative,5.0,authority
relevance,15,llama3:70b,conservative,5.0,authority
relevance,15,llama3:70b,conservative,5.0,authority
relevance,15,llama3:70b,conservative,5.0,authority
relevance,15,llama3:70b,conservative,5.0,authority
relevance,15,llama3:70b,conservative,4.0,authority
relevance,15,llama3:70b,conservative,5.0,authority
relevance,15,llama3:70b,conservative,5.0,authority
relevance,15,llama3:70b,conservative,5.0,authority
relevance,15,llama3:70b,conservative,5.0,authority
relevance,15,llama3:70b,conservative,5.0,authority
relevance,15,llama3:70b,conservative,5.0,authority
relevance,15,llama3:70b,conservative,5.0,authority
relevance,15,llama3:70b,conservative,5.0,authority
relevance,15,llama3:70b,conservative,5.0,authority
relevance,15,llama3:70b,conservative,5.0,authority
relevance,15,llama3:70b,conservative,5.0,authority
relevance,15,llama3:70b,conservative,5.0,authority
relevance,15,llama3:70b,conservative,5.0,authority
relevance,15,llama3:70b,conservative,5.0,authority
relevance,15,llama3:70b,conservative,5.0,authority
relevance,15,llama3:70b,conservative,5.0,authority
relevance,15,llama3:70b,conservative,4.0,authority
relevance,15,llama3:70b,conservative,4.0,authority
relevance,15,llama3:70b,conservative,5.0,authority
relevance,15,llama3:70b,conservative,4.0,authority
relevance,15,llama3:70b,conservative,5.0,authority
relevance,15,llama3:70b,conservative,4.0,authority
relevance,15,llama3:70b,conservative,5.0,authority
relevance,15,llama3:70b,conservative,5.0,authority
relevance,15,llama3:70b,conservative,5.0,authority
relevance,15,llama3:70b,conservative,5.0,authority
relevance,15,llama3:70b,conservative,5.0,authority
relevance,15,llama3:70b,conservative,5.0,authority
relevance,15,llama3:70b,conservative,5.0,authority
relevance,15,llama3:70b,conservative,5.0,authority
relevance,15,llama3:70b,conservative,4.0,authority
relevance,15,llama3:70b,moderate,4.0,authority
relevance,15,llama3:70b,moderate,4.0,authority
relevance,15,llama3:70b,moderate,4.0,authority
relevance,15,llama3:70b,moderate,4.0,authority
relevance,15,llama3:70b,moderate,3.0,authority
relevance,15,llama3:70b,moderate,3.0,authority
relevance,15,llama3:70b,moderate,3.0,authority
relevance,15,llama3:70b,moderate,4.0,authority
relevance,15,llama3:70b,moderate,4.0,authority
relevance,15,llama3:70b,moderate,4.0,authority
relevance,15,llama3:70b,moderate,4.0,authority
relevance,15,llama3:70b,moderate,4.0,authority
relevance,15,llama3:70b,moderate,3.0,authority
relevance,15,llama3:70b,moderate,4.0,authority
relevance,15,llama3:70b,moderate,3.0,authority
relevance,15,llama3:70b,moderate,3.0,authority
relevance,15,llama3:70b,moderate,3.0,authority
relevance,15,llama3:70b,moderate,4.0,authority
relevance,15,llama3:70b,moderate,4.0,authority
relevance,15,llama3:70b,moderate,4.0,authority
relevance,15,llama3:70b,moderate,4.0,authority
relevance,15,llama3:70b,moderate,4.0,authority
relevance,15,llama3:70b,moderate,4.0,authority
relevance,15,llama3:70b,moderate,3.0,authority
relevance,15,llama3:70b,moderate,3.0,authority
relevance,15,llama3:70b,moderate,3.0,authority
relevance,15,llama3:70b,moderate,4.0,authority
relevance,15,llama3:70b,moderate,3.0,authority
relevance,15,llama3:70b,moderate,4.0,authority
relevance,15,llama3:70b,moderate,4.0,authority
relevance,15,llama3:70b,moderate,4.0,authority
relevance,15,llama3:70b,moderate,4.0,authority
relevance,15,llama3:70b,moderate,4.0,authority
relevance,15,llama3:70b,moderate,4.0,authority
relevance,15,llama3:70b,moderate,3.0,authority
relevance,15,llama3:70b,moderate,4.0,authority
relevance,15,llama3:70b,moderate,4.0,authority
relevance,15,llama3:70b,moderate,4.0,authority
relevance,15,llama3:70b,moderate,4.0,authority
relevance,15,llama3:70b,moderate,4.0,authority
relevance,15,llama3:70b,moderate,4.0,authority
relevance,15,llama3:70b,moderate,4.0,authority
relevance,15,llama3:70b,moderate,4.0,authority
relevance,15,llama3:70b,moderate,4.0,authority
relevance,15,llama3:70b,moderate,3.0,authority
relevance,15,llama3:70b,moderate,4.0,authority
relevance,15,llama3:70b,moderate,3.0,authority
relevance,15,llama3:70b,moderate,3.0,authority
relevance,15,llama3:70b,moderate,4.0,authority
relevance,15,llama3:70b,moderate,4.0,authority
relevance,15,llama3:70b,liberal,4.0,authority
relevance,15,llama3:70b,liberal,4.0,authority
relevance,15,llama3:70b,liberal,4.0,authority
relevance,15,llama3:70b,liberal,4.0,authority
relevance,15,llama3:70b,liberal,5.0,authority
relevance,15,llama3:70b,liberal,4.0,authority
relevance,15,llama3:70b,liberal,4.0,authority
relevance,15,llama3:70b,liberal,4.0,authority
relevance,15,llama3:70b,liberal,4.0,authority
relevance,15,llama3:70b,liberal,4.0,authority
relevance,15,llama3:70b,liberal,4.0,authority
relevance,15,llama3:70b,liberal,4.0,authority
relevance,15,llama3:70b,liberal,4.0,authority
relevance,15,llama3:70b,liberal,4.0,authority
relevance,15,llama3:70b,liberal,4.0,authority
relevance,15,llama3:70b,liberal,4.0,authority
relevance,15,llama3:70b,liberal,4.0,authority
relevance,15,llama3:70b,liberal,4.0,authority
relevance,15,llama3:70b,liberal,4.0,authority
relevance,15,llama3:70b,liberal,4.0,authority
relevance,15,llama3:70b,liberal,4.0,authority
relevance,15,llama3:70b,liberal,4.0,authority
relevance,15,llama3:70b,liberal,4.0,authority
relevance,15,llama3:70b,liberal,4.0,authority
relevance,15,llama3:70b,liberal,4.0,authority
relevance,15,llama3:70b,liberal,4.0,authority
relevance,15,llama3:70b,liberal,4.0,authority
relevance,15,llama3:70b,liberal,4.0,authority
relevance,15,llama3:70b,liberal,4.0,authority
relevance,15,llama3:70b,liberal,4.0,authority
relevance,15,llama3:70b,liberal,4.0,authority
relevance,15,llama3:70b,liberal,4.0,authority
relevance,15,llama3:70b,liberal,4.0,authority
relevance,15,llama3:70b,liberal,4.0,authority
relevance,15,llama3:70b,liberal,4.0,authority
relevance,15,llama3:70b,liberal,4.0,authority
relevance,15,llama3:70b,liberal,4.0,authority
relevance,15,llama3:70b,liberal,5.0,authority
relevance,15,llama3:70b,liberal,4.0,authority
relevance,15,llama3:70b,liberal,4.0,authority
relevance,15,llama3:70b,liberal,4.0,authority
relevance,15,llama3:70b,liberal,4.0,authority
relevance,15,llama3:70b,liberal,4.0,authority
relevance,15,llama3:70b,liberal,4.0,authority
relevance,15,llama3:70b,liberal,4.0,authority
relevance,15,llama3:70b,liberal,5.0,authority
relevance,15,llama3:70b,liberal,5.0,authority
relevance,15,llama3:70b,liberal,4.0,authority
relevance,15,llama3:70b,liberal,5.0,authority
relevance,15,llama3:70b,liberal,4.0,authority
relevance,15,llama3.1:70b,conservative,4.0,authority
relevance,15,llama3.1:70b,conservative,4.0,authority
relevance,15,llama3.1:70b,conservative,4.0,authority
relevance,15,llama3.1:70b,conservative,5.0,authority
relevance,15,llama3.1:70b,conservative,5.0,authority
relevance,15,llama3.1:70b,conservative,5.0,authority
relevance,15,llama3.1:70b,conservative,5.0,authority
relevance,15,llama3.1:70b,conservative,4.0,authority
relevance,15,llama3.1:70b,conservative,4.0,authority
relevance,15,llama3.1:70b,conservative,5.0,authority
relevance,15,llama3.1:70b,conservative,5.0,authority
relevance,15,llama3.1:70b,conservative,5.0,authority
relevance,15,llama3.1:70b,conservative,5.0,authority
relevance,15,llama3.1:70b,conservative,4.0,authority
relevance,15,llama3.1:70b,conservative,5.0,authority
relevance,15,llama3.1:70b,conservative,5.0,authority
relevance,15,llama3.1:70b,conservative,5.0,authority
relevance,15,llama3.1:70b,conservative,5.0,authority
relevance,15,llama3.1:70b,conservative,4.0,authority
relevance,15,llama3.1:70b,conservative,4.0,authority
relevance,15,llama3.1:70b,conservative,5.0,authority
relevance,15,llama3.1:70b,conservative,5.0,authority
relevance,15,llama3.1:70b,conservative,5.0,authority
relevance,15,llama3.1:70b,conservative,5.0,authority
relevance,15,llama3.1:70b,conservative,5.0,authority
relevance,15,llama3.1:70b,conservative,4.0,authority
relevance,15,llama3.1:70b,conservative,4.0,authority
relevance,15,llama3.1:70b,conservative,4.0,authority
relevance,15,llama3.1:70b,conservative,5.0,authority
relevance,15,llama3.1:70b,conservative,5.0,authority
relevance,15,llama3.1:70b,conservative,4.0,authority
relevance,15,llama3.1:70b,conservative,4.0,authority
relevance,15,llama3.1:70b,conservative,4.0,authority
relevance,15,llama3.1:70b,conservative,5.0,authority
relevance,15,llama3.1:70b,conservative,4.0,authority
relevance,15,llama3.1:70b,conservative,4.0,authority
relevance,15,llama3.1:70b,conservative,5.0,authority
relevance,15,llama3.1:70b,conservative,4.0,authority
relevance,15,llama3.1:70b,conservative,4.0,authority
relevance,15,llama3.1:70b,conservative,5.0,authority
relevance,15,llama3.1:70b,conservative,5.0,authority
relevance,15,llama3.1:70b,conservative,5.0,authority
relevance,15,llama3.1:70b,conservative,5.0,authority
relevance,15,llama3.1:70b,conservative,5.0,authority
relevance,15,llama3.1:70b,conservative,5.0,authority
relevance,15,llama3.1:70b,conservative,4.0,authority
relevance,15,llama3.1:70b,conservative,4.0,authority
relevance,15,llama3.1:70b,conservative,5.0,authority
relevance,15,llama3.1:70b,conservative,4.0,authority
relevance,15,llama3.1:70b,conservative,5.0,authority
relevance,15,llama3.1:70b,moderate,4.0,authority
relevance,15,llama3.1:70b,moderate,4.0,authority
relevance,15,llama3.1:70b,moderate,4.0,authority
relevance,15,llama3.1:70b,moderate,4.0,authority
relevance,15,llama3.1:70b,moderate,4.0,authority
relevance,15,llama3.1:70b,moderate,4.0,authority
relevance,15,llama3.1:70b,moderate,4.0,authority
relevance,15,llama3.1:70b,moderate,4.0,authority
relevance,15,llama3.1:70b,moderate,5.0,authority
relevance,15,llama3.1:70b,moderate,4.0,authority
relevance,15,llama3.1:70b,moderate,4.0,authority
relevance,15,llama3.1:70b,moderate,4.0,authority
relevance,15,llama3.1:70b,moderate,4.0,authority
relevance,15,llama3.1:70b,moderate,4.0,authority
relevance,15,llama3.1:70b,moderate,4.0,authority
relevance,15,llama3.1:70b,moderate,4.0,authority
relevance,15,llama3.1:70b,moderate,4.0,authority
relevance,15,llama3.1:70b,moderate,4.0,authority
relevance,15,llama3.1:70b,moderate,4.0,authority
relevance,15,llama3.1:70b,moderate,5.0,authority
relevance,15,llama3.1:70b,moderate,4.0,authority
relevance,15,llama3.1:70b,moderate,4.0,authority
relevance,15,llama3.1:70b,moderate,4.0,authority
relevance,15,llama3.1:70b,moderate,4.0,authority
relevance,15,llama3.1:70b,moderate,4.0,authority
relevance,15,llama3.1:70b,moderate,4.0,authority
relevance,15,llama3.1:70b,moderate,4.0,authority
relevance,15,llama3.1:70b,moderate,4.0,authority
relevance,15,llama3.1:70b,moderate,4.0,authority
relevance,15,llama3.1:70b,moderate,4.0,authority
relevance,15,llama3.1:70b,moderate,4.0,authority
relevance,15,llama3.1:70b,moderate,4.0,authority
relevance,15,llama3.1:70b,moderate,4.0,authority
relevance,15,llama3.1:70b,moderate,4.0,authority
relevance,15,llama3.1:70b,moderate,4.0,authority
relevance,15,llama3.1:70b,moderate,4.0,authority
relevance,15,llama3.1:70b,moderate,4.0,authority
relevance,15,llama3.1:70b,moderate,4.0,authority
relevance,15,llama3.1:70b,moderate,4.0,authority
relevance,15,llama3.1:70b,moderate,4.0,authority
relevance,15,llama3.1:70b,moderate,4.0,authority
relevance,15,llama3.1:70b,moderate,5.0,authority
relevance,15,llama3.1:70b,moderate,4.0,authority
relevance,15,llama3.1:70b,moderate,4.0,authority
relevance,15,llama3.1:70b,moderate,4.0,authority
relevance,15,llama3.1:70b,moderate,4.0,authority
relevance,15,llama3.1:70b,moderate,4.0,authority
relevance,15,llama3.1:70b,moderate,5.0,authority
relevance,15,llama3.1:70b,moderate,4.0,authority
relevance,15,llama3.1:70b,moderate,4.0,authority
relevance,15,llama3.1:70b,liberal,4.0,authority
relevance,15,llama3.1:70b,liberal,4.0,authority
relevance,15,llama3.1:70b,liberal,4.0,authority
relevance,15,llama3.1:70b,liberal,3.0,authority
relevance,15,llama3.1:70b,liberal,4.0,authority
relevance,15,llama3.1:70b,liberal,4.0,authority
relevance,15,llama3.1:70b,liberal,3.0,authority
relevance,15,llama3.1:70b,liberal,4.0,authority
relevance,15,llama3.1:70b,liberal,4.0,authority
relevance,15,llama3.1:70b,liberal,4.0,authority
relevance,15,llama3.1:70b,liberal,4.0,authority
relevance,15,llama3.1:70b,liberal,5.0,authority
relevance,15,llama3.1:70b,liberal,4.0,authority
relevance,15,llama3.1:70b,liberal,4.0,authority
relevance,15,llama3.1:70b,liberal,4.0,authority
relevance,15,llama3.1:70b,liberal,4.0,authority
relevance,15,llama3.1:70b,liberal,4.0,authority
relevance,15,llama3.1:70b,liberal,4.0,authority
relevance,15,llama3.1:70b,liberal,3.0,authority
relevance,15,llama3.1:70b,liberal,4.0,authority
relevance,15,llama3.1:70b,liberal,4.0,authority
relevance,15,llama3.1:70b,liberal,4.0,authority
relevance,15,llama3.1:70b,liberal,4.0,authority
relevance,15,llama3.1:70b,liberal,4.0,authority
relevance,15,llama3.1:70b,liberal,3.0,authority
relevance,15,llama3.1:70b,liberal,4.0,authority
relevance,15,llama3.1:70b,liberal,3.0,authority
relevance,15,llama3.1:70b,liberal,3.0,authority
relevance,15,llama3.1:70b,liberal,4.0,authority
relevance,15,llama3.1:70b,liberal,4.0,authority
relevance,15,llama3.1:70b,liberal,4.0,authority
relevance,15,llama3.1:70b,liberal,4.0,authority
relevance,15,llama3.1:70b,liberal,3.0,authority
relevance,15,llama3.1:70b,liberal,4.0,authority
relevance,15,llama3.1:70b,liberal,3.0,authority
relevance,15,llama3.1:70b,liberal,3.0,authority
relevance,15,llama3.1:70b,liberal,4.0,authority
relevance,15,llama3.1:70b,liberal,4.0,authority
relevance,15,llama3.1:70b,liberal,3.0,authority
relevance,15,llama3.1:70b,liberal,4.0,authority
relevance,15,llama3.1:70b,liberal,4.0,authority
relevance,15,llama3.1:70b,liberal,4.0,authority
relevance,15,llama3.1:70b,liberal,4.0,authority
relevance,15,llama3.1:70b,liberal,4.0,authority
relevance,15,llama3.1:70b,liberal,4.0,authority
relevance,15,llama3.1:70b,liberal,4.0,authority
relevance,15,llama3.1:70b,liberal,4.0,authority
relevance,15,llama3.1:70b,liberal,4.0,authority
relevance,15,llama3.1:70b,liberal,3.0,authority
relevance,15,llama3.1:70b,liberal,4.0,authority
relevance,15,mistral:7b,conservative,2.0,authority
relevance,15,mistral:7b,conservative,0.0,authority
relevance,15,mistral:7b,conservative,2.0,authority
relevance,15,mistral:7b,conservative,3.0,authority
relevance,15,mistral:7b,conservative,3.0,authority
relevance,15,mistral:7b,conservative,1.0,authority
relevance,15,mistral:7b,conservative,1.0,authority
relevance,15,mistral:7b,conservative,3.0,authority
relevance,15,mistral:7b,conservative,0.0,authority
relevance,15,mistral:7b,conservative,2.0,authority
relevance,15,mistral:7b,conservative,2.0,authority
relevance,15,mistral:7b,conservative,2.0,authority
relevance,15,mistral:7b,conservative,1.0,authority
relevance,15,mistral:7b,conservative,0.0,authority
relevance,15,mistral:7b,conservative,1.0,authority
relevance,15,mistral:7b,conservative,2.0,authority
relevance,15,mistral:7b,conservative,3.0,authority
relevance,15,mistral:7b,conservative,1.0,authority
relevance,15,mistral:7b,conservative,1.0,authority
relevance,15,mistral:7b,conservative,1.0,authority
relevance,15,mistral:7b,conservative,1.0,authority
relevance,15,mistral:7b,conservative,0.0,authority
relevance,15,mistral:7b,conservative,2.0,authority
relevance,15,mistral:7b,conservative,1.0,authority
relevance,15,mistral:7b,conservative,1.0,authority
relevance,15,mistral:7b,conservative,3.0,authority
relevance,15,mistral:7b,conservative,3.0,authority
relevance,15,mistral:7b,conservative,1.0,authority
relevance,15,mistral:7b,conservative,2.0,authority
relevance,15,mistral:7b,conservative,1.0,authority
relevance,15,mistral:7b,conservative,3.0,authority
relevance,15,mistral:7b,conservative,1.0,authority
relevance,15,mistral:7b,conservative,1.0,authority
relevance,15,mistral:7b,conservative,1.0,authority
relevance,15,mistral:7b,conservative,1.0,authority
relevance,15,mistral:7b,conservative,3.0,authority
relevance,15,mistral:7b,conservative,2.0,authority
relevance,15,mistral:7b,conservative,1.0,authority
relevance,15,mistral:7b,conservative,3.0,authority
relevance,15,mistral:7b,conservative,1.0,authority
relevance,15,mistral:7b,conservative,1.0,authority
relevance,15,mistral:7b,conservative,3.0,authority
relevance,15,mistral:7b,conservative,1.0,authority
relevance,15,mistral:7b,conservative,3.0,authority
relevance,15,mistral:7b,conservative,1.0,authority
relevance,15,mistral:7b,conservative,1.0,authority
relevance,15,mistral:7b,conservative,2.0,authority
relevance,15,mistral:7b,conservative,3.0,authority
relevance,15,mistral:7b,conservative,1.0,authority
relevance,15,mistral:7b,conservative,1.0,authority
relevance,15,mistral:7b,moderate,1.0,authority
relevance,15,mistral:7b,moderate,1.0,authority
relevance,15,mistral:7b,moderate,1.0,authority
relevance,15,mistral:7b,moderate,1.0,authority
relevance,15,mistral:7b,moderate,1.0,authority
relevance,15,mistral:7b,moderate,3.0,authority
relevance,15,mistral:7b,moderate,1.0,authority
relevance,15,mistral:7b,moderate,1.0,authority
relevance,15,mistral:7b,moderate,1.0,authority
relevance,15,mistral:7b,moderate,1.0,authority
relevance,15,mistral:7b,moderate,1.0,authority
relevance,15,mistral:7b,moderate,1.0,authority
relevance,15,mistral:7b,moderate,1.0,authority
relevance,15,mistral:7b,moderate,1.0,authority
relevance,15,mistral:7b,moderate,1.0,authority
relevance,15,mistral:7b,moderate,1.0,authority
relevance,15,mistral:7b,moderate,1.0,authority
relevance,15,mistral:7b,moderate,1.0,authority
relevance,15,mistral:7b,moderate,1.0,authority
relevance,15,mistral:7b,moderate,1.0,authority
relevance,15,mistral:7b,moderate,1.0,authority
relevance,15,mistral:7b,moderate,1.0,authority
relevance,15,mistral:7b,moderate,1.0,authority
relevance,15,mistral:7b,moderate,1.0,authority
relevance,15,mistral:7b,moderate,1.0,authority
relevance,15,mistral:7b,moderate,1.0,authority
relevance,15,mistral:7b,moderate,1.0,authority
relevance,15,mistral:7b,moderate,1.0,authority
relevance,15,mistral:7b,moderate,1.0,authority
relevance,15,mistral:7b,moderate,1.0,authority
relevance,15,mistral:7b,moderate,1.0,authority
relevance,15,mistral:7b,moderate,1.0,authority
relevance,15,mistral:7b,moderate,1.0,authority
relevance,15,mistral:7b,moderate,1.0,authority
relevance,15,mistral:7b,moderate,1.0,authority
relevance,15,mistral:7b,moderate,1.0,authority
relevance,15,mistral:7b,moderate,1.0,authority
relevance,15,mistral:7b,moderate,1.0,authority
relevance,15,mistral:7b,moderate,1.0,authority
relevance,15,mistral:7b,moderate,1.0,authority
relevance,15,mistral:7b,moderate,1.0,authority
relevance,15,mistral:7b,moderate,1.0,authority
relevance,15,mistral:7b,moderate,1.0,authority
relevance,15,mistral:7b,moderate,3.0,authority
relevance,15,mistral:7b,moderate,1.0,authority
relevance,15,mistral:7b,moderate,1.0,authority
relevance,15,mistral:7b,moderate,1.0,authority
relevance,15,mistral:7b,moderate,1.0,authority
relevance,15,mistral:7b,moderate,1.0,authority
relevance,15,mistral:7b,moderate,1.0,authority
relevance,15,mistral:7b,liberal,1.0,authority
relevance,15,mistral:7b,liberal,1.0,authority
relevance,15,mistral:7b,liberal,1.0,authority
relevance,15,mistral:7b,liberal,1.0,authority
relevance,15,mistral:7b,liberal,1.0,authority
relevance,15,mistral:7b,liberal,1.0,authority
relevance,15,mistral:7b,liberal,1.0,authority
relevance,15,mistral:7b,liberal,1.0,authority
relevance,15,mistral:7b,liberal,1.0,authority
relevance,15,mistral:7b,liberal,1.0,authority
relevance,15,mistral:7b,liberal,1.0,authority
relevance,15,mistral:7b,liberal,1.0,authority
relevance,15,mistral:7b,liberal,1.0,authority
relevance,15,mistral:7b,liberal,1.0,authority
relevance,15,mistral:7b,liberal,1.0,authority
relevance,15,mistral:7b,liberal,1.0,authority
relevance,15,mistral:7b,liberal,1.0,authority
relevance,15,mistral:7b,liberal,1.0,authority
relevance,15,mistral:7b,liberal,1.0,authority
relevance,15,mistral:7b,liberal,1.0,authority
relevance,15,mistral:7b,liberal,1.0,authority
relevance,15,mistral:7b,liberal,1.0,authority
relevance,15,mistral:7b,liberal,1.0,authority
relevance,15,mistral:7b,liberal,1.0,authority
relevance,15,mistral:7b,liberal,1.0,authority
relevance,15,mistral:7b,liberal,1.0,authority
relevance,15,mistral:7b,liberal,1.0,authority
relevance,15,mistral:7b,liberal,1.0,authority
relevance,15,mistral:7b,liberal,1.0,authority
relevance,15,mistral:7b,liberal,1.0,authority
relevance,15,mistral:7b,liberal,1.0,authority
relevance,15,mistral:7b,liberal,1.0,authority
relevance,15,mistral:7b,liberal,1.0,authority
relevance,15,mistral:7b,liberal,1.0,authority
relevance,15,mistral:7b,liberal,1.0,authority
relevance,15,mistral:7b,liberal,1.0,authority
relevance,15,mistral:7b,liberal,1.0,authority
relevance,15,mistral:7b,liberal,1.0,authority
relevance,15,mistral:7b,liberal,1.0,authority
relevance,15,mistral:7b,liberal,1.0,authority
relevance,15,mistral:7b,liberal,1.0,authority
relevance,15,mistral:7b,liberal,1.0,authority
relevance,15,mistral:7b,liberal,1.0,authority
relevance,15,mistral:7b,liberal,1.0,authority
relevance,15,mistral:7b,liberal,1.0,authority
relevance,15,mistral:7b,liberal,1.0,authority
relevance,15,mistral:7b,liberal,1.0,authority
relevance,15,mistral:7b,liberal,1.0,authority
relevance,15,mistral:7b,liberal,1.0,authority
relevance,15,mistral:7b,liberal,1.0,authority
relevance,15,mixtral:8x22b,conservative,4.0,authority
relevance,15,mixtral:8x22b,conservative,4.0,authority
relevance,15,mixtral:8x22b,conservative,4.0,authority
relevance,15,mixtral:8x22b,conservative,4.0,authority
relevance,15,mixtral:8x22b,conservative,4.0,authority
relevance,15,mixtral:8x22b,conservative,4.0,authority
relevance,15,mixtral:8x22b,conservative,4.0,authority
relevance,15,mixtral:8x22b,conservative,4.0,authority
relevance,15,mixtral:8x22b,conservative,4.0,authority
relevance,15,mixtral:8x22b,conservative,4.0,authority
relevance,15,mixtral:8x22b,conservative,4.0,authority
relevance,15,mixtral:8x22b,conservative,4.0,authority
relevance,15,mixtral:8x22b,conservative,4.0,authority
relevance,15,mixtral:8x22b,conservative,4.0,authority
relevance,15,mixtral:8x22b,conservative,4.0,authority
relevance,15,mixtral:8x22b,conservative,4.0,authority
relevance,15,mixtral:8x22b,conservative,4.0,authority
relevance,15,mixtral:8x22b,conservative,4.0,authority
relevance,15,mixtral:8x22b,conservative,4.0,authority
relevance,15,mixtral:8x22b,conservative,4.0,authority
relevance,15,mixtral:8x22b,conservative,4.0,authority
relevance,15,mixtral:8x22b,conservative,4.0,authority
relevance,15,mixtral:8x22b,conservative,4.0,authority
relevance,15,mixtral:8x22b,conservative,4.0,authority
relevance,15,mixtral:8x22b,conservative,4.0,authority
relevance,15,mixtral:8x22b,conservative,4.0,authority
relevance,15,mixtral:8x22b,conservative,4.0,authority
relevance,15,mixtral:8x22b,conservative,4.0,authority
relevance,15,mixtral:8x22b,conservative,4.0,authority
relevance,15,mixtral:8x22b,conservative,4.0,authority
relevance,15,mixtral:8x22b,conservative,4.0,authority
relevance,15,mixtral:8x22b,conservative,4.0,authority
relevance,15,mixtral:8x22b,conservative,4.0,authority
relevance,15,mixtral:8x22b,conservative,4.0,authority
relevance,15,mixtral:8x22b,conservative,4.0,authority
relevance,15,mixtral:8x22b,conservative,4.0,authority
relevance,15,mixtral:8x22b,conservative,4.0,authority
relevance,15,mixtral:8x22b,conservative,4.0,authority
relevance,15,mixtral:8x22b,conservative,4.0,authority
relevance,15,mixtral:8x22b,conservative,4.0,authority
relevance,15,mixtral:8x22b,conservative,4.0,authority
relevance,15,mixtral:8x22b,conservative,4.0,authority
relevance,15,mixtral:8x22b,conservative,4.0,authority
relevance,15,mixtral:8x22b,conservative,4.0,authority
relevance,15,mixtral:8x22b,conservative,4.0,authority
relevance,15,mixtral:8x22b,conservative,4.0,authority
relevance,15,mixtral:8x22b,conservative,4.0,authority
relevance,15,mixtral:8x22b,conservative,4.0,authority
relevance,15,mixtral:8x22b,conservative,4.0,authority
relevance,15,mixtral:8x22b,conservative,4.0,authority
relevance,15,mixtral:8x22b,moderate,3.0,authority
relevance,15,mixtral:8x22b,moderate,3.0,authority
relevance,15,mixtral:8x22b,moderate,4.0,authority
relevance,15,mixtral:8x22b,moderate,3.0,authority
relevance,15,mixtral:8x22b,moderate,3.0,authority
relevance,15,mixtral:8x22b,moderate,3.0,authority
relevance,15,mixtral:8x22b,moderate,4.0,authority
relevance,15,mixtral:8x22b,moderate,3.0,authority
relevance,15,mixtral:8x22b,moderate,3.0,authority
relevance,15,mixtral:8x22b,moderate,3.0,authority
relevance,15,mixtral:8x22b,moderate,3.0,authority
relevance,15,mixtral:8x22b,moderate,4.0,authority
relevance,15,mixtral:8x22b,moderate,3.0,authority
relevance,15,mixtral:8x22b,moderate,3.0,authority
relevance,15,mixtral:8x22b,moderate,3.0,authority
relevance,15,mixtral:8x22b,moderate,3.0,authority
relevance,15,mixtral:8x22b,moderate,4.0,authority
relevance,15,mixtral:8x22b,moderate,3.0,authority
relevance,15,mixtral:8x22b,moderate,3.0,authority
relevance,15,mixtral:8x22b,moderate,3.0,authority
relevance,15,mixtral:8x22b,moderate,3.0,authority
relevance,15,mixtral:8x22b,moderate,3.0,authority
relevance,15,mixtral:8x22b,moderate,3.0,authority
relevance,15,mixtral:8x22b,moderate,4.0,authority
relevance,15,mixtral:8x22b,moderate,4.0,authority
relevance,15,mixtral:8x22b,moderate,3.0,authority
relevance,15,mixtral:8x22b,moderate,3.0,authority
relevance,15,mixtral:8x22b,moderate,4.0,authority
relevance,15,mixtral:8x22b,moderate,3.0,authority
relevance,15,mixtral:8x22b,moderate,3.0,authority
relevance,15,mixtral:8x22b,moderate,4.0,authority
relevance,15,mixtral:8x22b,moderate,4.0,authority
relevance,15,mixtral:8x22b,moderate,3.0,authority
relevance,15,mixtral:8x22b,moderate,4.0,authority
relevance,15,mixtral:8x22b,moderate,3.0,authority
relevance,15,mixtral:8x22b,moderate,3.0,authority
relevance,15,mixtral:8x22b,moderate,3.0,authority
relevance,15,mixtral:8x22b,moderate,3.0,authority
relevance,15,mixtral:8x22b,moderate,3.0,authority
relevance,15,mixtral:8x22b,moderate,3.0,authority
relevance,15,mixtral:8x22b,moderate,4.0,authority
relevance,15,mixtral:8x22b,moderate,4.0,authority
relevance,15,mixtral:8x22b,moderate,3.0,authority
relevance,15,mixtral:8x22b,moderate,4.0,authority
relevance,15,mixtral:8x22b,moderate,3.0,authority
relevance,15,mixtral:8x22b,moderate,3.0,authority
relevance,15,mixtral:8x22b,moderate,4.0,authority
relevance,15,mixtral:8x22b,moderate,3.0,authority
relevance,15,mixtral:8x22b,moderate,3.0,authority
relevance,15,mixtral:8x22b,moderate,3.0,authority
relevance,15,mixtral:8x22b,liberal,4.0,authority
relevance,15,mixtral:8x22b,liberal,4.0,authority
relevance,15,mixtral:8x22b,liberal,4.0,authority
relevance,15,mixtral:8x22b,liberal,4.0,authority
relevance,15,mixtral:8x22b,liberal,4.0,authority
relevance,15,mixtral:8x22b,liberal,4.0,authority
relevance,15,mixtral:8x22b,liberal,4.0,authority
relevance,15,mixtral:8x22b,liberal,4.0,authority
relevance,15,mixtral:8x22b,liberal,4.0,authority
relevance,15,mixtral:8x22b,liberal,4.0,authority
relevance,15,mixtral:8x22b,liberal,4.0,authority
relevance,15,mixtral:8x22b,liberal,4.0,authority
relevance,15,mixtral:8x22b,liberal,4.0,authority
relevance,15,mixtral:8x22b,liberal,4.0,authority
relevance,15,mixtral:8x22b,liberal,4.0,authority
relevance,15,mixtral:8x22b,liberal,4.0,authority
relevance,15,mixtral:8x22b,liberal,4.0,authority
relevance,15,mixtral:8x22b,liberal,4.0,authority
relevance,15,mixtral:8x22b,liberal,4.0,authority
relevance,15,mixtral:8x22b,liberal,4.0,authority
relevance,15,mixtral:8x22b,liberal,4.0,authority
relevance,15,mixtral:8x22b,liberal,4.0,authority
relevance,15,mixtral:8x22b,liberal,4.0,authority
relevance,15,mixtral:8x22b,liberal,4.0,authority
relevance,15,mixtral:8x22b,liberal,4.0,authority
relevance,15,mixtral:8x22b,liberal,4.0,authority
relevance,15,mixtral:8x22b,liberal,4.0,authority
relevance,15,mixtral:8x22b,liberal,4.0,authority
relevance,15,mixtral:8x22b,liberal,4.0,authority
relevance,15,mixtral:8x22b,liberal,3.0,authority
relevance,15,mixtral:8x22b,liberal,4.0,authority
relevance,15,mixtral:8x22b,liberal,4.0,authority
relevance,15,mixtral:8x22b,liberal,4.0,authority
relevance,15,mixtral:8x22b,liberal,4.0,authority
relevance,15,mixtral:8x22b,liberal,4.0,authority
relevance,15,mixtral:8x22b,liberal,4.0,authority
relevance,15,mixtral:8x22b,liberal,4.0,authority
relevance,15,mixtral:8x22b,liberal,4.0,authority
relevance,15,mixtral:8x22b,liberal,4.0,authority
relevance,15,mixtral:8x22b,liberal,4.0,authority
relevance,15,mixtral:8x22b,liberal,4.0,authority
relevance,15,mixtral:8x22b,liberal,4.0,authority
relevance,15,mixtral:8x22b,liberal,4.0,authority
relevance,15,mixtral:8x22b,liberal,4.0,authority
relevance,15,mixtral:8x22b,liberal,4.0,authority
relevance,15,mixtral:8x22b,liberal,4.0,authority
relevance,15,mixtral:8x22b,liberal,4.0,authority
relevance,15,mixtral:8x22b,liberal,3.0,authority
relevance,15,mixtral:8x22b,liberal,4.0,authority
relevance,15,mixtral:8x22b,liberal,4.0,authority
relevance,15,mixtral:8x7b,conservative,4.0,authority
relevance,15,mixtral:8x7b,conservative,4.0,authority
relevance,15,mixtral:8x7b,conservative,4.0,authority
relevance,15,mixtral:8x7b,conservative,4.0,authority
relevance,15,mixtral:8x7b,conservative,4.0,authority
relevance,15,mixtral:8x7b,conservative,4.0,authority
relevance,15,mixtral:8x7b,conservative,4.0,authority
relevance,15,mixtral:8x7b,conservative,4.0,authority
relevance,15,mixtral:8x7b,conservative,4.0,authority
relevance,15,mixtral:8x7b,conservative,4.0,authority
relevance,15,mixtral:8x7b,conservative,4.0,authority
relevance,15,mixtral:8x7b,conservative,4.0,authority
relevance,15,mixtral:8x7b,conservative,4.0,authority
relevance,15,mixtral:8x7b,conservative,4.0,authority
relevance,15,mixtral:8x7b,conservative,4.0,authority
relevance,15,mixtral:8x7b,conservative,4.0,authority
relevance,15,mixtral:8x7b,conservative,4.0,authority
relevance,15,mixtral:8x7b,conservative,4.0,authority
relevance,15,mixtral:8x7b,conservative,4.0,authority
relevance,15,mixtral:8x7b,conservative,4.0,authority
relevance,15,mixtral:8x7b,conservative,4.0,authority
relevance,15,mixtral:8x7b,conservative,4.0,authority
relevance,15,mixtral:8x7b,conservative,4.0,authority
relevance,15,mixtral:8x7b,conservative,4.0,authority
relevance,15,mixtral:8x7b,conservative,4.0,authority
relevance,15,mixtral:8x7b,conservative,4.0,authority
relevance,15,mixtral:8x7b,conservative,4.0,authority
relevance,15,mixtral:8x7b,conservative,4.0,authority
relevance,15,mixtral:8x7b,conservative,4.0,authority
relevance,15,mixtral:8x7b,conservative,4.0,authority
relevance,15,mixtral:8x7b,conservative,4.0,authority
relevance,15,mixtral:8x7b,conservative,4.0,authority
relevance,15,mixtral:8x7b,conservative,4.0,authority
relevance,15,mixtral:8x7b,conservative,4.0,authority
relevance,15,mixtral:8x7b,conservative,4.0,authority
relevance,15,mixtral:8x7b,conservative,4.0,authority
relevance,15,mixtral:8x7b,conservative,4.0,authority
relevance,15,mixtral:8x7b,conservative,4.0,authority
relevance,15,mixtral:8x7b,conservative,4.0,authority
relevance,15,mixtral:8x7b,conservative,4.0,authority
relevance,15,mixtral:8x7b,conservative,4.0,authority
relevance,15,mixtral:8x7b,conservative,4.0,authority
relevance,15,mixtral:8x7b,conservative,4.0,authority
relevance,15,mixtral:8x7b,conservative,4.0,authority
relevance,15,mixtral:8x7b,conservative,4.0,authority
relevance,15,mixtral:8x7b,conservative,4.0,authority
relevance,15,mixtral:8x7b,conservative,4.0,authority
relevance,15,mixtral:8x7b,conservative,4.0,authority
relevance,15,mixtral:8x7b,conservative,4.0,authority
relevance,15,mixtral:8x7b,conservative,4.0,authority
relevance,15,mixtral:8x7b,moderate,4.0,authority
relevance,15,mixtral:8x7b,moderate,4.0,authority
relevance,15,mixtral:8x7b,moderate,4.0,authority
relevance,15,mixtral:8x7b,moderate,4.0,authority
relevance,15,mixtral:8x7b,moderate,4.0,authority
relevance,15,mixtral:8x7b,moderate,4.0,authority
relevance,15,mixtral:8x7b,moderate,4.0,authority
relevance,15,mixtral:8x7b,moderate,4.0,authority
relevance,15,mixtral:8x7b,moderate,4.0,authority
relevance,15,mixtral:8x7b,moderate,4.0,authority
relevance,15,mixtral:8x7b,moderate,4.0,authority
relevance,15,mixtral:8x7b,moderate,4.0,authority
relevance,15,mixtral:8x7b,moderate,4.0,authority
relevance,15,mixtral:8x7b,moderate,4.0,authority
relevance,15,mixtral:8x7b,moderate,4.0,authority
relevance,15,mixtral:8x7b,moderate,4.0,authority
relevance,15,mixtral:8x7b,moderate,4.0,authority
relevance,15,mixtral:8x7b,moderate,4.0,authority
relevance,15,mixtral:8x7b,moderate,4.0,authority
relevance,15,mixtral:8x7b,moderate,4.0,authority
relevance,15,mixtral:8x7b,moderate,4.0,authority
relevance,15,mixtral:8x7b,moderate,4.0,authority
relevance,15,mixtral:8x7b,moderate,4.0,authority
relevance,15,mixtral:8x7b,moderate,4.0,authority
relevance,15,mixtral:8x7b,moderate,4.0,authority
relevance,15,mixtral:8x7b,moderate,4.0,authority
relevance,15,mixtral:8x7b,moderate,4.0,authority
relevance,15,mixtral:8x7b,moderate,4.0,authority
relevance,15,mixtral:8x7b,moderate,4.0,authority
relevance,15,mixtral:8x7b,moderate,4.0,authority
relevance,15,mixtral:8x7b,moderate,4.0,authority
relevance,15,mixtral:8x7b,moderate,4.0,authority
relevance,15,mixtral:8x7b,moderate,4.0,authority
relevance,15,mixtral:8x7b,moderate,4.0,authority
relevance,15,mixtral:8x7b,moderate,4.0,authority
relevance,15,mixtral:8x7b,moderate,4.0,authority
relevance,15,mixtral:8x7b,moderate,4.0,authority
relevance,15,mixtral:8x7b,moderate,4.0,authority
relevance,15,mixtral:8x7b,moderate,4.0,authority
relevance,15,mixtral:8x7b,moderate,4.0,authority
relevance,15,mixtral:8x7b,moderate,4.0,authority
relevance,15,mixtral:8x7b,moderate,4.0,authority
relevance,15,mixtral:8x7b,moderate,4.0,authority
relevance,15,mixtral:8x7b,moderate,4.0,authority
relevance,15,mixtral:8x7b,moderate,4.0,authority
relevance,15,mixtral:8x7b,moderate,4.0,authority
relevance,15,mixtral:8x7b,moderate,4.0,authority
relevance,15,mixtral:8x7b,moderate,4.0,authority
relevance,15,mixtral:8x7b,moderate,4.0,authority
relevance,15,mixtral:8x7b,moderate,4.0,authority
relevance,15,mixtral:8x7b,liberal,3.0,authority
relevance,15,mixtral:8x7b,liberal,3.0,authority
relevance,15,mixtral:8x7b,liberal,3.0,authority
relevance,15,mixtral:8x7b,liberal,3.0,authority
relevance,15,mixtral:8x7b,liberal,4.0,authority
relevance,15,mixtral:8x7b,liberal,4.0,authority
relevance,15,mixtral:8x7b,liberal,4.0,authority
relevance,15,mixtral:8x7b,liberal,4.0,authority
relevance,15,mixtral:8x7b,liberal,3.0,authority
relevance,15,mixtral:8x7b,liberal,3.0,authority
relevance,15,mixtral:8x7b,liberal,3.0,authority
relevance,15,mixtral:8x7b,liberal,4.0,authority
relevance,15,mixtral:8x7b,liberal,4.0,authority
relevance,15,mixtral:8x7b,liberal,3.0,authority
relevance,15,mixtral:8x7b,liberal,4.0,authority
relevance,15,mixtral:8x7b,liberal,4.0,authority
relevance,15,mixtral:8x7b,liberal,4.0,authority
relevance,15,mixtral:8x7b,liberal,4.0,authority
relevance,15,mixtral:8x7b,liberal,3.0,authority
relevance,15,mixtral:8x7b,liberal,3.0,authority
relevance,15,mixtral:8x7b,liberal,4.0,authority
relevance,15,mixtral:8x7b,liberal,4.0,authority
relevance,15,mixtral:8x7b,liberal,4.0,authority
relevance,15,mixtral:8x7b,liberal,3.0,authority
relevance,15,mixtral:8x7b,liberal,4.0,authority
relevance,15,mixtral:8x7b,liberal,4.0,authority
relevance,15,mixtral:8x7b,liberal,3.0,authority
relevance,15,mixtral:8x7b,liberal,3.0,authority
relevance,15,mixtral:8x7b,liberal,4.0,authority
relevance,15,mixtral:8x7b,liberal,3.0,authority
relevance,15,mixtral:8x7b,liberal,4.0,authority
relevance,15,mixtral:8x7b,liberal,3.0,authority
relevance,15,mixtral:8x7b,liberal,4.0,authority
relevance,15,mixtral:8x7b,liberal,4.0,authority
relevance,15,mixtral:8x7b,liberal,4.0,authority
relevance,15,mixtral:8x7b,liberal,4.0,authority
relevance,15,mixtral:8x7b,liberal,3.0,authority
relevance,15,mixtral:8x7b,liberal,3.0,authority
relevance,15,mixtral:8x7b,liberal,3.0,authority
relevance,15,mixtral:8x7b,liberal,4.0,authority
relevance,15,mixtral:8x7b,liberal,3.0,authority
relevance,15,mixtral:8x7b,liberal,3.0,authority
relevance,15,mixtral:8x7b,liberal,4.0,authority
relevance,15,mixtral:8x7b,liberal,4.0,authority
relevance,15,mixtral:8x7b,liberal,4.0,authority
relevance,15,mixtral:8x7b,liberal,3.0,authority
relevance,15,mixtral:8x7b,liberal,3.0,authority
relevance,15,mixtral:8x7b,liberal,3.0,authority
relevance,15,mixtral:8x7b,liberal,4.0,authority
relevance,15,mixtral:8x7b,liberal,4.0,authority
relevance,15,phi3:14b,conservative,4.0,authority
relevance,15,phi3:14b,conservative,4.0,authority
relevance,15,phi3:14b,conservative,5.0,authority
relevance,15,phi3:14b,conservative,4.0,authority
relevance,15,phi3:14b,conservative,4.0,authority
relevance,15,phi3:14b,conservative,4.0,authority
relevance,15,phi3:14b,conservative,4.0,authority
relevance,15,phi3:14b,conservative,4.0,authority
relevance,15,phi3:14b,conservative,4.0,authority
relevance,15,phi3:14b,conservative,4.0,authority
relevance,15,phi3:14b,conservative,5.0,authority
relevance,15,phi3:14b,conservative,4.0,authority
relevance,15,phi3:14b,conservative,4.0,authority
relevance,15,phi3:14b,conservative,5.0,authority
relevance,15,phi3:14b,conservative,5.0,authority
relevance,15,phi3:14b,conservative,5.0,authority
relevance,15,phi3:14b,conservative,4.0,authority
relevance,15,phi3:14b,conservative,4.0,authority
relevance,15,phi3:14b,conservative,4.0,authority
relevance,15,phi3:14b,conservative,4.0,authority
relevance,15,phi3:14b,conservative,5.0,authority
relevance,15,phi3:14b,conservative,5.0,authority
relevance,15,phi3:14b,conservative,5.0,authority
relevance,15,phi3:14b,conservative,4.0,authority
relevance,15,phi3:14b,conservative,4.0,authority
relevance,15,phi3:14b,conservative,5.0,authority
relevance,15,phi3:14b,conservative,4.0,authority
relevance,15,phi3:14b,conservative,4.0,authority
relevance,15,phi3:14b,conservative,4.0,authority
relevance,15,phi3:14b,conservative,4.0,authority
relevance,15,phi3:14b,conservative,5.0,authority
relevance,15,phi3:14b,conservative,5.0,authority
relevance,15,phi3:14b,conservative,4.0,authority
relevance,15,phi3:14b,conservative,4.0,authority
relevance,15,phi3:14b,conservative,5.0,authority
relevance,15,phi3:14b,conservative,4.0,authority
relevance,15,phi3:14b,conservative,5.0,authority
relevance,15,phi3:14b,conservative,4.0,authority
relevance,15,phi3:14b,conservative,4.0,authority
relevance,15,phi3:14b,conservative,4.0,authority
relevance,15,phi3:14b,conservative,4.0,authority
relevance,15,phi3:14b,conservative,4.0,authority
relevance,15,phi3:14b,conservative,4.0,authority
relevance,15,phi3:14b,conservative,4.0,authority
relevance,15,phi3:14b,conservative,4.0,authority
relevance,15,phi3:14b,conservative,5.0,authority
relevance,15,phi3:14b,conservative,4.0,authority
relevance,15,phi3:14b,conservative,4.0,authority
relevance,15,phi3:14b,conservative,4.0,authority
relevance,15,phi3:14b,conservative,4.0,authority
relevance,15,phi3:14b,moderate,4.0,authority
relevance,15,phi3:14b,moderate,4.0,authority
relevance,15,phi3:14b,moderate,4.0,authority
relevance,15,phi3:14b,moderate,4.0,authority
relevance,15,phi3:14b,moderate,4.0,authority
relevance,15,phi3:14b,moderate,4.0,authority
relevance,15,phi3:14b,moderate,4.0,authority
relevance,15,phi3:14b,moderate,4.0,authority
relevance,15,phi3:14b,moderate,4.0,authority
relevance,15,phi3:14b,moderate,4.0,authority
relevance,15,phi3:14b,moderate,4.0,authority
relevance,15,phi3:14b,moderate,4.0,authority
relevance,15,phi3:14b,moderate,4.0,authority
relevance,15,phi3:14b,moderate,4.0,authority
relevance,15,phi3:14b,moderate,4.0,authority
relevance,15,phi3:14b,moderate,4.0,authority
relevance,15,phi3:14b,moderate,4.0,authority
relevance,15,phi3:14b,moderate,5.0,authority
relevance,15,phi3:14b,moderate,4.0,authority
relevance,15,phi3:14b,moderate,4.0,authority
relevance,15,phi3:14b,moderate,4.0,authority
relevance,15,phi3:14b,moderate,4.0,authority
relevance,15,phi3:14b,moderate,4.0,authority
relevance,15,phi3:14b,moderate,4.0,authority
relevance,15,phi3:14b,moderate,4.0,authority
relevance,15,phi3:14b,moderate,5.0,authority
relevance,15,phi3:14b,moderate,4.0,authority
relevance,15,phi3:14b,moderate,4.0,authority
relevance,15,phi3:14b,moderate,5.0,authority
relevance,15,phi3:14b,moderate,4.0,authority
relevance,15,phi3:14b,moderate,4.0,authority
relevance,15,phi3:14b,moderate,4.0,authority
relevance,15,phi3:14b,moderate,4.0,authority
relevance,15,phi3:14b,moderate,4.0,authority
relevance,15,phi3:14b,moderate,4.0,authority
relevance,15,phi3:14b,moderate,4.0,authority
relevance,15,phi3:14b,moderate,5.0,authority
relevance,15,phi3:14b,moderate,4.0,authority
relevance,15,phi3:14b,moderate,4.0,authority
relevance,15,phi3:14b,moderate,4.0,authority
relevance,15,phi3:14b,moderate,4.0,authority
relevance,15,phi3:14b,moderate,4.0,authority
relevance,15,phi3:14b,moderate,5.0,authority
relevance,15,phi3:14b,moderate,5.0,authority
relevance,15,phi3:14b,moderate,4.0,authority
relevance,15,phi3:14b,moderate,4.0,authority
relevance,15,phi3:14b,moderate,4.0,authority
relevance,15,phi3:14b,moderate,4.0,authority
relevance,15,phi3:14b,moderate,4.0,authority
relevance,15,phi3:14b,moderate,4.0,authority
relevance,15,phi3:14b,liberal,4.0,authority
relevance,15,phi3:14b,liberal,4.0,authority
relevance,15,phi3:14b,liberal,4.0,authority
relevance,15,phi3:14b,liberal,5.0,authority
relevance,15,phi3:14b,liberal,4.0,authority
relevance,15,phi3:14b,liberal,4.0,authority
relevance,15,phi3:14b,liberal,5.0,authority
relevance,15,phi3:14b,liberal,5.0,authority
relevance,15,phi3:14b,liberal,4.0,authority
relevance,15,phi3:14b,liberal,5.0,authority
relevance,15,phi3:14b,liberal,4.0,authority
relevance,15,phi3:14b,liberal,4.0,authority
relevance,15,phi3:14b,liberal,4.0,authority
relevance,15,phi3:14b,liberal,4.0,authority
relevance,15,phi3:14b,liberal,5.0,authority
relevance,15,phi3:14b,liberal,4.0,authority
relevance,15,phi3:14b,liberal,4.0,authority
relevance,15,phi3:14b,liberal,4.0,authority
relevance,15,phi3:14b,liberal,5.0,authority
relevance,15,phi3:14b,liberal,4.0,authority
relevance,15,phi3:14b,liberal,4.0,authority
relevance,15,phi3:14b,liberal,5.0,authority
relevance,15,phi3:14b,liberal,5.0,authority
relevance,15,phi3:14b,liberal,5.0,authority
relevance,15,phi3:14b,liberal,4.0,authority
relevance,15,phi3:14b,liberal,4.0,authority
relevance,15,phi3:14b,liberal,4.0,authority
relevance,15,phi3:14b,liberal,4.0,authority
relevance,15,phi3:14b,liberal,4.0,authority
relevance,15,phi3:14b,liberal,5.0,authority
relevance,15,phi3:14b,liberal,4.0,authority
relevance,15,phi3:14b,liberal,4.0,authority
relevance,15,phi3:14b,liberal,4.0,authority
relevance,15,phi3:14b,liberal,4.0,authority
relevance,15,phi3:14b,liberal,4.0,authority
relevance,15,phi3:14b,liberal,4.0,authority
relevance,15,phi3:14b,liberal,4.0,authority
relevance,15,phi3:14b,liberal,4.0,authority
relevance,15,phi3:14b,liberal,5.0,authority
relevance,15,phi3:14b,liberal,4.0,authority
relevance,15,phi3:14b,liberal,4.0,authority
relevance,15,phi3:14b,liberal,5.0,authority
relevance,15,phi3:14b,liberal,5.0,authority
relevance,15,phi3:14b,liberal,5.0,authority
relevance,15,phi3:14b,liberal,5.0,authority
relevance,15,phi3:14b,liberal,4.0,authority
relevance,15,phi3:14b,liberal,4.0,authority
relevance,15,phi3:14b,liberal,4.0,authority
relevance,15,phi3:14b,liberal,4.0,authority
relevance,15,phi3:14b,liberal,4.0,authority
relevance,15,gemma:7b,conservative,3.0,authority
relevance,15,gemma:7b,conservative,2.0,authority
relevance,15,gemma:7b,conservative,3.0,authority
relevance,15,gemma:7b,conservative,3.0,authority
relevance,15,gemma:7b,conservative,3.0,authority
relevance,15,gemma:7b,conservative,3.0,authority
relevance,15,gemma:7b,conservative,2.0,authority
relevance,15,gemma:7b,conservative,3.0,authority
relevance,15,gemma:7b,conservative,3.0,authority
relevance,15,gemma:7b,conservative,3.0,authority
relevance,15,gemma:7b,conservative,3.0,authority
relevance,15,gemma:7b,conservative,3.0,authority
relevance,15,gemma:7b,conservative,3.0,authority
relevance,15,gemma:7b,conservative,3.0,authority
relevance,15,gemma:7b,conservative,3.0,authority
relevance,15,gemma:7b,conservative,3.0,authority
relevance,15,gemma:7b,conservative,3.0,authority
relevance,15,gemma:7b,conservative,3.0,authority
relevance,15,gemma:7b,conservative,3.0,authority
relevance,15,gemma:7b,conservative,3.0,authority
relevance,15,gemma:7b,conservative,3.0,authority
relevance,15,gemma:7b,conservative,3.0,authority
relevance,15,gemma:7b,conservative,3.0,authority
relevance,15,gemma:7b,conservative,3.0,authority
relevance,15,gemma:7b,conservative,3.0,authority
relevance,15,gemma:7b,conservative,3.0,authority
relevance,15,gemma:7b,conservative,3.0,authority
relevance,15,gemma:7b,conservative,3.0,authority
relevance,15,gemma:7b,conservative,3.0,authority
relevance,15,gemma:7b,conservative,3.0,authority
relevance,15,gemma:7b,conservative,3.0,authority
relevance,15,gemma:7b,conservative,3.0,authority
relevance,15,gemma:7b,conservative,3.0,authority
relevance,15,gemma:7b,conservative,3.0,authority
relevance,15,gemma:7b,conservative,3.0,authority
relevance,15,gemma:7b,conservative,3.0,authority
relevance,15,gemma:7b,conservative,3.0,authority
relevance,15,gemma:7b,conservative,3.0,authority
relevance,15,gemma:7b,conservative,3.0,authority
relevance,15,gemma:7b,conservative,3.0,authority
relevance,15,gemma:7b,conservative,3.0,authority
relevance,15,gemma:7b,conservative,3.0,authority
relevance,15,gemma:7b,conservative,3.0,authority
relevance,15,gemma:7b,conservative,3.0,authority
relevance,15,gemma:7b,moderate,3.0,authority
relevance,15,gemma:7b,moderate,3.0,authority
relevance,15,gemma:7b,moderate,3.0,authority
relevance,15,gemma:7b,moderate,3.0,authority
relevance,15,gemma:7b,moderate,3.0,authority
relevance,15,gemma:7b,moderate,3.0,authority
relevance,15,gemma:7b,moderate,3.0,authority
relevance,15,gemma:7b,moderate,3.0,authority
relevance,15,gemma:7b,moderate,3.0,authority
relevance,15,gemma:7b,moderate,3.0,authority
relevance,15,gemma:7b,moderate,3.0,authority
relevance,15,gemma:7b,moderate,3.0,authority
relevance,15,gemma:7b,moderate,3.0,authority
relevance,15,gemma:7b,moderate,3.0,authority
relevance,15,gemma:7b,moderate,3.0,authority
relevance,15,gemma:7b,moderate,3.0,authority
relevance,15,gemma:7b,moderate,3.0,authority
relevance,15,gemma:7b,moderate,3.0,authority
relevance,15,gemma:7b,moderate,3.0,authority
relevance,15,gemma:7b,moderate,3.0,authority
relevance,15,gemma:7b,moderate,3.0,authority
relevance,15,gemma:7b,moderate,3.0,authority
relevance,15,gemma:7b,moderate,3.0,authority
relevance,15,gemma:7b,moderate,3.0,authority
relevance,15,gemma:7b,moderate,3.0,authority
relevance,15,gemma:7b,moderate,3.0,authority
relevance,15,gemma:7b,moderate,3.0,authority
relevance,15,gemma:7b,moderate,3.0,authority
relevance,15,gemma:7b,moderate,3.0,authority
relevance,15,gemma:7b,moderate,3.0,authority
relevance,15,gemma:7b,moderate,3.0,authority
relevance,15,gemma:7b,moderate,3.0,authority
relevance,15,gemma:7b,moderate,3.0,authority
relevance,15,gemma:7b,moderate,3.0,authority
relevance,15,gemma:7b,moderate,3.0,authority
relevance,15,gemma:7b,moderate,3.0,authority
relevance,15,gemma:7b,moderate,3.0,authority
relevance,15,gemma:7b,moderate,3.0,authority
relevance,15,gemma:7b,moderate,3.0,authority
relevance,15,gemma:7b,moderate,3.0,authority
relevance,15,gemma:7b,moderate,3.0,authority
relevance,15,gemma:7b,moderate,3.0,authority
relevance,15,gemma:7b,moderate,3.0,authority
relevance,15,gemma:7b,moderate,3.0,authority
relevance,15,gemma:7b,moderate,3.0,authority
relevance,15,gemma:7b,liberal,3.0,authority
relevance,15,gemma:7b,liberal,3.0,authority
relevance,15,gemma:7b,liberal,3.0,authority
relevance,15,gemma:7b,liberal,3.0,authority
relevance,15,gemma:7b,liberal,3.0,authority
relevance,15,gemma:7b,liberal,3.0,authority
relevance,15,gemma:7b,liberal,3.0,authority
relevance,15,gemma:7b,liberal,3.0,authority
relevance,15,gemma:7b,liberal,3.0,authority
relevance,15,gemma:7b,liberal,3.0,authority
relevance,15,gemma:7b,liberal,3.0,authority
relevance,15,gemma:7b,liberal,3.0,authority
relevance,15,gemma:7b,liberal,3.0,authority
relevance,15,gemma:7b,liberal,3.0,authority
relevance,15,gemma:7b,liberal,3.0,authority
relevance,15,gemma:7b,liberal,3.0,authority
relevance,15,gemma:7b,liberal,3.0,authority
relevance,15,gemma:7b,liberal,3.0,authority
relevance,15,gemma:7b,liberal,3.0,authority
relevance,15,gemma:7b,liberal,3.0,authority
relevance,15,gemma:7b,liberal,3.0,authority
relevance,15,gemma:7b,liberal,3.0,authority
relevance,15,gemma:7b,liberal,3.0,authority
relevance,15,gemma:7b,liberal,3.0,authority
relevance,15,gemma:7b,liberal,4.0,authority
relevance,15,gemma:7b,liberal,3.0,authority
relevance,15,gemma:7b,liberal,3.0,authority
relevance,15,gemma:7b,liberal,3.0,authority
relevance,15,gemma:7b,liberal,3.0,authority
relevance,15,gemma:7b,liberal,3.0,authority
relevance,15,gemma:7b,liberal,3.0,authority
relevance,15,gemma:7b,liberal,3.0,authority
relevance,15,gemma:7b,liberal,3.0,authority
relevance,15,gemma:7b,liberal,3.0,authority
relevance,15,gemma:7b,liberal,3.0,authority
relevance,15,gemma:7b,liberal,3.0,authority
relevance,15,gemma:7b,liberal,3.0,authority
relevance,15,gemma:7b,liberal,3.0,authority
relevance,15,gemma:7b,liberal,3.0,authority
relevance,15,gemma:7b,liberal,3.0,authority
relevance,15,gemma:7b,liberal,3.0,authority
relevance,15,gemma:7b,liberal,3.0,authority
relevance,15,gemma:7b,liberal,3.0,authority
relevance,15,gemma2:27b,conservative,4.0,authority
relevance,15,gemma2:27b,conservative,4.0,authority
relevance,15,gemma2:27b,conservative,4.0,authority
relevance,15,gemma2:27b,conservative,4.0,authority
relevance,15,gemma2:27b,conservative,4.0,authority
relevance,15,gemma2:27b,conservative,4.0,authority
relevance,15,gemma2:27b,conservative,4.0,authority
relevance,15,gemma2:27b,conservative,4.0,authority
relevance,15,gemma2:27b,conservative,4.0,authority
relevance,15,gemma2:27b,conservative,4.0,authority
relevance,15,gemma2:27b,conservative,4.0,authority
relevance,15,gemma2:27b,conservative,4.0,authority
relevance,15,gemma2:27b,conservative,4.0,authority
relevance,15,gemma2:27b,conservative,4.0,authority
relevance,15,gemma2:27b,conservative,4.0,authority
relevance,15,gemma2:27b,conservative,4.0,authority
relevance,15,gemma2:27b,conservative,4.0,authority
relevance,15,gemma2:27b,conservative,4.0,authority
relevance,15,gemma2:27b,conservative,4.0,authority
relevance,15,gemma2:27b,conservative,4.0,authority
relevance,15,gemma2:27b,conservative,4.0,authority
relevance,15,gemma2:27b,conservative,4.0,authority
relevance,15,gemma2:27b,conservative,4.0,authority
relevance,15,gemma2:27b,conservative,4.0,authority
relevance,15,gemma2:27b,conservative,4.0,authority
relevance,15,gemma2:27b,conservative,4.0,authority
relevance,15,gemma2:27b,conservative,4.0,authority
relevance,15,gemma2:27b,conservative,4.0,authority
relevance,15,gemma2:27b,conservative,4.0,authority
relevance,15,gemma2:27b,conservative,4.0,authority
relevance,15,gemma2:27b,conservative,4.0,authority
relevance,15,gemma2:27b,conservative,4.0,authority
relevance,15,gemma2:27b,conservative,4.0,authority
relevance,15,gemma2:27b,conservative,4.0,authority
relevance,15,gemma2:27b,conservative,4.0,authority
relevance,15,gemma2:27b,conservative,4.0,authority
relevance,15,gemma2:27b,conservative,4.0,authority
relevance,15,gemma2:27b,conservative,4.0,authority
relevance,15,gemma2:27b,conservative,4.0,authority
relevance,15,gemma2:27b,conservative,4.0,authority
relevance,15,gemma2:27b,conservative,4.0,authority
relevance,15,gemma2:27b,conservative,4.0,authority
relevance,15,gemma2:27b,conservative,4.0,authority
relevance,15,gemma2:27b,conservative,4.0,authority
relevance,15,gemma2:27b,conservative,4.0,authority
relevance,15,gemma2:27b,conservative,4.0,authority
relevance,15,gemma2:27b,conservative,4.0,authority
relevance,15,gemma2:27b,conservative,4.0,authority
relevance,15,gemma2:27b,conservative,4.0,authority
relevance,15,gemma2:27b,conservative,4.0,authority
relevance,15,gemma2:27b,moderate,4.0,authority
relevance,15,gemma2:27b,moderate,3.0,authority
relevance,15,gemma2:27b,moderate,4.0,authority
relevance,15,gemma2:27b,moderate,4.0,authority
relevance,15,gemma2:27b,moderate,4.0,authority
relevance,15,gemma2:27b,moderate,4.0,authority
relevance,15,gemma2:27b,moderate,4.0,authority
relevance,15,gemma2:27b,moderate,3.0,authority
relevance,15,gemma2:27b,moderate,3.0,authority
relevance,15,gemma2:27b,moderate,3.0,authority
relevance,15,gemma2:27b,moderate,4.0,authority
relevance,15,gemma2:27b,moderate,4.0,authority
relevance,15,gemma2:27b,moderate,3.0,authority
relevance,15,gemma2:27b,moderate,4.0,authority
relevance,15,gemma2:27b,moderate,4.0,authority
relevance,15,gemma2:27b,moderate,3.0,authority
relevance,15,gemma2:27b,moderate,4.0,authority
relevance,15,gemma2:27b,moderate,4.0,authority
relevance,15,gemma2:27b,moderate,3.0,authority
relevance,15,gemma2:27b,moderate,4.0,authority
relevance,15,gemma2:27b,moderate,4.0,authority
relevance,15,gemma2:27b,moderate,4.0,authority
relevance,15,gemma2:27b,moderate,3.0,authority
relevance,15,gemma2:27b,moderate,4.0,authority
relevance,15,gemma2:27b,moderate,4.0,authority
relevance,15,gemma2:27b,moderate,4.0,authority
relevance,15,gemma2:27b,moderate,4.0,authority
relevance,15,gemma2:27b,moderate,3.0,authority
relevance,15,gemma2:27b,moderate,4.0,authority
relevance,15,gemma2:27b,moderate,4.0,authority
relevance,15,gemma2:27b,moderate,4.0,authority
relevance,15,gemma2:27b,moderate,4.0,authority
relevance,15,gemma2:27b,moderate,4.0,authority
relevance,15,gemma2:27b,moderate,4.0,authority
relevance,15,gemma2:27b,moderate,4.0,authority
relevance,15,gemma2:27b,moderate,4.0,authority
relevance,15,gemma2:27b,moderate,4.0,authority
relevance,15,gemma2:27b,moderate,3.0,authority
relevance,15,gemma2:27b,moderate,4.0,authority
relevance,15,gemma2:27b,moderate,4.0,authority
relevance,15,gemma2:27b,moderate,4.0,authority
relevance,15,gemma2:27b,moderate,4.0,authority
relevance,15,gemma2:27b,moderate,3.0,authority
relevance,15,gemma2:27b,moderate,4.0,authority
relevance,15,gemma2:27b,moderate,4.0,authority
relevance,15,gemma2:27b,moderate,4.0,authority
relevance,15,gemma2:27b,moderate,4.0,authority
relevance,15,gemma2:27b,moderate,4.0,authority
relevance,15,gemma2:27b,moderate,4.0,authority
relevance,15,gemma2:27b,moderate,3.0,authority
relevance,15,gemma2:27b,liberal,3.0,authority
relevance,15,gemma2:27b,liberal,3.0,authority
relevance,15,gemma2:27b,liberal,3.0,authority
relevance,15,gemma2:27b,liberal,3.0,authority
relevance,15,gemma2:27b,liberal,3.0,authority
relevance,15,gemma2:27b,liberal,4.0,authority
relevance,15,gemma2:27b,liberal,3.0,authority
relevance,15,gemma2:27b,liberal,4.0,authority
relevance,15,gemma2:27b,liberal,3.0,authority
relevance,15,gemma2:27b,liberal,3.0,authority
relevance,15,gemma2:27b,liberal,4.0,authority
relevance,15,gemma2:27b,liberal,4.0,authority
relevance,15,gemma2:27b,liberal,4.0,authority
relevance,15,gemma2:27b,liberal,3.0,authority
relevance,15,gemma2:27b,liberal,3.0,authority
relevance,15,gemma2:27b,liberal,3.0,authority
relevance,15,gemma2:27b,liberal,3.0,authority
relevance,15,gemma2:27b,liberal,3.0,authority
relevance,15,gemma2:27b,liberal,3.0,authority
relevance,15,gemma2:27b,liberal,3.0,authority
relevance,15,gemma2:27b,liberal,3.0,authority
relevance,15,gemma2:27b,liberal,3.0,authority
relevance,15,gemma2:27b,liberal,3.0,authority
relevance,15,gemma2:27b,liberal,3.0,authority
relevance,15,gemma2:27b,liberal,3.0,authority
relevance,15,gemma2:27b,liberal,3.0,authority
relevance,15,gemma2:27b,liberal,4.0,authority
relevance,15,gemma2:27b,liberal,3.0,authority
relevance,15,gemma2:27b,liberal,4.0,authority
relevance,15,gemma2:27b,liberal,3.0,authority
relevance,15,gemma2:27b,liberal,3.0,authority
relevance,15,gemma2:27b,liberal,3.0,authority
relevance,15,gemma2:27b,liberal,3.0,authority
relevance,15,gemma2:27b,liberal,3.0,authority
relevance,15,gemma2:27b,liberal,3.0,authority
relevance,15,gemma2:27b,liberal,4.0,authority
relevance,15,gemma2:27b,liberal,3.0,authority
relevance,15,gemma2:27b,liberal,3.0,authority
relevance,15,gemma2:27b,liberal,3.0,authority
relevance,15,gemma2:27b,liberal,4.0,authority
relevance,15,gemma2:27b,liberal,3.0,authority
relevance,15,gemma2:27b,liberal,3.0,authority
relevance,15,gemma2:27b,liberal,3.0,authority
relevance,15,gemma2:27b,liberal,3.0,authority
relevance,15,gemma2:27b,liberal,4.0,authority
relevance,15,gemma2:27b,liberal,3.0,authority
relevance,15,gemma2:27b,liberal,3.0,authority
relevance,15,gemma2:27b,liberal,3.0,authority
relevance,15,gemma2:27b,liberal,4.0,authority
relevance,15,gemma2:27b,liberal,3.0,authority
relevance,15,qwen:72b,conservative,4.0,authority
relevance,15,qwen:72b,conservative,4.0,authority
relevance,15,qwen:72b,conservative,4.0,authority
relevance,15,qwen:72b,conservative,4.0,authority
relevance,15,qwen:72b,conservative,3.0,authority
relevance,15,qwen:72b,conservative,4.0,authority
relevance,15,qwen:72b,conservative,4.0,authority
relevance,15,qwen:72b,conservative,4.0,authority
relevance,15,qwen:72b,conservative,4.0,authority
relevance,15,qwen:72b,conservative,4.0,authority
relevance,15,qwen:72b,conservative,4.0,authority
relevance,15,qwen:72b,conservative,4.0,authority
relevance,15,qwen:72b,conservative,4.0,authority
relevance,15,qwen:72b,conservative,4.0,authority
relevance,15,qwen:72b,conservative,4.0,authority
relevance,15,qwen:72b,conservative,4.0,authority
relevance,15,qwen:72b,conservative,4.0,authority
relevance,15,qwen:72b,conservative,4.0,authority
relevance,15,qwen:72b,conservative,4.0,authority
relevance,15,qwen:72b,conservative,3.0,authority
relevance,15,qwen:72b,conservative,4.0,authority
relevance,15,qwen:72b,conservative,4.0,authority
relevance,15,qwen:72b,conservative,4.0,authority
relevance,15,qwen:72b,conservative,4.0,authority
relevance,15,qwen:72b,conservative,3.0,authority
relevance,15,qwen:72b,conservative,4.0,authority
relevance,15,qwen:72b,conservative,4.0,authority
relevance,15,qwen:72b,conservative,4.0,authority
relevance,15,qwen:72b,conservative,4.0,authority
relevance,15,qwen:72b,conservative,4.0,authority
relevance,15,qwen:72b,conservative,4.0,authority
relevance,15,qwen:72b,conservative,4.0,authority
relevance,15,qwen:72b,conservative,4.0,authority
relevance,15,qwen:72b,conservative,4.0,authority
relevance,15,qwen:72b,conservative,4.0,authority
relevance,15,qwen:72b,conservative,4.0,authority
relevance,15,qwen:72b,conservative,3.0,authority
relevance,15,qwen:72b,conservative,4.0,authority
relevance,15,qwen:72b,conservative,4.0,authority
relevance,15,qwen:72b,conservative,4.0,authority
relevance,15,qwen:72b,conservative,3.0,authority
relevance,15,qwen:72b,conservative,4.0,authority
relevance,15,qwen:72b,conservative,4.0,authority
relevance,15,qwen:72b,conservative,4.0,authority
relevance,15,qwen:72b,conservative,4.0,authority
relevance,15,qwen:72b,conservative,4.0,authority
relevance,15,qwen:72b,conservative,4.0,authority
relevance,15,qwen:72b,conservative,4.0,authority
relevance,15,qwen:72b,conservative,4.0,authority
relevance,15,qwen:72b,conservative,3.0,authority
relevance,15,qwen:72b,moderate,3.0,authority
relevance,15,qwen:72b,moderate,3.0,authority
relevance,15,qwen:72b,moderate,3.0,authority
relevance,15,qwen:72b,moderate,5.0,authority
relevance,15,qwen:72b,moderate,5.0,authority
relevance,15,qwen:72b,moderate,3.0,authority
relevance,15,qwen:72b,moderate,3.0,authority
relevance,15,qwen:72b,moderate,3.0,authority
relevance,15,qwen:72b,moderate,4.0,authority
relevance,15,qwen:72b,moderate,3.0,authority
relevance,15,qwen:72b,moderate,4.0,authority
relevance,15,qwen:72b,moderate,4.0,authority
relevance,15,qwen:72b,moderate,4.0,authority
relevance,15,qwen:72b,moderate,4.0,authority
relevance,15,qwen:72b,moderate,5.0,authority
relevance,15,qwen:72b,moderate,4.0,authority
relevance,15,qwen:72b,moderate,3.0,authority
relevance,15,qwen:72b,moderate,3.0,authority
relevance,15,qwen:72b,moderate,3.0,authority
relevance,15,qwen:72b,moderate,3.0,authority
relevance,15,qwen:72b,moderate,4.0,authority
relevance,15,qwen:72b,moderate,3.0,authority
relevance,15,qwen:72b,moderate,3.0,authority
relevance,15,qwen:72b,moderate,5.0,authority
relevance,15,qwen:72b,moderate,3.0,authority
relevance,15,qwen:72b,moderate,5.0,authority
relevance,15,qwen:72b,moderate,3.0,authority
relevance,15,qwen:72b,moderate,3.0,authority
relevance,15,qwen:72b,moderate,3.0,authority
relevance,15,qwen:72b,moderate,4.0,authority
relevance,15,qwen:72b,moderate,4.0,authority
relevance,15,qwen:72b,moderate,3.0,authority
relevance,15,qwen:72b,moderate,3.0,authority
relevance,15,qwen:72b,moderate,4.0,authority
relevance,15,qwen:72b,moderate,3.0,authority
relevance,15,qwen:72b,moderate,3.0,authority
relevance,15,qwen:72b,moderate,3.0,authority
relevance,15,qwen:72b,moderate,5.0,authority
relevance,15,qwen:72b,moderate,3.0,authority
relevance,15,qwen:72b,moderate,5.0,authority
relevance,15,qwen:72b,moderate,3.0,authority
relevance,15,qwen:72b,moderate,3.0,authority
relevance,15,qwen:72b,moderate,3.0,authority
relevance,15,qwen:72b,moderate,3.0,authority
relevance,15,qwen:72b,moderate,3.0,authority
relevance,15,qwen:72b,moderate,3.0,authority
relevance,15,qwen:72b,moderate,3.0,authority
relevance,15,qwen:72b,moderate,4.0,authority
relevance,15,qwen:72b,moderate,4.0,authority
relevance,15,qwen:72b,moderate,3.0,authority
relevance,15,qwen:72b,liberal,3.0,authority
relevance,15,qwen:72b,liberal,4.0,authority
relevance,15,qwen:72b,liberal,3.0,authority
relevance,15,qwen:72b,liberal,3.0,authority
relevance,15,qwen:72b,liberal,4.0,authority
relevance,15,qwen:72b,liberal,3.0,authority
relevance,15,qwen:72b,liberal,3.0,authority
relevance,15,qwen:72b,liberal,4.0,authority
relevance,15,qwen:72b,liberal,3.0,authority
relevance,15,qwen:72b,liberal,4.0,authority
relevance,15,qwen:72b,liberal,3.0,authority
relevance,15,qwen:72b,liberal,4.0,authority
relevance,15,qwen:72b,liberal,4.0,authority
relevance,15,qwen:72b,liberal,4.0,authority
relevance,15,qwen:72b,liberal,3.0,authority
relevance,15,qwen:72b,liberal,4.0,authority
relevance,15,qwen:72b,liberal,3.0,authority
relevance,15,qwen:72b,liberal,4.0,authority
relevance,15,qwen:72b,liberal,4.0,authority
relevance,15,qwen:72b,liberal,4.0,authority
relevance,15,qwen:72b,liberal,4.0,authority
relevance,15,qwen:72b,liberal,4.0,authority
relevance,15,qwen:72b,liberal,4.0,authority
relevance,15,qwen:72b,liberal,4.0,authority
relevance,15,qwen:72b,liberal,4.0,authority
relevance,15,qwen:72b,liberal,4.0,authority
relevance,15,qwen:72b,liberal,4.0,authority
relevance,15,qwen:72b,liberal,4.0,authority
relevance,15,qwen:72b,liberal,4.0,authority
relevance,15,qwen:72b,liberal,3.0,authority
relevance,15,qwen:72b,liberal,4.0,authority
relevance,15,qwen:72b,liberal,3.0,authority
relevance,15,qwen:72b,liberal,3.0,authority
relevance,15,qwen:72b,liberal,4.0,authority
relevance,15,qwen:72b,liberal,4.0,authority
relevance,15,qwen:72b,liberal,3.0,authority
relevance,15,qwen:72b,liberal,4.0,authority
relevance,15,qwen:72b,liberal,3.0,authority
relevance,15,qwen:72b,liberal,4.0,authority
relevance,15,qwen:72b,liberal,4.0,authority
relevance,15,qwen:72b,liberal,4.0,authority
relevance,15,qwen:72b,liberal,3.0,authority
relevance,15,qwen:72b,liberal,4.0,authority
relevance,15,qwen:72b,liberal,4.0,authority
relevance,15,qwen:72b,liberal,3.0,authority
relevance,15,qwen:72b,liberal,4.0,authority
relevance,15,qwen:72b,liberal,3.0,authority
relevance,15,qwen:72b,liberal,4.0,authority
relevance,15,qwen:72b,liberal,4.0,authority
relevance,15,qwen:72b,liberal,4.0,authority
relevance,15,qwen2:72b,conservative,5.0,authority
relevance,15,qwen2:72b,conservative,4.0,authority
relevance,15,qwen2:72b,conservative,5.0,authority
relevance,15,qwen2:72b,conservative,5.0,authority
relevance,15,qwen2:72b,conservative,4.0,authority
relevance,15,qwen2:72b,conservative,4.0,authority
relevance,15,qwen2:72b,conservative,4.0,authority
relevance,15,qwen2:72b,conservative,4.0,authority
relevance,15,qwen2:72b,conservative,5.0,authority
relevance,15,qwen2:72b,conservative,5.0,authority
relevance,15,qwen2:72b,conservative,4.0,authority
relevance,15,qwen2:72b,conservative,4.0,authority
relevance,15,qwen2:72b,conservative,5.0,authority
relevance,15,qwen2:72b,conservative,4.0,authority
relevance,15,qwen2:72b,conservative,4.0,authority
relevance,15,qwen2:72b,conservative,4.0,authority
relevance,15,qwen2:72b,conservative,4.0,authority
relevance,15,qwen2:72b,conservative,4.0,authority
relevance,15,qwen2:72b,conservative,4.0,authority
relevance,15,qwen2:72b,conservative,4.0,authority
relevance,15,qwen2:72b,conservative,4.0,authority
relevance,15,qwen2:72b,conservative,4.0,authority
relevance,15,qwen2:72b,conservative,4.0,authority
relevance,15,qwen2:72b,conservative,4.0,authority
relevance,15,qwen2:72b,conservative,5.0,authority
relevance,15,qwen2:72b,conservative,4.0,authority
relevance,15,qwen2:72b,conservative,5.0,authority
relevance,15,qwen2:72b,conservative,5.0,authority
relevance,15,qwen2:72b,conservative,5.0,authority
relevance,15,qwen2:72b,conservative,4.0,authority
relevance,15,qwen2:72b,conservative,5.0,authority
relevance,15,qwen2:72b,conservative,4.0,authority
relevance,15,qwen2:72b,conservative,4.0,authority
relevance,15,qwen2:72b,conservative,4.0,authority
relevance,15,qwen2:72b,conservative,4.0,authority
relevance,15,qwen2:72b,conservative,4.0,authority
relevance,15,qwen2:72b,conservative,5.0,authority
relevance,15,qwen2:72b,conservative,4.0,authority
relevance,15,qwen2:72b,conservative,4.0,authority
relevance,15,qwen2:72b,conservative,4.0,authority
relevance,15,qwen2:72b,conservative,5.0,authority
relevance,15,qwen2:72b,conservative,4.0,authority
relevance,15,qwen2:72b,conservative,4.0,authority
relevance,15,qwen2:72b,conservative,4.0,authority
relevance,15,qwen2:72b,conservative,4.0,authority
relevance,15,qwen2:72b,conservative,4.0,authority
relevance,15,qwen2:72b,conservative,4.0,authority
relevance,15,qwen2:72b,conservative,4.0,authority
relevance,15,qwen2:72b,conservative,4.0,authority
relevance,15,qwen2:72b,conservative,5.0,authority
relevance,15,qwen2:72b,moderate,4.0,authority
relevance,15,qwen2:72b,moderate,4.0,authority
relevance,15,qwen2:72b,moderate,4.0,authority
relevance,15,qwen2:72b,moderate,4.0,authority
relevance,15,qwen2:72b,moderate,4.0,authority
relevance,15,qwen2:72b,moderate,4.0,authority
relevance,15,qwen2:72b,moderate,4.0,authority
relevance,15,qwen2:72b,moderate,4.0,authority
relevance,15,qwen2:72b,moderate,4.0,authority
relevance,15,qwen2:72b,moderate,4.0,authority
relevance,15,qwen2:72b,moderate,4.0,authority
relevance,15,qwen2:72b,moderate,4.0,authority
relevance,15,qwen2:72b,moderate,4.0,authority
relevance,15,qwen2:72b,moderate,4.0,authority
relevance,15,qwen2:72b,moderate,4.0,authority
relevance,15,qwen2:72b,moderate,4.0,authority
relevance,15,qwen2:72b,moderate,4.0,authority
relevance,15,qwen2:72b,moderate,4.0,authority
relevance,15,qwen2:72b,moderate,4.0,authority
relevance,15,qwen2:72b,moderate,4.0,authority
relevance,15,qwen2:72b,moderate,4.0,authority
relevance,15,qwen2:72b,moderate,4.0,authority
relevance,15,qwen2:72b,moderate,4.0,authority
relevance,15,qwen2:72b,moderate,4.0,authority
relevance,15,qwen2:72b,moderate,4.0,authority
relevance,15,qwen2:72b,moderate,4.0,authority
relevance,15,qwen2:72b,moderate,4.0,authority
relevance,15,qwen2:72b,moderate,4.0,authority
relevance,15,qwen2:72b,moderate,4.0,authority
relevance,15,qwen2:72b,moderate,4.0,authority
relevance,15,qwen2:72b,moderate,4.0,authority
relevance,15,qwen2:72b,moderate,4.0,authority
relevance,15,qwen2:72b,moderate,4.0,authority
relevance,15,qwen2:72b,moderate,4.0,authority
relevance,15,qwen2:72b,moderate,4.0,authority
relevance,15,qwen2:72b,moderate,4.0,authority
relevance,15,qwen2:72b,moderate,4.0,authority
relevance,15,qwen2:72b,moderate,4.0,authority
relevance,15,qwen2:72b,moderate,4.0,authority
relevance,15,qwen2:72b,moderate,4.0,authority
relevance,15,qwen2:72b,moderate,4.0,authority
relevance,15,qwen2:72b,moderate,4.0,authority
relevance,15,qwen2:72b,moderate,4.0,authority
relevance,15,qwen2:72b,moderate,4.0,authority
relevance,15,qwen2:72b,moderate,4.0,authority
relevance,15,qwen2:72b,moderate,4.0,authority
relevance,15,qwen2:72b,moderate,4.0,authority
relevance,15,qwen2:72b,moderate,4.0,authority
relevance,15,qwen2:72b,moderate,4.0,authority
relevance,15,qwen2:72b,moderate,4.0,authority
relevance,15,qwen2:72b,liberal,4.0,authority
relevance,15,qwen2:72b,liberal,4.0,authority
relevance,15,qwen2:72b,liberal,4.0,authority
relevance,15,qwen2:72b,liberal,4.0,authority
relevance,15,qwen2:72b,liberal,4.0,authority
relevance,15,qwen2:72b,liberal,4.0,authority
relevance,15,qwen2:72b,liberal,4.0,authority
relevance,15,qwen2:72b,liberal,4.0,authority
relevance,15,qwen2:72b,liberal,4.0,authority
relevance,15,qwen2:72b,liberal,4.0,authority
relevance,15,qwen2:72b,liberal,4.0,authority
relevance,15,qwen2:72b,liberal,4.0,authority
relevance,15,qwen2:72b,liberal,4.0,authority
relevance,15,qwen2:72b,liberal,4.0,authority
relevance,15,qwen2:72b,liberal,4.0,authority
relevance,15,qwen2:72b,liberal,4.0,authority
relevance,15,qwen2:72b,liberal,4.0,authority
relevance,15,qwen2:72b,liberal,4.0,authority
relevance,15,qwen2:72b,liberal,4.0,authority
relevance,15,qwen2:72b,liberal,4.0,authority
relevance,15,qwen2:72b,liberal,4.0,authority
relevance,15,qwen2:72b,liberal,4.0,authority
relevance,15,qwen2:72b,liberal,4.0,authority
relevance,15,qwen2:72b,liberal,4.0,authority
relevance,15,qwen2:72b,liberal,4.0,authority
relevance,15,qwen2:72b,liberal,4.0,authority
relevance,15,qwen2:72b,liberal,4.0,authority
relevance,15,qwen2:72b,liberal,4.0,authority
relevance,15,qwen2:72b,liberal,4.0,authority
relevance,15,qwen2:72b,liberal,4.0,authority
relevance,15,qwen2:72b,liberal,4.0,authority
relevance,15,qwen2:72b,liberal,4.0,authority
relevance,15,qwen2:72b,liberal,4.0,authority
relevance,15,qwen2:72b,liberal,4.0,authority
relevance,15,qwen2:72b,liberal,4.0,authority
relevance,15,qwen2:72b,liberal,4.0,authority
relevance,15,qwen2:72b,liberal,4.0,authority
relevance,15,qwen2:72b,liberal,4.0,authority
relevance,15,qwen2:72b,liberal,4.0,authority
relevance,15,qwen2:72b,liberal,4.0,authority
relevance,15,qwen2:72b,liberal,4.0,authority
relevance,15,qwen2:72b,liberal,4.0,authority
relevance,15,qwen2:72b,liberal,4.0,authority
relevance,15,qwen2:72b,liberal,4.0,authority
relevance,15,qwen2:72b,liberal,4.0,authority
relevance,15,qwen2:72b,liberal,4.0,authority
relevance,15,qwen2:72b,liberal,4.0,authority
relevance,15,qwen2:72b,liberal,4.0,authority
relevance,15,qwen2:72b,liberal,4.0,authority
relevance,15,qwen2:72b,liberal,4.0,authority
relevance,16,llama3.1:8b,conservative,5.0,purity
relevance,16,llama3.1:8b,conservative,4.0,purity
relevance,16,llama3.1:8b,conservative,3.0,purity
relevance,16,llama3.1:8b,conservative,4.0,purity
relevance,16,llama3.1:8b,conservative,4.0,purity
relevance,16,llama3.1:8b,conservative,2.0,purity
relevance,16,llama3.1:8b,conservative,5.0,purity
relevance,16,llama3.1:8b,conservative,5.0,purity
relevance,16,llama3.1:8b,conservative,5.0,purity
relevance,16,llama3.1:8b,conservative,5.0,purity
relevance,16,llama3.1:8b,conservative,5.0,purity
relevance,16,llama3.1:8b,conservative,2.0,purity
relevance,16,llama3.1:8b,conservative,5.0,purity
relevance,16,llama3.1:8b,conservative,5.0,purity
relevance,16,llama3.1:8b,conservative,3.0,purity
relevance,16,llama3.1:8b,conservative,5.0,purity
relevance,16,llama3.1:8b,conservative,2.0,purity
relevance,16,llama3.1:8b,conservative,2.0,purity
relevance,16,llama3.1:8b,conservative,5.0,purity
relevance,16,llama3.1:8b,conservative,5.0,purity
relevance,16,llama3.1:8b,conservative,2.0,purity
relevance,16,llama3.1:8b,conservative,4.0,purity
relevance,16,llama3.1:8b,conservative,3.0,purity
relevance,16,llama3.1:8b,conservative,4.0,purity
relevance,16,llama3.1:8b,conservative,4.0,purity
relevance,16,llama3.1:8b,conservative,5.0,purity
relevance,16,llama3.1:8b,conservative,5.0,purity
relevance,16,llama3.1:8b,conservative,4.0,purity
relevance,16,llama3.1:8b,conservative,5.0,purity
relevance,16,llama3.1:8b,conservative,5.0,purity
relevance,16,llama3.1:8b,conservative,5.0,purity
relevance,16,llama3.1:8b,conservative,3.0,purity
relevance,16,llama3.1:8b,conservative,5.0,purity
relevance,16,llama3.1:8b,conservative,3.0,purity
relevance,16,llama3.1:8b,conservative,2.0,purity
relevance,16,llama3.1:8b,conservative,2.0,purity
relevance,16,llama3.1:8b,conservative,5.0,purity
relevance,16,llama3.1:8b,conservative,4.0,purity
relevance,16,llama3.1:8b,conservative,4.0,purity
relevance,16,llama3.1:8b,conservative,5.0,purity
relevance,16,llama3.1:8b,conservative,4.0,purity
relevance,16,llama3.1:8b,conservative,5.0,purity
relevance,16,llama3.1:8b,conservative,4.0,purity
relevance,16,llama3.1:8b,conservative,5.0,purity
relevance,16,llama3.1:8b,conservative,2.0,purity
relevance,16,llama3.1:8b,conservative,5.0,purity
relevance,16,llama3.1:8b,conservative,5.0,purity
relevance,16,llama3.1:8b,conservative,5.0,purity
relevance,16,llama3.1:8b,conservative,5.0,purity
relevance,16,llama3.1:8b,conservative,5.0,purity
relevance,16,llama3.1:8b,moderate,2.0,purity
relevance,16,llama3.1:8b,moderate,0.0,purity
relevance,16,llama3.1:8b,moderate,1.0,purity
relevance,16,llama3.1:8b,moderate,2.0,purity
relevance,16,llama3.1:8b,moderate,2.0,purity
relevance,16,llama3.1:8b,moderate,1.0,purity
relevance,16,llama3.1:8b,moderate,4.0,purity
relevance,16,llama3.1:8b,moderate,2.0,purity
relevance,16,llama3.1:8b,moderate,4.0,purity
relevance,16,llama3.1:8b,moderate,2.0,purity
relevance,16,llama3.1:8b,moderate,2.0,purity
relevance,16,llama3.1:8b,moderate,0.0,purity
relevance,16,llama3.1:8b,moderate,2.0,purity
relevance,16,llama3.1:8b,moderate,2.0,purity
relevance,16,llama3.1:8b,moderate,2.0,purity
relevance,16,llama3.1:8b,moderate,4.0,purity
relevance,16,llama3.1:8b,moderate,1.0,purity
relevance,16,llama3.1:8b,moderate,2.0,purity
relevance,16,llama3.1:8b,moderate,2.0,purity
relevance,16,llama3.1:8b,moderate,2.0,purity
relevance,16,llama3.1:8b,moderate,2.0,purity
relevance,16,llama3.1:8b,moderate,3.0,purity
relevance,16,llama3.1:8b,moderate,2.0,purity
relevance,16,llama3.1:8b,moderate,2.0,purity
relevance,16,llama3.1:8b,moderate,1.0,purity
relevance,16,llama3.1:8b,moderate,4.0,purity
relevance,16,llama3.1:8b,moderate,3.0,purity
relevance,16,llama3.1:8b,moderate,2.0,purity
relevance,16,llama3.1:8b,moderate,1.0,purity
relevance,16,llama3.1:8b,moderate,4.0,purity
relevance,16,llama3.1:8b,moderate,2.0,purity
relevance,16,llama3.1:8b,moderate,1.0,purity
relevance,16,llama3.1:8b,moderate,0.0,purity
relevance,16,llama3.1:8b,moderate,1.0,purity
relevance,16,llama3.1:8b,moderate,2.0,purity
relevance,16,llama3.1:8b,moderate,0.0,purity
relevance,16,llama3.1:8b,moderate,3.0,purity
relevance,16,llama3.1:8b,moderate,3.0,purity
relevance,16,llama3.1:8b,moderate,3.0,purity
relevance,16,llama3.1:8b,moderate,2.0,purity
relevance,16,llama3.1:8b,moderate,2.0,purity
relevance,16,llama3.1:8b,moderate,2.0,purity
relevance,16,llama3.1:8b,moderate,4.0,purity
relevance,16,llama3.1:8b,moderate,0.0,purity
relevance,16,llama3.1:8b,moderate,3.0,purity
relevance,16,llama3.1:8b,moderate,0.0,purity
relevance,16,llama3.1:8b,moderate,2.0,purity
relevance,16,llama3.1:8b,moderate,1.0,purity
relevance,16,llama3.1:8b,moderate,2.0,purity
relevance,16,llama3.1:8b,moderate,1.0,purity
relevance,16,llama3.1:8b,liberal,0.0,purity
relevance,16,llama3.1:8b,liberal,2.0,purity
relevance,16,llama3.1:8b,liberal,0.0,purity
relevance,16,llama3.1:8b,liberal,0.0,purity
relevance,16,llama3.1:8b,liberal,0.0,purity
relevance,16,llama3.1:8b,liberal,1.0,purity
relevance,16,llama3.1:8b,liberal,0.0,purity
relevance,16,llama3.1:8b,liberal,0.0,purity
relevance,16,llama3.1:8b,liberal,0.0,purity
relevance,16,llama3.1:8b,liberal,0.0,purity
relevance,16,llama3.1:8b,liberal,0.0,purity
relevance,16,llama3.1:8b,liberal,0.0,purity
relevance,16,llama3.1:8b,liberal,0.0,purity
relevance,16,llama3.1:8b,liberal,0.0,purity
relevance,16,llama3.1:8b,liberal,0.0,purity
relevance,16,llama3.1:8b,liberal,0.0,purity
relevance,16,llama3.1:8b,liberal,0.0,purity
relevance,16,llama3.1:8b,liberal,0.0,purity
relevance,16,llama3.1:8b,liberal,2.0,purity
relevance,16,llama3.1:8b,liberal,0.0,purity
relevance,16,llama3.1:8b,liberal,0.0,purity
relevance,16,llama3.1:8b,liberal,0.0,purity
relevance,16,llama3.1:8b,liberal,0.0,purity
relevance,16,llama3.1:8b,liberal,1.0,purity
relevance,16,llama3.1:8b,liberal,0.0,purity
relevance,16,llama3.1:8b,liberal,0.0,purity
relevance,16,llama3.1:8b,liberal,0.0,purity
relevance,16,llama3.1:8b,liberal,0.0,purity
relevance,16,llama3.1:8b,liberal,1.0,purity
relevance,16,llama3.1:8b,liberal,0.0,purity
relevance,16,llama3.1:8b,liberal,0.0,purity
relevance,16,llama3.1:8b,liberal,0.0,purity
relevance,16,llama3.1:8b,liberal,0.0,purity
relevance,16,llama3.1:8b,liberal,0.0,purity
relevance,16,llama3.1:8b,liberal,0.0,purity
relevance,16,llama3.1:8b,liberal,1.0,purity
relevance,16,llama3.1:8b,liberal,1.0,purity
relevance,16,llama3.1:8b,liberal,0.0,purity
relevance,16,llama3.1:8b,liberal,0.0,purity
relevance,16,llama3.1:8b,liberal,1.0,purity
relevance,16,llama3.1:8b,liberal,0.0,purity
relevance,16,llama3.1:8b,liberal,2.0,purity
relevance,16,llama3.1:8b,liberal,0.0,purity
relevance,16,llama3.1:8b,liberal,0.0,purity
relevance,16,llama3.1:8b,liberal,0.0,purity
relevance,16,llama3.1:8b,liberal,0.0,purity
relevance,16,llama3.1:8b,liberal,0.0,purity
relevance,16,llama3.1:8b,liberal,0.0,purity
relevance,16,llama3.1:8b,liberal,0.0,purity
relevance,16,llama3.1:8b,liberal,0.0,purity
relevance,16,llama2:70b,conservative,1.0,purity
relevance,16,llama2:70b,conservative,4.0,purity
relevance,16,llama2:70b,conservative,4.0,purity
relevance,16,llama2:70b,conservative,4.0,purity
relevance,16,llama2:70b,conservative,4.0,purity
relevance,16,llama2:70b,conservative,4.0,purity
relevance,16,llama2:70b,conservative,4.0,purity
relevance,16,llama2:70b,conservative,4.0,purity
relevance,16,llama2:70b,conservative,4.0,purity
relevance,16,llama2:70b,conservative,1.0,purity
relevance,16,llama2:70b,conservative,3.0,purity
relevance,16,llama2:70b,conservative,4.0,purity
relevance,16,llama2:70b,conservative,5.0,purity
relevance,16,llama2:70b,conservative,4.0,purity
relevance,16,llama2:70b,conservative,5.0,purity
relevance,16,llama2:70b,conservative,5.0,purity
relevance,16,llama2:70b,conservative,4.0,purity
relevance,16,llama2:70b,conservative,1.0,purity
relevance,16,llama2:70b,conservative,4.0,purity
relevance,16,llama2:70b,conservative,4.0,purity
relevance,16,llama2:70b,conservative,4.0,purity
relevance,16,llama2:70b,conservative,4.0,purity
relevance,16,llama2:70b,conservative,4.0,purity
relevance,16,llama2:70b,conservative,4.0,purity
relevance,16,llama2:70b,conservative,3.0,purity
relevance,16,llama2:70b,conservative,5.0,purity
relevance,16,llama2:70b,conservative,4.0,purity
relevance,16,llama2:70b,conservative,4.0,purity
relevance,16,llama2:70b,conservative,4.0,purity
relevance,16,llama2:70b,conservative,4.0,purity
relevance,16,llama2:70b,conservative,4.0,purity
relevance,16,llama2:70b,conservative,4.0,purity
relevance,16,llama2:70b,conservative,4.0,purity
relevance,16,llama2:70b,conservative,5.0,purity
relevance,16,llama2:70b,conservative,4.0,purity
relevance,16,llama2:70b,conservative,4.0,purity
relevance,16,llama2:70b,conservative,5.0,purity
relevance,16,llama2:70b,conservative,4.0,purity
relevance,16,llama2:70b,conservative,4.0,purity
relevance,16,llama2:70b,conservative,4.0,purity
relevance,16,llama2:70b,conservative,5.0,purity
relevance,16,llama2:70b,conservative,1.0,purity
relevance,16,llama2:70b,conservative,1.0,purity
relevance,16,llama2:70b,conservative,5.0,purity
relevance,16,llama2:70b,conservative,4.0,purity
relevance,16,llama2:70b,conservative,4.0,purity
relevance,16,llama2:70b,conservative,4.0,purity
relevance,16,llama2:70b,conservative,5.0,purity
relevance,16,llama2:70b,conservative,1.0,purity
relevance,16,llama2:70b,moderate,2.0,purity
relevance,16,llama2:70b,moderate,4.0,purity
relevance,16,llama2:70b,moderate,5.0,purity
relevance,16,llama2:70b,moderate,4.0,purity
relevance,16,llama2:70b,moderate,4.0,purity
relevance,16,llama2:70b,moderate,4.0,purity
relevance,16,llama2:70b,moderate,4.0,purity
relevance,16,llama2:70b,moderate,5.0,purity
relevance,16,llama2:70b,moderate,4.0,purity
relevance,16,llama2:70b,moderate,4.0,purity
relevance,16,llama2:70b,moderate,2.0,purity
relevance,16,llama2:70b,moderate,4.0,purity
relevance,16,llama2:70b,moderate,4.0,purity
relevance,16,llama2:70b,moderate,3.0,purity
relevance,16,llama2:70b,moderate,4.0,purity
relevance,16,llama2:70b,moderate,2.0,purity
relevance,16,llama2:70b,moderate,2.0,purity
relevance,16,llama2:70b,moderate,3.0,purity
relevance,16,llama2:70b,moderate,4.0,purity
relevance,16,llama2:70b,moderate,2.0,purity
relevance,16,llama2:70b,moderate,3.0,purity
relevance,16,llama2:70b,moderate,4.0,purity
relevance,16,llama2:70b,moderate,3.0,purity
relevance,16,llama2:70b,moderate,2.0,purity
relevance,16,llama2:70b,moderate,2.0,purity
relevance,16,llama2:70b,moderate,4.0,purity
relevance,16,llama2:70b,moderate,3.0,purity
relevance,16,llama2:70b,moderate,4.0,purity
relevance,16,llama2:70b,moderate,3.0,purity
relevance,16,llama2:70b,moderate,4.0,purity
relevance,16,llama2:70b,moderate,2.0,purity
relevance,16,llama2:70b,moderate,4.0,purity
relevance,16,llama2:70b,moderate,3.0,purity
relevance,16,llama2:70b,moderate,4.0,purity
relevance,16,llama2:70b,moderate,3.0,purity
relevance,16,llama2:70b,moderate,4.0,purity
relevance,16,llama2:70b,moderate,5.0,purity
relevance,16,llama2:70b,moderate,5.0,purity
relevance,16,llama2:70b,moderate,4.0,purity
relevance,16,llama2:70b,moderate,3.0,purity
relevance,16,llama2:70b,moderate,4.0,purity
relevance,16,llama2:70b,moderate,4.0,purity
relevance,16,llama2:70b,moderate,4.0,purity
relevance,16,llama2:70b,moderate,4.0,purity
relevance,16,llama2:70b,moderate,2.0,purity
relevance,16,llama2:70b,moderate,5.0,purity
relevance,16,llama2:70b,moderate,3.0,purity
relevance,16,llama2:70b,moderate,5.0,purity
relevance,16,llama2:70b,moderate,5.0,purity
relevance,16,llama2:70b,moderate,4.0,purity
relevance,16,llama2:70b,liberal,1.0,purity
relevance,16,llama2:70b,liberal,1.0,purity
relevance,16,llama2:70b,liberal,1.0,purity
relevance,16,llama2:70b,liberal,1.0,purity
relevance,16,llama2:70b,liberal,1.0,purity
relevance,16,llama2:70b,liberal,2.0,purity
relevance,16,llama2:70b,liberal,1.0,purity
relevance,16,llama2:70b,liberal,3.0,purity
relevance,16,llama2:70b,liberal,1.0,purity
relevance,16,llama2:70b,liberal,1.0,purity
relevance,16,llama2:70b,liberal,1.0,purity
relevance,16,llama2:70b,liberal,1.0,purity
relevance,16,llama2:70b,liberal,1.0,purity
relevance,16,llama2:70b,liberal,1.0,purity
relevance,16,llama2:70b,liberal,1.0,purity
relevance,16,llama2:70b,liberal,1.0,purity
relevance,16,llama2:70b,liberal,1.0,purity
relevance,16,llama2:70b,liberal,1.0,purity
relevance,16,llama2:70b,liberal,1.0,purity
relevance,16,llama2:70b,liberal,2.0,purity
relevance,16,llama2:70b,liberal,1.0,purity
relevance,16,llama2:70b,liberal,1.0,purity
relevance,16,llama2:70b,liberal,1.0,purity
relevance,16,llama2:70b,liberal,2.0,purity
relevance,16,llama2:70b,liberal,1.0,purity
relevance,16,llama2:70b,liberal,1.0,purity
relevance,16,llama2:70b,liberal,1.0,purity
relevance,16,llama2:70b,liberal,1.0,purity
relevance,16,llama2:70b,liberal,1.0,purity
relevance,16,llama2:70b,liberal,2.0,purity
relevance,16,llama2:70b,liberal,1.0,purity
relevance,16,llama2:70b,liberal,1.0,purity
relevance,16,llama2:70b,liberal,1.0,purity
relevance,16,llama2:70b,liberal,1.0,purity
relevance,16,llama2:70b,liberal,1.0,purity
relevance,16,llama2:70b,liberal,1.0,purity
relevance,16,llama2:70b,liberal,1.0,purity
relevance,16,llama2:70b,liberal,1.0,purity
relevance,16,llama2:70b,liberal,1.0,purity
relevance,16,llama2:70b,liberal,2.0,purity
relevance,16,llama2:70b,liberal,1.0,purity
relevance,16,llama2:70b,liberal,1.0,purity
relevance,16,llama2:70b,liberal,1.0,purity
relevance,16,llama2:70b,liberal,1.0,purity
relevance,16,llama2:70b,liberal,1.0,purity
relevance,16,llama2:70b,liberal,5.0,purity
relevance,16,llama2:70b,liberal,3.0,purity
relevance,16,llama2:70b,liberal,3.0,purity
relevance,16,llama2:70b,liberal,1.0,purity
relevance,16,llama2:70b,liberal,1.0,purity
relevance,16,llama3:70b,conservative,5.0,purity
relevance,16,llama3:70b,conservative,5.0,purity
relevance,16,llama3:70b,conservative,5.0,purity
relevance,16,llama3:70b,conservative,5.0,purity
relevance,16,llama3:70b,conservative,5.0,purity
relevance,16,llama3:70b,conservative,5.0,purity
relevance,16,llama3:70b,conservative,5.0,purity
relevance,16,llama3:70b,conservative,5.0,purity
relevance,16,llama3:70b,conservative,5.0,purity
relevance,16,llama3:70b,conservative,5.0,purity
relevance,16,llama3:70b,conservative,5.0,purity
relevance,16,llama3:70b,conservative,5.0,purity
relevance,16,llama3:70b,conservative,5.0,purity
relevance,16,llama3:70b,conservative,5.0,purity
relevance,16,llama3:70b,conservative,5.0,purity
relevance,16,llama3:70b,conservative,5.0,purity
relevance,16,llama3:70b,conservative,5.0,purity
relevance,16,llama3:70b,conservative,5.0,purity
relevance,16,llama3:70b,conservative,5.0,purity
relevance,16,llama3:70b,conservative,5.0,purity
relevance,16,llama3:70b,conservative,5.0,purity
relevance,16,llama3:70b,conservative,5.0,purity
relevance,16,llama3:70b,conservative,5.0,purity
relevance,16,llama3:70b,conservative,5.0,purity
relevance,16,llama3:70b,conservative,5.0,purity
relevance,16,llama3:70b,conservative,5.0,purity
relevance,16,llama3:70b,conservative,5.0,purity
relevance,16,llama3:70b,conservative,5.0,purity
relevance,16,llama3:70b,conservative,5.0,purity
relevance,16,llama3:70b,conservative,5.0,purity
relevance,16,llama3:70b,conservative,5.0,purity
relevance,16,llama3:70b,conservative,5.0,purity
relevance,16,llama3:70b,conservative,5.0,purity
relevance,16,llama3:70b,conservative,5.0,purity
relevance,16,llama3:70b,conservative,5.0,purity
relevance,16,llama3:70b,conservative,5.0,purity
relevance,16,llama3:70b,conservative,5.0,purity
relevance,16,llama3:70b,conservative,5.0,purity
relevance,16,llama3:70b,conservative,5.0,purity
relevance,16,llama3:70b,conservative,5.0,purity
relevance,16,llama3:70b,conservative,5.0,purity
relevance,16,llama3:70b,conservative,5.0,purity
relevance,16,llama3:70b,conservative,5.0,purity
relevance,16,llama3:70b,conservative,5.0,purity
relevance,16,llama3:70b,conservative,5.0,purity
relevance,16,llama3:70b,conservative,5.0,purity
relevance,16,llama3:70b,conservative,5.0,purity
relevance,16,llama3:70b,conservative,5.0,purity
relevance,16,llama3:70b,conservative,5.0,purity
relevance,16,llama3:70b,conservative,5.0,purity
relevance,16,llama3:70b,moderate,3.0,purity
relevance,16,llama3:70b,moderate,0.0,purity
relevance,16,llama3:70b,moderate,2.0,purity
relevance,16,llama3:70b,moderate,1.0,purity
relevance,16,llama3:70b,moderate,2.0,purity
relevance,16,llama3:70b,moderate,3.0,purity
relevance,16,llama3:70b,moderate,2.0,purity
relevance,16,llama3:70b,moderate,2.0,purity
relevance,16,llama3:70b,moderate,0.0,purity
relevance,16,llama3:70b,moderate,2.0,purity
relevance,16,llama3:70b,moderate,3.0,purity
relevance,16,llama3:70b,moderate,3.0,purity
relevance,16,llama3:70b,moderate,3.0,purity
relevance,16,llama3:70b,moderate,2.0,purity
relevance,16,llama3:70b,moderate,0.0,purity
relevance,16,llama3:70b,moderate,2.0,purity
relevance,16,llama3:70b,moderate,3.0,purity
relevance,16,llama3:70b,moderate,3.0,purity
relevance,16,llama3:70b,moderate,0.0,purity
relevance,16,llama3:70b,moderate,0.0,purity
relevance,16,llama3:70b,moderate,2.0,purity
relevance,16,llama3:70b,moderate,0.0,purity
relevance,16,llama3:70b,moderate,3.0,purity
relevance,16,llama3:70b,moderate,3.0,purity
relevance,16,llama3:70b,moderate,2.0,purity
relevance,16,llama3:70b,moderate,3.0,purity
relevance,16,llama3:70b,moderate,2.0,purity
relevance,16,llama3:70b,moderate,3.0,purity
relevance,16,llama3:70b,moderate,3.0,purity
relevance,16,llama3:70b,moderate,0.0,purity
relevance,16,llama3:70b,moderate,3.0,purity
relevance,16,llama3:70b,moderate,2.0,purity
relevance,16,llama3:70b,moderate,2.0,purity
relevance,16,llama3:70b,moderate,0.0,purity
relevance,16,llama3:70b,moderate,3.0,purity
relevance,16,llama3:70b,moderate,2.0,purity
relevance,16,llama3:70b,moderate,3.0,purity
relevance,16,llama3:70b,moderate,2.0,purity
relevance,16,llama3:70b,moderate,2.0,purity
relevance,16,llama3:70b,moderate,3.0,purity
relevance,16,llama3:70b,moderate,2.0,purity
relevance,16,llama3:70b,moderate,0.0,purity
relevance,16,llama3:70b,moderate,3.0,purity
relevance,16,llama3:70b,moderate,3.0,purity
relevance,16,llama3:70b,moderate,0.0,purity
relevance,16,llama3:70b,moderate,2.0,purity
relevance,16,llama3:70b,moderate,3.0,purity
relevance,16,llama3:70b,moderate,3.0,purity
relevance,16,llama3:70b,moderate,3.0,purity
relevance,16,llama3:70b,moderate,2.0,purity
relevance,16,llama3:70b,liberal,0.0,purity
relevance,16,llama3:70b,liberal,0.0,purity
relevance,16,llama3:70b,liberal,0.0,purity
relevance,16,llama3:70b,liberal,0.0,purity
relevance,16,llama3:70b,liberal,0.0,purity
relevance,16,llama3:70b,liberal,0.0,purity
relevance,16,llama3:70b,liberal,0.0,purity
relevance,16,llama3:70b,liberal,0.0,purity
relevance,16,llama3:70b,liberal,0.0,purity
relevance,16,llama3:70b,liberal,0.0,purity
relevance,16,llama3:70b,liberal,0.0,purity
relevance,16,llama3:70b,liberal,0.0,purity
relevance,16,llama3:70b,liberal,0.0,purity
relevance,16,llama3:70b,liberal,0.0,purity
relevance,16,llama3:70b,liberal,0.0,purity
relevance,16,llama3:70b,liberal,0.0,purity
relevance,16,llama3:70b,liberal,0.0,purity
relevance,16,llama3:70b,liberal,0.0,purity
relevance,16,llama3:70b,liberal,0.0,purity
relevance,16,llama3:70b,liberal,0.0,purity
relevance,16,llama3:70b,liberal,0.0,purity
relevance,16,llama3:70b,liberal,0.0,purity
relevance,16,llama3:70b,liberal,0.0,purity
relevance,16,llama3:70b,liberal,0.0,purity
relevance,16,llama3:70b,liberal,0.0,purity
relevance,16,llama3:70b,liberal,0.0,purity
relevance,16,llama3:70b,liberal,0.0,purity
relevance,16,llama3:70b,liberal,0.0,purity
relevance,16,llama3:70b,liberal,0.0,purity
relevance,16,llama3:70b,liberal,0.0,purity
relevance,16,llama3:70b,liberal,0.0,purity
relevance,16,llama3:70b,liberal,0.0,purity
relevance,16,llama3:70b,liberal,0.0,purity
relevance,16,llama3:70b,liberal,0.0,purity
relevance,16,llama3:70b,liberal,0.0,purity
relevance,16,llama3:70b,liberal,0.0,purity
relevance,16,llama3:70b,liberal,0.0,purity
relevance,16,llama3:70b,liberal,0.0,purity
relevance,16,llama3:70b,liberal,0.0,purity
relevance,16,llama3:70b,liberal,0.0,purity
relevance,16,llama3:70b,liberal,0.0,purity
relevance,16,llama3:70b,liberal,0.0,purity
relevance,16,llama3:70b,liberal,0.0,purity
relevance,16,llama3:70b,liberal,0.0,purity
relevance,16,llama3:70b,liberal,0.0,purity
relevance,16,llama3:70b,liberal,0.0,purity
relevance,16,llama3:70b,liberal,0.0,purity
relevance,16,llama3:70b,liberal,0.0,purity
relevance,16,llama3:70b,liberal,0.0,purity
relevance,16,llama3:70b,liberal,0.0,purity
relevance,16,llama3.1:70b,conservative,5.0,purity
relevance,16,llama3.1:70b,conservative,5.0,purity
relevance,16,llama3.1:70b,conservative,5.0,purity
relevance,16,llama3.1:70b,conservative,5.0,purity
relevance,16,llama3.1:70b,conservative,5.0,purity
relevance,16,llama3.1:70b,conservative,5.0,purity
relevance,16,llama3.1:70b,conservative,5.0,purity
relevance,16,llama3.1:70b,conservative,5.0,purity
relevance,16,llama3.1:70b,conservative,5.0,purity
relevance,16,llama3.1:70b,conservative,5.0,purity
relevance,16,llama3.1:70b,conservative,5.0,purity
relevance,16,llama3.1:70b,conservative,5.0,purity
relevance,16,llama3.1:70b,conservative,5.0,purity
relevance,16,llama3.1:70b,conservative,5.0,purity
relevance,16,llama3.1:70b,conservative,5.0,purity
relevance,16,llama3.1:70b,conservative,5.0,purity
relevance,16,llama3.1:70b,conservative,5.0,purity
relevance,16,llama3.1:70b,conservative,5.0,purity
relevance,16,llama3.1:70b,conservative,5.0,purity
relevance,16,llama3.1:70b,conservative,5.0,purity
relevance,16,llama3.1:70b,conservative,5.0,purity
relevance,16,llama3.1:70b,conservative,5.0,purity
relevance,16,llama3.1:70b,conservative,5.0,purity
relevance,16,llama3.1:70b,conservative,5.0,purity
relevance,16,llama3.1:70b,conservative,5.0,purity
relevance,16,llama3.1:70b,conservative,5.0,purity
relevance,16,llama3.1:70b,conservative,5.0,purity
relevance,16,llama3.1:70b,conservative,5.0,purity
relevance,16,llama3.1:70b,conservative,5.0,purity
relevance,16,llama3.1:70b,conservative,5.0,purity
relevance,16,llama3.1:70b,conservative,5.0,purity
relevance,16,llama3.1:70b,conservative,5.0,purity
relevance,16,llama3.1:70b,conservative,5.0,purity
relevance,16,llama3.1:70b,conservative,5.0,purity
relevance,16,llama3.1:70b,conservative,5.0,purity
relevance,16,llama3.1:70b,conservative,5.0,purity
relevance,16,llama3.1:70b,conservative,5.0,purity
relevance,16,llama3.1:70b,conservative,5.0,purity
relevance,16,llama3.1:70b,conservative,5.0,purity
relevance,16,llama3.1:70b,conservative,5.0,purity
relevance,16,llama3.1:70b,conservative,5.0,purity
relevance,16,llama3.1:70b,conservative,5.0,purity
relevance,16,llama3.1:70b,conservative,5.0,purity
relevance,16,llama3.1:70b,conservative,5.0,purity
relevance,16,llama3.1:70b,conservative,5.0,purity
relevance,16,llama3.1:70b,conservative,5.0,purity
relevance,16,llama3.1:70b,conservative,5.0,purity
relevance,16,llama3.1:70b,conservative,5.0,purity
relevance,16,llama3.1:70b,conservative,5.0,purity
relevance,16,llama3.1:70b,conservative,5.0,purity
relevance,16,llama3.1:70b,moderate,4.0,purity
relevance,16,llama3.1:70b,moderate,5.0,purity
relevance,16,llama3.1:70b,moderate,2.0,purity
relevance,16,llama3.1:70b,moderate,3.0,purity
relevance,16,llama3.1:70b,moderate,4.0,purity
relevance,16,llama3.1:70b,moderate,3.0,purity
relevance,16,llama3.1:70b,moderate,5.0,purity
relevance,16,llama3.1:70b,moderate,4.0,purity
relevance,16,llama3.1:70b,moderate,3.0,purity
relevance,16,llama3.1:70b,moderate,3.0,purity
relevance,16,llama3.1:70b,moderate,4.0,purity
relevance,16,llama3.1:70b,moderate,4.0,purity
relevance,16,llama3.1:70b,moderate,4.0,purity
relevance,16,llama3.1:70b,moderate,4.0,purity
relevance,16,llama3.1:70b,moderate,2.0,purity
relevance,16,llama3.1:70b,moderate,3.0,purity
relevance,16,llama3.1:70b,moderate,5.0,purity
relevance,16,llama3.1:70b,moderate,4.0,purity
relevance,16,llama3.1:70b,moderate,2.0,purity
relevance,16,llama3.1:70b,moderate,3.0,purity
relevance,16,llama3.1:70b,moderate,4.0,purity
relevance,16,llama3.1:70b,moderate,3.0,purity
relevance,16,llama3.1:70b,moderate,3.0,purity
relevance,16,llama3.1:70b,moderate,5.0,purity
relevance,16,llama3.1:70b,moderate,4.0,purity
relevance,16,llama3.1:70b,moderate,3.0,purity
relevance,16,llama3.1:70b,moderate,4.0,purity
relevance,16,llama3.1:70b,moderate,3.0,purity
relevance,16,llama3.1:70b,moderate,4.0,purity
relevance,16,llama3.1:70b,moderate,4.0,purity
relevance,16,llama3.1:70b,moderate,2.0,purity
relevance,16,llama3.1:70b,moderate,3.0,purity
relevance,16,llama3.1:70b,moderate,4.0,purity
relevance,16,llama3.1:70b,moderate,3.0,purity
relevance,16,llama3.1:70b,moderate,3.0,purity
relevance,16,llama3.1:70b,moderate,4.0,purity
relevance,16,llama3.1:70b,moderate,3.0,purity
relevance,16,llama3.1:70b,moderate,3.0,purity
relevance,16,llama3.1:70b,moderate,3.0,purity
relevance,16,llama3.1:70b,moderate,3.0,purity
relevance,16,llama3.1:70b,moderate,4.0,purity
relevance,16,llama3.1:70b,moderate,5.0,purity
relevance,16,llama3.1:70b,moderate,2.0,purity
relevance,16,llama3.1:70b,moderate,4.0,purity
relevance,16,llama3.1:70b,moderate,5.0,purity
relevance,16,llama3.1:70b,moderate,4.0,purity
relevance,16,llama3.1:70b,moderate,3.0,purity
relevance,16,llama3.1:70b,moderate,4.0,purity
relevance,16,llama3.1:70b,moderate,5.0,purity
relevance,16,llama3.1:70b,moderate,3.0,purity
relevance,16,llama3.1:70b,liberal,1.0,purity
relevance,16,llama3.1:70b,liberal,0.0,purity
relevance,16,llama3.1:70b,liberal,1.0,purity
relevance,16,llama3.1:70b,liberal,1.0,purity
relevance,16,llama3.1:70b,liberal,1.0,purity
relevance,16,llama3.1:70b,liberal,0.0,purity
relevance,16,llama3.1:70b,liberal,1.0,purity
relevance,16,llama3.1:70b,liberal,0.0,purity
relevance,16,llama3.1:70b,liberal,1.0,purity
relevance,16,llama3.1:70b,liberal,1.0,purity
relevance,16,llama3.1:70b,liberal,1.0,purity
relevance,16,llama3.1:70b,liberal,0.0,purity
relevance,16,llama3.1:70b,liberal,0.0,purity
relevance,16,llama3.1:70b,liberal,0.0,purity
relevance,16,llama3.1:70b,liberal,1.0,purity
relevance,16,llama3.1:70b,liberal,1.0,purity
relevance,16,llama3.1:70b,liberal,1.0,purity
relevance,16,llama3.1:70b,liberal,1.0,purity
relevance,16,llama3.1:70b,liberal,0.0,purity
relevance,16,llama3.1:70b,liberal,1.0,purity
relevance,16,llama3.1:70b,liberal,1.0,purity
relevance,16,llama3.1:70b,liberal,1.0,purity
relevance,16,llama3.1:70b,liberal,0.0,purity
relevance,16,llama3.1:70b,liberal,0.0,purity
relevance,16,llama3.1:70b,liberal,1.0,purity
relevance,16,llama3.1:70b,liberal,1.0,purity
relevance,16,llama3.1:70b,liberal,1.0,purity
relevance,16,llama3.1:70b,liberal,0.0,purity
relevance,16,llama3.1:70b,liberal,0.0,purity
relevance,16,llama3.1:70b,liberal,1.0,purity
relevance,16,llama3.1:70b,liberal,1.0,purity
relevance,16,llama3.1:70b,liberal,0.0,purity
relevance,16,llama3.1:70b,liberal,0.0,purity
relevance,16,llama3.1:70b,liberal,2.0,purity
relevance,16,llama3.1:70b,liberal,0.0,purity
relevance,16,llama3.1:70b,liberal,0.0,purity
relevance,16,llama3.1:70b,liberal,1.0,purity
relevance,16,llama3.1:70b,liberal,2.0,purity
relevance,16,llama3.1:70b,liberal,2.0,purity
relevance,16,llama3.1:70b,liberal,1.0,purity
relevance,16,llama3.1:70b,liberal,0.0,purity
relevance,16,llama3.1:70b,liberal,1.0,purity
relevance,16,llama3.1:70b,liberal,0.0,purity
relevance,16,llama3.1:70b,liberal,1.0,purity
relevance,16,llama3.1:70b,liberal,1.0,purity
relevance,16,llama3.1:70b,liberal,1.0,purity
relevance,16,llama3.1:70b,liberal,1.0,purity
relevance,16,llama3.1:70b,liberal,1.0,purity
relevance,16,llama3.1:70b,liberal,0.0,purity
relevance,16,llama3.1:70b,liberal,0.0,purity
relevance,16,mistral:7b,conservative,3.0,purity
relevance,16,mistral:7b,conservative,0.0,purity
relevance,16,mistral:7b,conservative,5.0,purity
relevance,16,mistral:7b,conservative,5.0,purity
relevance,16,mistral:7b,conservative,0.0,purity
relevance,16,mistral:7b,conservative,5.0,purity
relevance,16,mistral:7b,conservative,0.0,purity
relevance,16,mistral:7b,conservative,5.0,purity
relevance,16,mistral:7b,conservative,5.0,purity
relevance,16,mistral:7b,conservative,0.0,purity
relevance,16,mistral:7b,conservative,2.0,purity
relevance,16,mistral:7b,conservative,1.0,purity
relevance,16,mistral:7b,conservative,0.0,purity
relevance,16,mistral:7b,conservative,0.0,purity
relevance,16,mistral:7b,conservative,0.0,purity
relevance,16,mistral:7b,conservative,0.0,purity
relevance,16,mistral:7b,conservative,0.0,purity
relevance,16,mistral:7b,conservative,5.0,purity
relevance,16,mistral:7b,conservative,5.0,purity
relevance,16,mistral:7b,conservative,5.0,purity
relevance,16,mistral:7b,conservative,5.0,purity
relevance,16,mistral:7b,conservative,5.0,purity
relevance,16,mistral:7b,conservative,0.0,purity
relevance,16,mistral:7b,conservative,0.0,purity
relevance,16,mistral:7b,conservative,5.0,purity
relevance,16,mistral:7b,conservative,1.0,purity
relevance,16,mistral:7b,conservative,3.0,purity
relevance,16,mistral:7b,conservative,0.0,purity
relevance,16,mistral:7b,conservative,5.0,purity
relevance,16,mistral:7b,conservative,5.0,purity
relevance,16,mistral:7b,conservative,0.0,purity
relevance,16,mistral:7b,conservative,5.0,purity
relevance,16,mistral:7b,conservative,5.0,purity
relevance,16,mistral:7b,conservative,0.0,purity
relevance,16,mistral:7b,conservative,5.0,purity
relevance,16,mistral:7b,conservative,0.0,purity
relevance,16,mistral:7b,conservative,5.0,purity
relevance,16,mistral:7b,conservative,0.0,purity
relevance,16,mistral:7b,conservative,0.0,purity
relevance,16,mistral:7b,conservative,5.0,purity
relevance,16,mistral:7b,conservative,5.0,purity
relevance,16,mistral:7b,conservative,0.0,purity
relevance,16,mistral:7b,conservative,5.0,purity
relevance,16,mistral:7b,conservative,4.0,purity
relevance,16,mistral:7b,conservative,3.0,purity
relevance,16,mistral:7b,conservative,5.0,purity
relevance,16,mistral:7b,conservative,0.0,purity
relevance,16,mistral:7b,conservative,0.0,purity
relevance,16,mistral:7b,conservative,0.0,purity
relevance,16,mistral:7b,conservative,0.0,purity
relevance,16,mistral:7b,moderate,5.0,purity
relevance,16,mistral:7b,moderate,0.0,purity
relevance,16,mistral:7b,moderate,0.0,purity
relevance,16,mistral:7b,moderate,0.0,purity
relevance,16,mistral:7b,moderate,0.0,purity
relevance,16,mistral:7b,moderate,0.0,purity
relevance,16,mistral:7b,moderate,0.0,purity
relevance,16,mistral:7b,moderate,0.0,purity
relevance,16,mistral:7b,moderate,0.0,purity
relevance,16,mistral:7b,moderate,0.0,purity
relevance,16,mistral:7b,moderate,0.0,purity
relevance,16,mistral:7b,moderate,1.0,purity
relevance,16,mistral:7b,moderate,0.0,purity
relevance,16,mistral:7b,moderate,0.0,purity
relevance,16,mistral:7b,moderate,0.0,purity
relevance,16,mistral:7b,moderate,0.0,purity
relevance,16,mistral:7b,moderate,0.0,purity
relevance,16,mistral:7b,moderate,0.0,purity
relevance,16,mistral:7b,moderate,0.0,purity
relevance,16,mistral:7b,moderate,0.0,purity
relevance,16,mistral:7b,moderate,0.0,purity
relevance,16,mistral:7b,moderate,0.0,purity
relevance,16,mistral:7b,moderate,0.0,purity
relevance,16,mistral:7b,moderate,0.0,purity
relevance,16,mistral:7b,moderate,0.0,purity
relevance,16,mistral:7b,moderate,0.0,purity
relevance,16,mistral:7b,moderate,0.0,purity
relevance,16,mistral:7b,moderate,0.0,purity
relevance,16,mistral:7b,moderate,2.0,purity
relevance,16,mistral:7b,moderate,0.0,purity
relevance,16,mistral:7b,moderate,0.0,purity
relevance,16,mistral:7b,moderate,0.0,purity
relevance,16,mistral:7b,moderate,1.0,purity
relevance,16,mistral:7b,moderate,0.0,purity
relevance,16,mistral:7b,moderate,0.0,purity
relevance,16,mistral:7b,moderate,0.0,purity
relevance,16,mistral:7b,moderate,0.0,purity
relevance,16,mistral:7b,moderate,0.0,purity
relevance,16,mistral:7b,moderate,0.0,purity
relevance,16,mistral:7b,moderate,0.0,purity
relevance,16,mistral:7b,moderate,0.0,purity
relevance,16,mistral:7b,moderate,0.0,purity
relevance,16,mistral:7b,moderate,0.0,purity
relevance,16,mistral:7b,moderate,0.0,purity
relevance,16,mistral:7b,moderate,0.0,purity
relevance,16,mistral:7b,moderate,0.0,purity
relevance,16,mistral:7b,moderate,1.0,purity
relevance,16,mistral:7b,moderate,0.0,purity
relevance,16,mistral:7b,moderate,0.0,purity
relevance,16,mistral:7b,moderate,0.0,purity
relevance,16,mistral:7b,liberal,0.0,purity
relevance,16,mistral:7b,liberal,0.0,purity
relevance,16,mistral:7b,liberal,0.0,purity
relevance,16,mistral:7b,liberal,0.0,purity
relevance,16,mistral:7b,liberal,0.0,purity
relevance,16,mistral:7b,liberal,0.0,purity
relevance,16,mistral:7b,liberal,0.0,purity
relevance,16,mistral:7b,liberal,0.0,purity
relevance,16,mistral:7b,liberal,0.0,purity
relevance,16,mistral:7b,liberal,0.0,purity
relevance,16,mistral:7b,liberal,0.0,purity
relevance,16,mistral:7b,liberal,0.0,purity
relevance,16,mistral:7b,liberal,0.0,purity
relevance,16,mistral:7b,liberal,0.0,purity
relevance,16,mistral:7b,liberal,1.0,purity
relevance,16,mistral:7b,liberal,0.0,purity
relevance,16,mistral:7b,liberal,0.0,purity
relevance,16,mistral:7b,liberal,0.0,purity
relevance,16,mistral:7b,liberal,0.0,purity
relevance,16,mistral:7b,liberal,0.0,purity
relevance,16,mistral:7b,liberal,0.0,purity
relevance,16,mistral:7b,liberal,0.0,purity
relevance,16,mistral:7b,liberal,0.0,purity
relevance,16,mistral:7b,liberal,0.0,purity
relevance,16,mistral:7b,liberal,0.0,purity
relevance,16,mistral:7b,liberal,0.0,purity
relevance,16,mistral:7b,liberal,0.0,purity
relevance,16,mistral:7b,liberal,0.0,purity
relevance,16,mistral:7b,liberal,0.0,purity
relevance,16,mistral:7b,liberal,0.0,purity
relevance,16,mistral:7b,liberal,0.0,purity
relevance,16,mistral:7b,liberal,0.0,purity
relevance,16,mistral:7b,liberal,0.0,purity
relevance,16,mistral:7b,liberal,0.0,purity
relevance,16,mistral:7b,liberal,0.0,purity
relevance,16,mistral:7b,liberal,0.0,purity
relevance,16,mistral:7b,liberal,0.0,purity
relevance,16,mistral:7b,liberal,0.0,purity
relevance,16,mistral:7b,liberal,0.0,purity
relevance,16,mistral:7b,liberal,0.0,purity
relevance,16,mistral:7b,liberal,1.0,purity
relevance,16,mistral:7b,liberal,0.0,purity
relevance,16,mistral:7b,liberal,0.0,purity
relevance,16,mistral:7b,liberal,0.0,purity
relevance,16,mistral:7b,liberal,0.0,purity
relevance,16,mistral:7b,liberal,3.0,purity
relevance,16,mistral:7b,liberal,0.0,purity
relevance,16,mistral:7b,liberal,0.0,purity
relevance,16,mistral:7b,liberal,0.0,purity
relevance,16,mistral:7b,liberal,0.0,purity
relevance,16,mixtral:8x22b,conservative,4.0,purity
relevance,16,mixtral:8x22b,conservative,4.0,purity
relevance,16,mixtral:8x22b,conservative,4.0,purity
relevance,16,mixtral:8x22b,conservative,4.0,purity
relevance,16,mixtral:8x22b,conservative,4.0,purity
relevance,16,mixtral:8x22b,conservative,4.0,purity
relevance,16,mixtral:8x22b,conservative,4.0,purity
relevance,16,mixtral:8x22b,conservative,4.0,purity
relevance,16,mixtral:8x22b,conservative,4.0,purity
relevance,16,mixtral:8x22b,conservative,4.0,purity
relevance,16,mixtral:8x22b,conservative,4.0,purity
relevance,16,mixtral:8x22b,conservative,4.0,purity
relevance,16,mixtral:8x22b,conservative,4.0,purity
relevance,16,mixtral:8x22b,conservative,4.0,purity
relevance,16,mixtral:8x22b,conservative,4.0,purity
relevance,16,mixtral:8x22b,conservative,4.0,purity
relevance,16,mixtral:8x22b,conservative,4.0,purity
relevance,16,mixtral:8x22b,conservative,4.0,purity
relevance,16,mixtral:8x22b,conservative,4.0,purity
relevance,16,mixtral:8x22b,conservative,4.0,purity
relevance,16,mixtral:8x22b,conservative,4.0,purity
relevance,16,mixtral:8x22b,conservative,4.0,purity
relevance,16,mixtral:8x22b,conservative,4.0,purity
relevance,16,mixtral:8x22b,conservative,4.0,purity
relevance,16,mixtral:8x22b,conservative,4.0,purity
relevance,16,mixtral:8x22b,conservative,4.0,purity
relevance,16,mixtral:8x22b,conservative,4.0,purity
relevance,16,mixtral:8x22b,conservative,4.0,purity
relevance,16,mixtral:8x22b,conservative,4.0,purity
relevance,16,mixtral:8x22b,conservative,4.0,purity
relevance,16,mixtral:8x22b,conservative,4.0,purity
relevance,16,mixtral:8x22b,conservative,4.0,purity
relevance,16,mixtral:8x22b,conservative,4.0,purity
relevance,16,mixtral:8x22b,conservative,4.0,purity
relevance,16,mixtral:8x22b,conservative,4.0,purity
relevance,16,mixtral:8x22b,conservative,4.0,purity
relevance,16,mixtral:8x22b,conservative,4.0,purity
relevance,16,mixtral:8x22b,conservative,4.0,purity
relevance,16,mixtral:8x22b,conservative,4.0,purity
relevance,16,mixtral:8x22b,conservative,4.0,purity
relevance,16,mixtral:8x22b,conservative,4.0,purity
relevance,16,mixtral:8x22b,conservative,4.0,purity
relevance,16,mixtral:8x22b,conservative,4.0,purity
relevance,16,mixtral:8x22b,conservative,4.0,purity
relevance,16,mixtral:8x22b,conservative,4.0,purity
relevance,16,mixtral:8x22b,conservative,4.0,purity
relevance,16,mixtral:8x22b,conservative,4.0,purity
relevance,16,mixtral:8x22b,conservative,4.0,purity
relevance,16,mixtral:8x22b,conservative,4.0,purity
relevance,16,mixtral:8x22b,conservative,4.0,purity
relevance,16,mixtral:8x22b,moderate,2.0,purity
relevance,16,mixtral:8x22b,moderate,1.0,purity
relevance,16,mixtral:8x22b,moderate,5.0,purity
relevance,16,mixtral:8x22b,moderate,1.0,purity
relevance,16,mixtral:8x22b,moderate,2.0,purity
relevance,16,mixtral:8x22b,moderate,2.0,purity
relevance,16,mixtral:8x22b,moderate,1.0,purity
relevance,16,mixtral:8x22b,moderate,1.0,purity
relevance,16,mixtral:8x22b,moderate,2.0,purity
relevance,16,mixtral:8x22b,moderate,1.0,purity
relevance,16,mixtral:8x22b,moderate,1.0,purity
relevance,16,mixtral:8x22b,moderate,1.0,purity
relevance,16,mixtral:8x22b,moderate,2.0,purity
relevance,16,mixtral:8x22b,moderate,1.0,purity
relevance,16,mixtral:8x22b,moderate,2.0,purity
relevance,16,mixtral:8x22b,moderate,1.0,purity
relevance,16,mixtral:8x22b,moderate,1.0,purity
relevance,16,mixtral:8x22b,moderate,1.0,purity
relevance,16,mixtral:8x22b,moderate,2.0,purity
relevance,16,mixtral:8x22b,moderate,2.0,purity
relevance,16,mixtral:8x22b,moderate,1.0,purity
relevance,16,mixtral:8x22b,moderate,1.0,purity
relevance,16,mixtral:8x22b,moderate,1.0,purity
relevance,16,mixtral:8x22b,moderate,1.0,purity
relevance,16,mixtral:8x22b,moderate,2.0,purity
relevance,16,mixtral:8x22b,moderate,2.0,purity
relevance,16,mixtral:8x22b,moderate,2.0,purity
relevance,16,mixtral:8x22b,moderate,2.0,purity
relevance,16,mixtral:8x22b,moderate,1.0,purity
relevance,16,mixtral:8x22b,moderate,1.0,purity
relevance,16,mixtral:8x22b,moderate,1.0,purity
relevance,16,mixtral:8x22b,moderate,1.0,purity
relevance,16,mixtral:8x22b,moderate,1.0,purity
relevance,16,mixtral:8x22b,moderate,1.0,purity
relevance,16,mixtral:8x22b,moderate,2.0,purity
relevance,16,mixtral:8x22b,moderate,2.0,purity
relevance,16,mixtral:8x22b,moderate,1.0,purity
relevance,16,mixtral:8x22b,moderate,1.0,purity
relevance,16,mixtral:8x22b,moderate,1.0,purity
relevance,16,mixtral:8x22b,moderate,3.0,purity
relevance,16,mixtral:8x22b,moderate,1.0,purity
relevance,16,mixtral:8x22b,moderate,2.0,purity
relevance,16,mixtral:8x22b,moderate,1.0,purity
relevance,16,mixtral:8x22b,moderate,3.0,purity
relevance,16,mixtral:8x22b,moderate,2.0,purity
relevance,16,mixtral:8x22b,moderate,1.0,purity
relevance,16,mixtral:8x22b,moderate,1.0,purity
relevance,16,mixtral:8x22b,moderate,1.0,purity
relevance,16,mixtral:8x22b,moderate,1.0,purity
relevance,16,mixtral:8x22b,moderate,1.0,purity
relevance,16,mixtral:8x22b,liberal,1.0,purity
relevance,16,mixtral:8x22b,liberal,1.0,purity
relevance,16,mixtral:8x22b,liberal,2.0,purity
relevance,16,mixtral:8x22b,liberal,1.0,purity
relevance,16,mixtral:8x22b,liberal,1.0,purity
relevance,16,mixtral:8x22b,liberal,1.0,purity
relevance,16,mixtral:8x22b,liberal,1.0,purity
relevance,16,mixtral:8x22b,liberal,1.0,purity
relevance,16,mixtral:8x22b,liberal,1.0,purity
relevance,16,mixtral:8x22b,liberal,1.0,purity
relevance,16,mixtral:8x22b,liberal,2.0,purity
relevance,16,mixtral:8x22b,liberal,2.0,purity
relevance,16,mixtral:8x22b,liberal,1.0,purity
relevance,16,mixtral:8x22b,liberal,2.0,purity
relevance,16,mixtral:8x22b,liberal,1.0,purity
relevance,16,mixtral:8x22b,liberal,1.0,purity
relevance,16,mixtral:8x22b,liberal,2.0,purity
relevance,16,mixtral:8x22b,liberal,1.0,purity
relevance,16,mixtral:8x22b,liberal,2.0,purity
relevance,16,mixtral:8x22b,liberal,1.0,purity
relevance,16,mixtral:8x22b,liberal,1.0,purity
relevance,16,mixtral:8x22b,liberal,2.0,purity
relevance,16,mixtral:8x22b,liberal,1.0,purity
relevance,16,mixtral:8x22b,liberal,1.0,purity
relevance,16,mixtral:8x22b,liberal,1.0,purity
relevance,16,mixtral:8x22b,liberal,2.0,purity
relevance,16,mixtral:8x22b,liberal,1.0,purity
relevance,16,mixtral:8x22b,liberal,1.0,purity
relevance,16,mixtral:8x22b,liberal,1.0,purity
relevance,16,mixtral:8x22b,liberal,1.0,purity
relevance,16,mixtral:8x22b,liberal,1.0,purity
relevance,16,mixtral:8x22b,liberal,1.0,purity
relevance,16,mixtral:8x22b,liberal,2.0,purity
relevance,16,mixtral:8x22b,liberal,1.0,purity
relevance,16,mixtral:8x22b,liberal,2.0,purity
relevance,16,mixtral:8x22b,liberal,1.0,purity
relevance,16,mixtral:8x22b,liberal,1.0,purity
relevance,16,mixtral:8x22b,liberal,2.0,purity
relevance,16,mixtral:8x22b,liberal,1.0,purity
relevance,16,mixtral:8x22b,liberal,2.0,purity
relevance,16,mixtral:8x22b,liberal,1.0,purity
relevance,16,mixtral:8x22b,liberal,1.0,purity
relevance,16,mixtral:8x22b,liberal,2.0,purity
relevance,16,mixtral:8x22b,liberal,1.0,purity
relevance,16,mixtral:8x22b,liberal,1.0,purity
relevance,16,mixtral:8x22b,liberal,2.0,purity
relevance,16,mixtral:8x22b,liberal,1.0,purity
relevance,16,mixtral:8x22b,liberal,2.0,purity
relevance,16,mixtral:8x22b,liberal,1.0,purity
relevance,16,mixtral:8x22b,liberal,1.0,purity
relevance,16,mixtral:8x7b,conservative,5.0,purity
relevance,16,mixtral:8x7b,conservative,5.0,purity
relevance,16,mixtral:8x7b,conservative,5.0,purity
relevance,16,mixtral:8x7b,conservative,5.0,purity
relevance,16,mixtral:8x7b,conservative,5.0,purity
relevance,16,mixtral:8x7b,conservative,5.0,purity
relevance,16,mixtral:8x7b,conservative,5.0,purity
relevance,16,mixtral:8x7b,conservative,5.0,purity
relevance,16,mixtral:8x7b,conservative,5.0,purity
relevance,16,mixtral:8x7b,conservative,5.0,purity
relevance,16,mixtral:8x7b,conservative,5.0,purity
relevance,16,mixtral:8x7b,conservative,5.0,purity
relevance,16,mixtral:8x7b,conservative,5.0,purity
relevance,16,mixtral:8x7b,conservative,5.0,purity
relevance,16,mixtral:8x7b,conservative,5.0,purity
relevance,16,mixtral:8x7b,conservative,5.0,purity
relevance,16,mixtral:8x7b,conservative,5.0,purity
relevance,16,mixtral:8x7b,conservative,5.0,purity
relevance,16,mixtral:8x7b,conservative,5.0,purity
relevance,16,mixtral:8x7b,conservative,5.0,purity
relevance,16,mixtral:8x7b,conservative,5.0,purity
relevance,16,mixtral:8x7b,conservative,5.0,purity
relevance,16,mixtral:8x7b,conservative,5.0,purity
relevance,16,mixtral:8x7b,conservative,5.0,purity
relevance,16,mixtral:8x7b,conservative,5.0,purity
relevance,16,mixtral:8x7b,conservative,5.0,purity
relevance,16,mixtral:8x7b,conservative,5.0,purity
relevance,16,mixtral:8x7b,conservative,5.0,purity
relevance,16,mixtral:8x7b,conservative,5.0,purity
relevance,16,mixtral:8x7b,conservative,5.0,purity
relevance,16,mixtral:8x7b,conservative,5.0,purity
relevance,16,mixtral:8x7b,conservative,5.0,purity
relevance,16,mixtral:8x7b,conservative,5.0,purity
relevance,16,mixtral:8x7b,conservative,5.0,purity
relevance,16,mixtral:8x7b,conservative,5.0,purity
relevance,16,mixtral:8x7b,conservative,5.0,purity
relevance,16,mixtral:8x7b,conservative,5.0,purity
relevance,16,mixtral:8x7b,conservative,5.0,purity
relevance,16,mixtral:8x7b,conservative,5.0,purity
relevance,16,mixtral:8x7b,conservative,5.0,purity
relevance,16,mixtral:8x7b,conservative,5.0,purity
relevance,16,mixtral:8x7b,conservative,5.0,purity
relevance,16,mixtral:8x7b,conservative,5.0,purity
relevance,16,mixtral:8x7b,conservative,5.0,purity
relevance,16,mixtral:8x7b,conservative,5.0,purity
relevance,16,mixtral:8x7b,conservative,5.0,purity
relevance,16,mixtral:8x7b,conservative,5.0,purity
relevance,16,mixtral:8x7b,conservative,5.0,purity
relevance,16,mixtral:8x7b,moderate,4.0,purity
relevance,16,mixtral:8x7b,moderate,4.0,purity
relevance,16,mixtral:8x7b,moderate,4.0,purity
relevance,16,mixtral:8x7b,moderate,4.0,purity
relevance,16,mixtral:8x7b,moderate,4.0,purity
relevance,16,mixtral:8x7b,moderate,4.0,purity
relevance,16,mixtral:8x7b,moderate,4.0,purity
relevance,16,mixtral:8x7b,moderate,4.0,purity
relevance,16,mixtral:8x7b,moderate,4.0,purity
relevance,16,mixtral:8x7b,moderate,4.0,purity
relevance,16,mixtral:8x7b,moderate,4.0,purity
relevance,16,mixtral:8x7b,moderate,4.0,purity
relevance,16,mixtral:8x7b,moderate,4.0,purity
relevance,16,mixtral:8x7b,moderate,4.0,purity
relevance,16,mixtral:8x7b,moderate,4.0,purity
relevance,16,mixtral:8x7b,moderate,4.0,purity
relevance,16,mixtral:8x7b,moderate,4.0,purity
relevance,16,mixtral:8x7b,moderate,4.0,purity
relevance,16,mixtral:8x7b,moderate,4.0,purity
relevance,16,mixtral:8x7b,moderate,4.0,purity
relevance,16,mixtral:8x7b,moderate,4.0,purity
relevance,16,mixtral:8x7b,moderate,4.0,purity
relevance,16,mixtral:8x7b,moderate,4.0,purity
relevance,16,mixtral:8x7b,moderate,4.0,purity
relevance,16,mixtral:8x7b,moderate,4.0,purity
relevance,16,mixtral:8x7b,moderate,4.0,purity
relevance,16,mixtral:8x7b,moderate,4.0,purity
relevance,16,mixtral:8x7b,moderate,4.0,purity
relevance,16,mixtral:8x7b,moderate,4.0,purity
relevance,16,mixtral:8x7b,moderate,4.0,purity
relevance,16,mixtral:8x7b,moderate,4.0,purity
relevance,16,mixtral:8x7b,moderate,4.0,purity
relevance,16,mixtral:8x7b,moderate,4.0,purity
relevance,16,mixtral:8x7b,moderate,4.0,purity
relevance,16,mixtral:8x7b,moderate,4.0,purity
relevance,16,mixtral:8x7b,moderate,4.0,purity
relevance,16,mixtral:8x7b,moderate,4.0,purity
relevance,16,mixtral:8x7b,moderate,4.0,purity
relevance,16,mixtral:8x7b,moderate,4.0,purity
relevance,16,mixtral:8x7b,moderate,4.0,purity
relevance,16,mixtral:8x7b,moderate,4.0,purity
relevance,16,mixtral:8x7b,moderate,4.0,purity
relevance,16,mixtral:8x7b,moderate,4.0,purity
relevance,16,mixtral:8x7b,moderate,4.0,purity
relevance,16,mixtral:8x7b,moderate,4.0,purity
relevance,16,mixtral:8x7b,moderate,4.0,purity
relevance,16,mixtral:8x7b,moderate,4.0,purity
relevance,16,mixtral:8x7b,moderate,4.0,purity
relevance,16,mixtral:8x7b,moderate,4.0,purity
relevance,16,mixtral:8x7b,moderate,4.0,purity
relevance,16,mixtral:8x7b,liberal,1.0,purity
relevance,16,mixtral:8x7b,liberal,1.0,purity
relevance,16,mixtral:8x7b,liberal,1.0,purity
relevance,16,mixtral:8x7b,liberal,1.0,purity
relevance,16,mixtral:8x7b,liberal,1.0,purity
relevance,16,mixtral:8x7b,liberal,1.0,purity
relevance,16,mixtral:8x7b,liberal,1.0,purity
relevance,16,mixtral:8x7b,liberal,1.0,purity
relevance,16,mixtral:8x7b,liberal,1.0,purity
relevance,16,mixtral:8x7b,liberal,1.0,purity
relevance,16,mixtral:8x7b,liberal,1.0,purity
relevance,16,mixtral:8x7b,liberal,1.0,purity
relevance,16,mixtral:8x7b,liberal,1.0,purity
relevance,16,mixtral:8x7b,liberal,1.0,purity
relevance,16,mixtral:8x7b,liberal,1.0,purity
relevance,16,mixtral:8x7b,liberal,1.0,purity
relevance,16,mixtral:8x7b,liberal,1.0,purity
relevance,16,mixtral:8x7b,liberal,1.0,purity
relevance,16,mixtral:8x7b,liberal,1.0,purity
relevance,16,mixtral:8x7b,liberal,1.0,purity
relevance,16,mixtral:8x7b,liberal,1.0,purity
relevance,16,mixtral:8x7b,liberal,1.0,purity
relevance,16,mixtral:8x7b,liberal,1.0,purity
relevance,16,mixtral:8x7b,liberal,1.0,purity
relevance,16,mixtral:8x7b,liberal,1.0,purity
relevance,16,mixtral:8x7b,liberal,1.0,purity
relevance,16,mixtral:8x7b,liberal,1.0,purity
relevance,16,mixtral:8x7b,liberal,1.0,purity
relevance,16,mixtral:8x7b,liberal,1.0,purity
relevance,16,mixtral:8x7b,liberal,1.0,purity
relevance,16,mixtral:8x7b,liberal,1.0,purity
relevance,16,mixtral:8x7b,liberal,1.0,purity
relevance,16,mixtral:8x7b,liberal,1.0,purity
relevance,16,mixtral:8x7b,liberal,1.0,purity
relevance,16,mixtral:8x7b,liberal,1.0,purity
relevance,16,mixtral:8x7b,liberal,1.0,purity
relevance,16,mixtral:8x7b,liberal,1.0,purity
relevance,16,mixtral:8x7b,liberal,1.0,purity
relevance,16,mixtral:8x7b,liberal,1.0,purity
relevance,16,mixtral:8x7b,liberal,1.0,purity
relevance,16,mixtral:8x7b,liberal,1.0,purity
relevance,16,mixtral:8x7b,liberal,1.0,purity
relevance,16,mixtral:8x7b,liberal,1.0,purity
relevance,16,mixtral:8x7b,liberal,1.0,purity
relevance,16,mixtral:8x7b,liberal,1.0,purity
relevance,16,mixtral:8x7b,liberal,1.0,purity
relevance,16,mixtral:8x7b,liberal,1.0,purity
relevance,16,mixtral:8x7b,liberal,1.0,purity
relevance,16,mixtral:8x7b,liberal,1.0,purity
relevance,16,mixtral:8x7b,liberal,1.0,purity
relevance,16,phi3:14b,conservative,5.0,purity
relevance,16,phi3:14b,conservative,5.0,purity
relevance,16,phi3:14b,conservative,4.0,purity
relevance,16,phi3:14b,conservative,5.0,purity
relevance,16,phi3:14b,conservative,5.0,purity
relevance,16,phi3:14b,conservative,4.0,purity
relevance,16,phi3:14b,conservative,4.0,purity
relevance,16,phi3:14b,conservative,4.0,purity
relevance,16,phi3:14b,conservative,4.0,purity
relevance,16,phi3:14b,conservative,4.0,purity
relevance,16,phi3:14b,conservative,5.0,purity
relevance,16,phi3:14b,conservative,5.0,purity
relevance,16,phi3:14b,conservative,4.0,purity
relevance,16,phi3:14b,conservative,5.0,purity
relevance,16,phi3:14b,conservative,5.0,purity
relevance,16,phi3:14b,conservative,5.0,purity
relevance,16,phi3:14b,conservative,5.0,purity
relevance,16,phi3:14b,conservative,4.0,purity
relevance,16,phi3:14b,conservative,5.0,purity
relevance,16,phi3:14b,conservative,4.0,purity
relevance,16,phi3:14b,conservative,4.0,purity
relevance,16,phi3:14b,conservative,4.0,purity
relevance,16,phi3:14b,conservative,5.0,purity
relevance,16,phi3:14b,conservative,5.0,purity
relevance,16,phi3:14b,conservative,4.0,purity
relevance,16,phi3:14b,conservative,4.0,purity
relevance,16,phi3:14b,conservative,4.0,purity
relevance,16,phi3:14b,conservative,5.0,purity
relevance,16,phi3:14b,conservative,4.0,purity
relevance,16,phi3:14b,conservative,5.0,purity
relevance,16,phi3:14b,conservative,4.0,purity
relevance,16,phi3:14b,conservative,4.0,purity
relevance,16,phi3:14b,conservative,5.0,purity
relevance,16,phi3:14b,conservative,4.0,purity
relevance,16,phi3:14b,conservative,5.0,purity
relevance,16,phi3:14b,conservative,4.0,purity
relevance,16,phi3:14b,conservative,4.0,purity
relevance,16,phi3:14b,conservative,5.0,purity
relevance,16,phi3:14b,conservative,4.0,purity
relevance,16,phi3:14b,conservative,5.0,purity
relevance,16,phi3:14b,conservative,5.0,purity
relevance,16,phi3:14b,conservative,5.0,purity
relevance,16,phi3:14b,conservative,5.0,purity
relevance,16,phi3:14b,conservative,4.0,purity
relevance,16,phi3:14b,conservative,4.0,purity
relevance,16,phi3:14b,conservative,4.0,purity
relevance,16,phi3:14b,conservative,4.0,purity
relevance,16,phi3:14b,conservative,5.0,purity
relevance,16,phi3:14b,conservative,4.0,purity
relevance,16,phi3:14b,conservative,4.0,purity
relevance,16,phi3:14b,moderate,5.0,purity
relevance,16,phi3:14b,moderate,4.0,purity
relevance,16,phi3:14b,moderate,5.0,purity
relevance,16,phi3:14b,moderate,5.0,purity
relevance,16,phi3:14b,moderate,4.0,purity
relevance,16,phi3:14b,moderate,4.0,purity
relevance,16,phi3:14b,moderate,5.0,purity
relevance,16,phi3:14b,moderate,5.0,purity
relevance,16,phi3:14b,moderate,5.0,purity
relevance,16,phi3:14b,moderate,5.0,purity
relevance,16,phi3:14b,moderate,5.0,purity
relevance,16,phi3:14b,moderate,4.0,purity
relevance,16,phi3:14b,moderate,4.0,purity
relevance,16,phi3:14b,moderate,4.0,purity
relevance,16,phi3:14b,moderate,3.0,purity
relevance,16,phi3:14b,moderate,4.0,purity
relevance,16,phi3:14b,moderate,4.0,purity
relevance,16,phi3:14b,moderate,4.0,purity
relevance,16,phi3:14b,moderate,3.0,purity
relevance,16,phi3:14b,moderate,4.0,purity
relevance,16,phi3:14b,moderate,4.0,purity
relevance,16,phi3:14b,moderate,4.0,purity
relevance,16,phi3:14b,moderate,4.0,purity
relevance,16,phi3:14b,moderate,4.0,purity
relevance,16,phi3:14b,moderate,4.0,purity
relevance,16,phi3:14b,moderate,4.0,purity
relevance,16,phi3:14b,moderate,4.0,purity
relevance,16,phi3:14b,moderate,5.0,purity
relevance,16,phi3:14b,moderate,5.0,purity
relevance,16,phi3:14b,moderate,4.0,purity
relevance,16,phi3:14b,moderate,5.0,purity
relevance,16,phi3:14b,moderate,4.0,purity
relevance,16,phi3:14b,moderate,5.0,purity
relevance,16,phi3:14b,moderate,4.0,purity
relevance,16,phi3:14b,moderate,4.0,purity
relevance,16,phi3:14b,moderate,4.0,purity
relevance,16,phi3:14b,moderate,4.0,purity
relevance,16,phi3:14b,moderate,5.0,purity
relevance,16,phi3:14b,moderate,4.0,purity
relevance,16,phi3:14b,moderate,4.0,purity
relevance,16,phi3:14b,moderate,4.0,purity
relevance,16,phi3:14b,moderate,4.0,purity
relevance,16,phi3:14b,moderate,4.0,purity
relevance,16,phi3:14b,moderate,4.0,purity
relevance,16,phi3:14b,moderate,4.0,purity
relevance,16,phi3:14b,moderate,5.0,purity
relevance,16,phi3:14b,moderate,4.0,purity
relevance,16,phi3:14b,moderate,5.0,purity
relevance,16,phi3:14b,moderate,3.0,purity
relevance,16,phi3:14b,moderate,3.0,purity
relevance,16,phi3:14b,liberal,0.0,purity
relevance,16,phi3:14b,liberal,0.0,purity
relevance,16,phi3:14b,liberal,5.0,purity
relevance,16,phi3:14b,liberal,0.0,purity
relevance,16,phi3:14b,liberal,0.0,purity
relevance,16,phi3:14b,liberal,1.0,purity
relevance,16,phi3:14b,liberal,0.0,purity
relevance,16,phi3:14b,liberal,0.0,purity
relevance,16,phi3:14b,liberal,0.0,purity
relevance,16,phi3:14b,liberal,0.0,purity
relevance,16,phi3:14b,liberal,0.0,purity
relevance,16,phi3:14b,liberal,0.0,purity
relevance,16,phi3:14b,liberal,0.0,purity
relevance,16,phi3:14b,liberal,0.0,purity
relevance,16,phi3:14b,liberal,0.0,purity
relevance,16,phi3:14b,liberal,0.0,purity
relevance,16,phi3:14b,liberal,0.0,purity
relevance,16,phi3:14b,liberal,4.0,purity
relevance,16,phi3:14b,liberal,0.0,purity
relevance,16,phi3:14b,liberal,0.0,purity
relevance,16,phi3:14b,liberal,0.0,purity
relevance,16,phi3:14b,liberal,0.0,purity
relevance,16,phi3:14b,liberal,3.0,purity
relevance,16,phi3:14b,liberal,5.0,purity
relevance,16,phi3:14b,liberal,0.0,purity
relevance,16,phi3:14b,liberal,0.0,purity
relevance,16,phi3:14b,liberal,0.0,purity
relevance,16,phi3:14b,liberal,0.0,purity
relevance,16,phi3:14b,liberal,0.0,purity
relevance,16,phi3:14b,liberal,0.0,purity
relevance,16,phi3:14b,liberal,0.0,purity
relevance,16,phi3:14b,liberal,0.0,purity
relevance,16,phi3:14b,liberal,0.0,purity
relevance,16,phi3:14b,liberal,0.0,purity
relevance,16,phi3:14b,liberal,0.0,purity
relevance,16,phi3:14b,liberal,0.0,purity
relevance,16,phi3:14b,liberal,0.0,purity
relevance,16,phi3:14b,liberal,0.0,purity
relevance,16,phi3:14b,liberal,0.0,purity
relevance,16,phi3:14b,liberal,0.0,purity
relevance,16,phi3:14b,liberal,0.0,purity
relevance,16,phi3:14b,liberal,0.0,purity
relevance,16,phi3:14b,liberal,0.0,purity
relevance,16,phi3:14b,liberal,0.0,purity
relevance,16,phi3:14b,liberal,0.0,purity
relevance,16,phi3:14b,liberal,0.0,purity
relevance,16,phi3:14b,liberal,0.0,purity
relevance,16,phi3:14b,liberal,0.0,purity
relevance,16,phi3:14b,liberal,0.0,purity
relevance,16,phi3:14b,liberal,0.0,purity
relevance,16,gemma:7b,conservative,3.0,purity
relevance,16,gemma:7b,conservative,3.0,purity
relevance,16,gemma:7b,conservative,3.0,purity
relevance,16,gemma:7b,conservative,3.0,purity
relevance,16,gemma:7b,conservative,3.0,purity
relevance,16,gemma:7b,conservative,3.0,purity
relevance,16,gemma:7b,conservative,3.0,purity
relevance,16,gemma:7b,conservative,3.0,purity
relevance,16,gemma:7b,conservative,3.0,purity
relevance,16,gemma:7b,conservative,3.0,purity
relevance,16,gemma:7b,conservative,3.0,purity
relevance,16,gemma:7b,conservative,3.0,purity
relevance,16,gemma:7b,conservative,2.0,purity
relevance,16,gemma:7b,conservative,3.0,purity
relevance,16,gemma:7b,conservative,3.0,purity
relevance,16,gemma:7b,conservative,3.0,purity
relevance,16,gemma:7b,conservative,3.0,purity
relevance,16,gemma:7b,conservative,3.0,purity
relevance,16,gemma:7b,conservative,3.0,purity
relevance,16,gemma:7b,conservative,3.0,purity
relevance,16,gemma:7b,conservative,3.0,purity
relevance,16,gemma:7b,conservative,3.0,purity
relevance,16,gemma:7b,conservative,3.0,purity
relevance,16,gemma:7b,conservative,3.0,purity
relevance,16,gemma:7b,conservative,3.0,purity
relevance,16,gemma:7b,conservative,3.0,purity
relevance,16,gemma:7b,conservative,3.0,purity
relevance,16,gemma:7b,conservative,3.0,purity
relevance,16,gemma:7b,conservative,3.0,purity
relevance,16,gemma:7b,conservative,3.0,purity
relevance,16,gemma:7b,conservative,3.0,purity
relevance,16,gemma:7b,conservative,3.0,purity
relevance,16,gemma:7b,conservative,3.0,purity
relevance,16,gemma:7b,conservative,3.0,purity
relevance,16,gemma:7b,conservative,3.0,purity
relevance,16,gemma:7b,conservative,3.0,purity
relevance,16,gemma:7b,conservative,3.0,purity
relevance,16,gemma:7b,conservative,3.0,purity
relevance,16,gemma:7b,conservative,3.0,purity
relevance,16,gemma:7b,conservative,3.0,purity
relevance,16,gemma:7b,conservative,3.0,purity
relevance,16,gemma:7b,conservative,3.0,purity
relevance,16,gemma:7b,conservative,3.0,purity
relevance,16,gemma:7b,conservative,3.0,purity
relevance,16,gemma:7b,conservative,3.0,purity
relevance,16,gemma:7b,moderate,3.0,purity
relevance,16,gemma:7b,moderate,3.0,purity
relevance,16,gemma:7b,moderate,3.0,purity
relevance,16,gemma:7b,moderate,3.0,purity
relevance,16,gemma:7b,moderate,3.0,purity
relevance,16,gemma:7b,moderate,3.0,purity
relevance,16,gemma:7b,moderate,3.0,purity
relevance,16,gemma:7b,moderate,3.0,purity
relevance,16,gemma:7b,moderate,3.0,purity
relevance,16,gemma:7b,moderate,3.0,purity
relevance,16,gemma:7b,moderate,3.0,purity
relevance,16,gemma:7b,moderate,3.0,purity
relevance,16,gemma:7b,moderate,3.0,purity
relevance,16,gemma:7b,moderate,3.0,purity
relevance,16,gemma:7b,moderate,3.0,purity
relevance,16,gemma:7b,moderate,3.0,purity
relevance,16,gemma:7b,moderate,3.0,purity
relevance,16,gemma:7b,moderate,3.0,purity
relevance,16,gemma:7b,moderate,3.0,purity
relevance,16,gemma:7b,moderate,3.0,purity
relevance,16,gemma:7b,moderate,3.0,purity
relevance,16,gemma:7b,moderate,3.0,purity
relevance,16,gemma:7b,moderate,3.0,purity
relevance,16,gemma:7b,moderate,3.0,purity
relevance,16,gemma:7b,moderate,3.0,purity
relevance,16,gemma:7b,moderate,3.0,purity
relevance,16,gemma:7b,moderate,3.0,purity
relevance,16,gemma:7b,moderate,3.0,purity
relevance,16,gemma:7b,moderate,3.0,purity
relevance,16,gemma:7b,moderate,3.0,purity
relevance,16,gemma:7b,moderate,3.0,purity
relevance,16,gemma:7b,moderate,3.0,purity
relevance,16,gemma:7b,moderate,3.0,purity
relevance,16,gemma:7b,moderate,3.0,purity
relevance,16,gemma:7b,moderate,3.0,purity
relevance,16,gemma:7b,moderate,3.0,purity
relevance,16,gemma:7b,moderate,3.0,purity
relevance,16,gemma:7b,moderate,3.0,purity
relevance,16,gemma:7b,moderate,3.0,purity
relevance,16,gemma:7b,moderate,3.0,purity
relevance,16,gemma:7b,moderate,3.0,purity
relevance,16,gemma:7b,moderate,3.0,purity
relevance,16,gemma:7b,moderate,3.0,purity
relevance,16,gemma:7b,moderate,3.0,purity
relevance,16,gemma:7b,moderate,3.0,purity
relevance,16,gemma:7b,moderate,3.0,purity
relevance,16,gemma:7b,liberal,3.0,purity
relevance,16,gemma:7b,liberal,3.0,purity
relevance,16,gemma:7b,liberal,3.0,purity
relevance,16,gemma:7b,liberal,3.0,purity
relevance,16,gemma:7b,liberal,3.0,purity
relevance,16,gemma:7b,liberal,3.0,purity
relevance,16,gemma:7b,liberal,3.0,purity
relevance,16,gemma:7b,liberal,3.0,purity
relevance,16,gemma:7b,liberal,3.0,purity
relevance,16,gemma:7b,liberal,3.0,purity
relevance,16,gemma:7b,liberal,3.0,purity
relevance,16,gemma:7b,liberal,3.0,purity
relevance,16,gemma:7b,liberal,3.0,purity
relevance,16,gemma:7b,liberal,3.0,purity
relevance,16,gemma:7b,liberal,3.0,purity
relevance,16,gemma:7b,liberal,3.0,purity
relevance,16,gemma:7b,liberal,3.0,purity
relevance,16,gemma:7b,liberal,3.0,purity
relevance,16,gemma:7b,liberal,3.0,purity
relevance,16,gemma:7b,liberal,2.0,purity
relevance,16,gemma:7b,liberal,3.0,purity
relevance,16,gemma:7b,liberal,3.0,purity
relevance,16,gemma:7b,liberal,3.0,purity
relevance,16,gemma:7b,liberal,2.0,purity
relevance,16,gemma:7b,liberal,3.0,purity
relevance,16,gemma:7b,liberal,3.0,purity
relevance,16,gemma:7b,liberal,3.0,purity
relevance,16,gemma:7b,liberal,3.0,purity
relevance,16,gemma:7b,liberal,3.0,purity
relevance,16,gemma:7b,liberal,3.0,purity
relevance,16,gemma:7b,liberal,3.0,purity
relevance,16,gemma:7b,liberal,3.0,purity
relevance,16,gemma:7b,liberal,3.0,purity
relevance,16,gemma:7b,liberal,3.0,purity
relevance,16,gemma:7b,liberal,3.0,purity
relevance,16,gemma:7b,liberal,3.0,purity
relevance,16,gemma:7b,liberal,3.0,purity
relevance,16,gemma:7b,liberal,3.0,purity
relevance,16,gemma:7b,liberal,3.0,purity
relevance,16,gemma:7b,liberal,3.0,purity
relevance,16,gemma:7b,liberal,3.0,purity
relevance,16,gemma:7b,liberal,3.0,purity
relevance,16,gemma:7b,liberal,3.0,purity
relevance,16,gemma:7b,liberal,3.0,purity
relevance,16,gemma:7b,liberal,3.0,purity
relevance,16,gemma2:27b,conservative,5.0,purity
relevance,16,gemma2:27b,conservative,5.0,purity
relevance,16,gemma2:27b,conservative,5.0,purity
relevance,16,gemma2:27b,conservative,5.0,purity
relevance,16,gemma2:27b,conservative,5.0,purity
relevance,16,gemma2:27b,conservative,5.0,purity
relevance,16,gemma2:27b,conservative,5.0,purity
relevance,16,gemma2:27b,conservative,5.0,purity
relevance,16,gemma2:27b,conservative,5.0,purity
relevance,16,gemma2:27b,conservative,5.0,purity
relevance,16,gemma2:27b,conservative,5.0,purity
relevance,16,gemma2:27b,conservative,5.0,purity
relevance,16,gemma2:27b,conservative,5.0,purity
relevance,16,gemma2:27b,conservative,5.0,purity
relevance,16,gemma2:27b,conservative,5.0,purity
relevance,16,gemma2:27b,conservative,4.0,purity
relevance,16,gemma2:27b,conservative,5.0,purity
relevance,16,gemma2:27b,conservative,5.0,purity
relevance,16,gemma2:27b,conservative,5.0,purity
relevance,16,gemma2:27b,conservative,5.0,purity
relevance,16,gemma2:27b,conservative,5.0,purity
relevance,16,gemma2:27b,conservative,5.0,purity
relevance,16,gemma2:27b,conservative,5.0,purity
relevance,16,gemma2:27b,conservative,5.0,purity
relevance,16,gemma2:27b,conservative,5.0,purity
relevance,16,gemma2:27b,conservative,5.0,purity
relevance,16,gemma2:27b,conservative,4.0,purity
relevance,16,gemma2:27b,conservative,5.0,purity
relevance,16,gemma2:27b,conservative,5.0,purity
relevance,16,gemma2:27b,conservative,5.0,purity
relevance,16,gemma2:27b,conservative,5.0,purity
relevance,16,gemma2:27b,conservative,5.0,purity
relevance,16,gemma2:27b,conservative,5.0,purity
relevance,16,gemma2:27b,conservative,5.0,purity
relevance,16,gemma2:27b,conservative,5.0,purity
relevance,16,gemma2:27b,conservative,5.0,purity
relevance,16,gemma2:27b,conservative,5.0,purity
relevance,16,gemma2:27b,conservative,5.0,purity
relevance,16,gemma2:27b,conservative,5.0,purity
relevance,16,gemma2:27b,conservative,5.0,purity
relevance,16,gemma2:27b,conservative,5.0,purity
relevance,16,gemma2:27b,conservative,5.0,purity
relevance,16,gemma2:27b,conservative,5.0,purity
relevance,16,gemma2:27b,conservative,5.0,purity
relevance,16,gemma2:27b,conservative,5.0,purity
relevance,16,gemma2:27b,conservative,5.0,purity
relevance,16,gemma2:27b,conservative,5.0,purity
relevance,16,gemma2:27b,conservative,5.0,purity
relevance,16,gemma2:27b,conservative,5.0,purity
relevance,16,gemma2:27b,conservative,5.0,purity
relevance,16,gemma2:27b,moderate,3.0,purity
relevance,16,gemma2:27b,moderate,3.0,purity
relevance,16,gemma2:27b,moderate,3.0,purity
relevance,16,gemma2:27b,moderate,3.0,purity
relevance,16,gemma2:27b,moderate,3.0,purity
relevance,16,gemma2:27b,moderate,3.0,purity
relevance,16,gemma2:27b,moderate,3.0,purity
relevance,16,gemma2:27b,moderate,3.0,purity
relevance,16,gemma2:27b,moderate,3.0,purity
relevance,16,gemma2:27b,moderate,3.0,purity
relevance,16,gemma2:27b,moderate,3.0,purity
relevance,16,gemma2:27b,moderate,3.0,purity
relevance,16,gemma2:27b,moderate,3.0,purity
relevance,16,gemma2:27b,moderate,3.0,purity
relevance,16,gemma2:27b,moderate,3.0,purity
relevance,16,gemma2:27b,moderate,3.0,purity
relevance,16,gemma2:27b,moderate,3.0,purity
relevance,16,gemma2:27b,moderate,3.0,purity
relevance,16,gemma2:27b,moderate,3.0,purity
relevance,16,gemma2:27b,moderate,3.0,purity
relevance,16,gemma2:27b,moderate,3.0,purity
relevance,16,gemma2:27b,moderate,3.0,purity
relevance,16,gemma2:27b,moderate,3.0,purity
relevance,16,gemma2:27b,moderate,3.0,purity
relevance,16,gemma2:27b,moderate,3.0,purity
relevance,16,gemma2:27b,moderate,3.0,purity
relevance,16,gemma2:27b,moderate,3.0,purity
relevance,16,gemma2:27b,moderate,3.0,purity
relevance,16,gemma2:27b,moderate,3.0,purity
relevance,16,gemma2:27b,moderate,3.0,purity
relevance,16,gemma2:27b,moderate,3.0,purity
relevance,16,gemma2:27b,moderate,3.0,purity
relevance,16,gemma2:27b,moderate,3.0,purity
relevance,16,gemma2:27b,moderate,3.0,purity
relevance,16,gemma2:27b,moderate,3.0,purity
relevance,16,gemma2:27b,moderate,3.0,purity
relevance,16,gemma2:27b,moderate,3.0,purity
relevance,16,gemma2:27b,moderate,3.0,purity
relevance,16,gemma2:27b,moderate,3.0,purity
relevance,16,gemma2:27b,moderate,3.0,purity
relevance,16,gemma2:27b,moderate,3.0,purity
relevance,16,gemma2:27b,moderate,3.0,purity
relevance,16,gemma2:27b,moderate,3.0,purity
relevance,16,gemma2:27b,moderate,3.0,purity
relevance,16,gemma2:27b,moderate,3.0,purity
relevance,16,gemma2:27b,moderate,3.0,purity
relevance,16,gemma2:27b,moderate,3.0,purity
relevance,16,gemma2:27b,moderate,3.0,purity
relevance,16,gemma2:27b,moderate,3.0,purity
relevance,16,gemma2:27b,moderate,3.0,purity
relevance,16,gemma2:27b,liberal,1.0,purity
relevance,16,gemma2:27b,liberal,1.0,purity
relevance,16,gemma2:27b,liberal,1.0,purity
relevance,16,gemma2:27b,liberal,1.0,purity
relevance,16,gemma2:27b,liberal,1.0,purity
relevance,16,gemma2:27b,liberal,1.0,purity
relevance,16,gemma2:27b,liberal,1.0,purity
relevance,16,gemma2:27b,liberal,1.0,purity
relevance,16,gemma2:27b,liberal,1.0,purity
relevance,16,gemma2:27b,liberal,1.0,purity
relevance,16,gemma2:27b,liberal,1.0,purity
relevance,16,gemma2:27b,liberal,1.0,purity
relevance,16,gemma2:27b,liberal,1.0,purity
relevance,16,gemma2:27b,liberal,1.0,purity
relevance,16,gemma2:27b,liberal,1.0,purity
relevance,16,gemma2:27b,liberal,1.0,purity
relevance,16,gemma2:27b,liberal,1.0,purity
relevance,16,gemma2:27b,liberal,1.0,purity
relevance,16,gemma2:27b,liberal,1.0,purity
relevance,16,gemma2:27b,liberal,1.0,purity
relevance,16,gemma2:27b,liberal,1.0,purity
relevance,16,gemma2:27b,liberal,1.0,purity
relevance,16,gemma2:27b,liberal,1.0,purity
relevance,16,gemma2:27b,liberal,1.0,purity
relevance,16,gemma2:27b,liberal,1.0,purity
relevance,16,gemma2:27b,liberal,1.0,purity
relevance,16,gemma2:27b,liberal,1.0,purity
relevance,16,gemma2:27b,liberal,1.0,purity
relevance,16,gemma2:27b,liberal,1.0,purity
relevance,16,gemma2:27b,liberal,1.0,purity
relevance,16,gemma2:27b,liberal,1.0,purity
relevance,16,gemma2:27b,liberal,1.0,purity
relevance,16,gemma2:27b,liberal,1.0,purity
relevance,16,gemma2:27b,liberal,1.0,purity
relevance,16,gemma2:27b,liberal,1.0,purity
relevance,16,gemma2:27b,liberal,1.0,purity
relevance,16,gemma2:27b,liberal,1.0,purity
relevance,16,gemma2:27b,liberal,1.0,purity
relevance,16,gemma2:27b,liberal,1.0,purity
relevance,16,gemma2:27b,liberal,1.0,purity
relevance,16,gemma2:27b,liberal,1.0,purity
relevance,16,gemma2:27b,liberal,1.0,purity
relevance,16,gemma2:27b,liberal,1.0,purity
relevance,16,gemma2:27b,liberal,1.0,purity
relevance,16,gemma2:27b,liberal,1.0,purity
relevance,16,gemma2:27b,liberal,1.0,purity
relevance,16,gemma2:27b,liberal,1.0,purity
relevance,16,gemma2:27b,liberal,1.0,purity
relevance,16,gemma2:27b,liberal,1.0,purity
relevance,16,gemma2:27b,liberal,1.0,purity
relevance,16,qwen:72b,conservative,5.0,purity
relevance,16,qwen:72b,conservative,5.0,purity
relevance,16,qwen:72b,conservative,5.0,purity
relevance,16,qwen:72b,conservative,5.0,purity
relevance,16,qwen:72b,conservative,5.0,purity
relevance,16,qwen:72b,conservative,5.0,purity
relevance,16,qwen:72b,conservative,5.0,purity
relevance,16,qwen:72b,conservative,5.0,purity
relevance,16,qwen:72b,conservative,5.0,purity
relevance,16,qwen:72b,conservative,5.0,purity
relevance,16,qwen:72b,conservative,4.0,purity
relevance,16,qwen:72b,conservative,5.0,purity
relevance,16,qwen:72b,conservative,5.0,purity
relevance,16,qwen:72b,conservative,5.0,purity
relevance,16,qwen:72b,conservative,5.0,purity
relevance,16,qwen:72b,conservative,5.0,purity
relevance,16,qwen:72b,conservative,5.0,purity
relevance,16,qwen:72b,conservative,5.0,purity
relevance,16,qwen:72b,conservative,5.0,purity
relevance,16,qwen:72b,conservative,5.0,purity
relevance,16,qwen:72b,conservative,5.0,purity
relevance,16,qwen:72b,conservative,4.0,purity
relevance,16,qwen:72b,conservative,5.0,purity
relevance,16,qwen:72b,conservative,5.0,purity
relevance,16,qwen:72b,conservative,5.0,purity
relevance,16,qwen:72b,conservative,5.0,purity
relevance,16,qwen:72b,conservative,5.0,purity
relevance,16,qwen:72b,conservative,5.0,purity
relevance,16,qwen:72b,conservative,5.0,purity
relevance,16,qwen:72b,conservative,5.0,purity
relevance,16,qwen:72b,conservative,5.0,purity
relevance,16,qwen:72b,conservative,5.0,purity
relevance,16,qwen:72b,conservative,5.0,purity
relevance,16,qwen:72b,conservative,5.0,purity
relevance,16,qwen:72b,conservative,5.0,purity
relevance,16,qwen:72b,conservative,5.0,purity
relevance,16,qwen:72b,conservative,5.0,purity
relevance,16,qwen:72b,conservative,5.0,purity
relevance,16,qwen:72b,conservative,5.0,purity
relevance,16,qwen:72b,conservative,5.0,purity
relevance,16,qwen:72b,conservative,5.0,purity
relevance,16,qwen:72b,conservative,5.0,purity
relevance,16,qwen:72b,conservative,5.0,purity
relevance,16,qwen:72b,conservative,4.0,purity
relevance,16,qwen:72b,conservative,5.0,purity
relevance,16,qwen:72b,conservative,5.0,purity
relevance,16,qwen:72b,conservative,4.0,purity
relevance,16,qwen:72b,conservative,5.0,purity
relevance,16,qwen:72b,conservative,5.0,purity
relevance,16,qwen:72b,conservative,5.0,purity
relevance,16,qwen:72b,moderate,0.0,purity
relevance,16,qwen:72b,moderate,0.0,purity
relevance,16,qwen:72b,moderate,0.0,purity
relevance,16,qwen:72b,moderate,5.0,purity
relevance,16,qwen:72b,moderate,0.0,purity
relevance,16,qwen:72b,moderate,0.0,purity
relevance,16,qwen:72b,moderate,5.0,purity
relevance,16,qwen:72b,moderate,5.0,purity
relevance,16,qwen:72b,moderate,0.0,purity
relevance,16,qwen:72b,moderate,3.0,purity
relevance,16,qwen:72b,moderate,1.0,purity
relevance,16,qwen:72b,moderate,0.0,purity
relevance,16,qwen:72b,moderate,0.0,purity
relevance,16,qwen:72b,moderate,0.0,purity
relevance,16,qwen:72b,moderate,0.0,purity
relevance,16,qwen:72b,moderate,5.0,purity
relevance,16,qwen:72b,moderate,0.0,purity
relevance,16,qwen:72b,moderate,5.0,purity
relevance,16,qwen:72b,moderate,5.0,purity
relevance,16,qwen:72b,moderate,5.0,purity
relevance,16,qwen:72b,moderate,0.0,purity
relevance,16,qwen:72b,moderate,5.0,purity
relevance,16,qwen:72b,moderate,5.0,purity
relevance,16,qwen:72b,moderate,0.0,purity
relevance,16,qwen:72b,moderate,0.0,purity
relevance,16,qwen:72b,moderate,0.0,purity
relevance,16,qwen:72b,moderate,0.0,purity
relevance,16,qwen:72b,moderate,5.0,purity
relevance,16,qwen:72b,moderate,5.0,purity
relevance,16,qwen:72b,moderate,5.0,purity
relevance,16,qwen:72b,moderate,0.0,purity
relevance,16,qwen:72b,moderate,5.0,purity
relevance,16,qwen:72b,moderate,5.0,purity
relevance,16,qwen:72b,moderate,3.0,purity
relevance,16,qwen:72b,moderate,5.0,purity
relevance,16,qwen:72b,moderate,0.0,purity
relevance,16,qwen:72b,moderate,5.0,purity
relevance,16,qwen:72b,moderate,5.0,purity
relevance,16,qwen:72b,moderate,0.0,purity
relevance,16,qwen:72b,moderate,5.0,purity
relevance,16,qwen:72b,moderate,5.0,purity
relevance,16,qwen:72b,moderate,5.0,purity
relevance,16,qwen:72b,moderate,0.0,purity
relevance,16,qwen:72b,moderate,5.0,purity
relevance,16,qwen:72b,moderate,5.0,purity
relevance,16,qwen:72b,moderate,0.0,purity
relevance,16,qwen:72b,moderate,5.0,purity
relevance,16,qwen:72b,moderate,5.0,purity
relevance,16,qwen:72b,moderate,5.0,purity
relevance,16,qwen:72b,moderate,5.0,purity
relevance,16,qwen:72b,liberal,0.0,purity
relevance,16,qwen:72b,liberal,1.0,purity
relevance,16,qwen:72b,liberal,1.0,purity
relevance,16,qwen:72b,liberal,1.0,purity
relevance,16,qwen:72b,liberal,0.0,purity
relevance,16,qwen:72b,liberal,0.0,purity
relevance,16,qwen:72b,liberal,0.0,purity
relevance,16,qwen:72b,liberal,1.0,purity
relevance,16,qwen:72b,liberal,0.0,purity
relevance,16,qwen:72b,liberal,1.0,purity
relevance,16,qwen:72b,liberal,1.0,purity
relevance,16,qwen:72b,liberal,0.0,purity
relevance,16,qwen:72b,liberal,1.0,purity
relevance,16,qwen:72b,liberal,1.0,purity
relevance,16,qwen:72b,liberal,1.0,purity
relevance,16,qwen:72b,liberal,1.0,purity
relevance,16,qwen:72b,liberal,1.0,purity
relevance,16,qwen:72b,liberal,0.0,purity
relevance,16,qwen:72b,liberal,1.0,purity
relevance,16,qwen:72b,liberal,1.0,purity
relevance,16,qwen:72b,liberal,1.0,purity
relevance,16,qwen:72b,liberal,0.0,purity
relevance,16,qwen:72b,liberal,1.0,purity
relevance,16,qwen:72b,liberal,1.0,purity
relevance,16,qwen:72b,liberal,1.0,purity
relevance,16,qwen:72b,liberal,1.0,purity
relevance,16,qwen:72b,liberal,1.0,purity
relevance,16,qwen:72b,liberal,1.0,purity
relevance,16,qwen:72b,liberal,1.0,purity
relevance,16,qwen:72b,liberal,0.0,purity
relevance,16,qwen:72b,liberal,1.0,purity
relevance,16,qwen:72b,liberal,1.0,purity
relevance,16,qwen:72b,liberal,1.0,purity
relevance,16,qwen:72b,liberal,1.0,purity
relevance,16,qwen:72b,liberal,0.0,purity
relevance,16,qwen:72b,liberal,1.0,purity
relevance,16,qwen:72b,liberal,1.0,purity
relevance,16,qwen:72b,liberal,1.0,purity
relevance,16,qwen:72b,liberal,1.0,purity
relevance,16,qwen:72b,liberal,1.0,purity
relevance,16,qwen:72b,liberal,1.0,purity
relevance,16,qwen:72b,liberal,1.0,purity
relevance,16,qwen:72b,liberal,0.0,purity
relevance,16,qwen:72b,liberal,0.0,purity
relevance,16,qwen:72b,liberal,1.0,purity
relevance,16,qwen:72b,liberal,1.0,purity
relevance,16,qwen:72b,liberal,1.0,purity
relevance,16,qwen:72b,liberal,1.0,purity
relevance,16,qwen:72b,liberal,0.0,purity
relevance,16,qwen:72b,liberal,1.0,purity
relevance,16,qwen2:72b,conservative,5.0,purity
relevance,16,qwen2:72b,conservative,5.0,purity
relevance,16,qwen2:72b,conservative,5.0,purity
relevance,16,qwen2:72b,conservative,5.0,purity
relevance,16,qwen2:72b,conservative,5.0,purity
relevance,16,qwen2:72b,conservative,5.0,purity
relevance,16,qwen2:72b,conservative,5.0,purity
relevance,16,qwen2:72b,conservative,5.0,purity
relevance,16,qwen2:72b,conservative,5.0,purity
relevance,16,qwen2:72b,conservative,5.0,purity
relevance,16,qwen2:72b,conservative,5.0,purity
relevance,16,qwen2:72b,conservative,5.0,purity
relevance,16,qwen2:72b,conservative,5.0,purity
relevance,16,qwen2:72b,conservative,5.0,purity
relevance,16,qwen2:72b,conservative,5.0,purity
relevance,16,qwen2:72b,conservative,5.0,purity
relevance,16,qwen2:72b,conservative,5.0,purity
relevance,16,qwen2:72b,conservative,5.0,purity
relevance,16,qwen2:72b,conservative,5.0,purity
relevance,16,qwen2:72b,conservative,5.0,purity
relevance,16,qwen2:72b,conservative,5.0,purity
relevance,16,qwen2:72b,conservative,5.0,purity
relevance,16,qwen2:72b,conservative,5.0,purity
relevance,16,qwen2:72b,conservative,5.0,purity
relevance,16,qwen2:72b,conservative,5.0,purity
relevance,16,qwen2:72b,conservative,5.0,purity
relevance,16,qwen2:72b,conservative,5.0,purity
relevance,16,qwen2:72b,conservative,5.0,purity
relevance,16,qwen2:72b,conservative,5.0,purity
relevance,16,qwen2:72b,conservative,5.0,purity
relevance,16,qwen2:72b,conservative,5.0,purity
relevance,16,qwen2:72b,conservative,5.0,purity
relevance,16,qwen2:72b,conservative,5.0,purity
relevance,16,qwen2:72b,conservative,5.0,purity
relevance,16,qwen2:72b,conservative,5.0,purity
relevance,16,qwen2:72b,conservative,5.0,purity
relevance,16,qwen2:72b,conservative,5.0,purity
relevance,16,qwen2:72b,conservative,5.0,purity
relevance,16,qwen2:72b,conservative,5.0,purity
relevance,16,qwen2:72b,conservative,5.0,purity
relevance,16,qwen2:72b,conservative,5.0,purity
relevance,16,qwen2:72b,conservative,5.0,purity
relevance,16,qwen2:72b,conservative,5.0,purity
relevance,16,qwen2:72b,conservative,5.0,purity
relevance,16,qwen2:72b,conservative,5.0,purity
relevance,16,qwen2:72b,conservative,5.0,purity
relevance,16,qwen2:72b,conservative,5.0,purity
relevance,16,qwen2:72b,conservative,5.0,purity
relevance,16,qwen2:72b,conservative,5.0,purity
relevance,16,qwen2:72b,conservative,5.0,purity
relevance,16,qwen2:72b,moderate,5.0,purity
relevance,16,qwen2:72b,moderate,5.0,purity
relevance,16,qwen2:72b,moderate,5.0,purity
relevance,16,qwen2:72b,moderate,5.0,purity
relevance,16,qwen2:72b,moderate,5.0,purity
relevance,16,qwen2:72b,moderate,5.0,purity
relevance,16,qwen2:72b,moderate,4.0,purity
relevance,16,qwen2:72b,moderate,5.0,purity
relevance,16,qwen2:72b,moderate,5.0,purity
relevance,16,qwen2:72b,moderate,5.0,purity
relevance,16,qwen2:72b,moderate,5.0,purity
relevance,16,qwen2:72b,moderate,5.0,purity
relevance,16,qwen2:72b,moderate,5.0,purity
relevance,16,qwen2:72b,moderate,5.0,purity
relevance,16,qwen2:72b,moderate,4.0,purity
relevance,16,qwen2:72b,moderate,5.0,purity
relevance,16,qwen2:72b,moderate,5.0,purity
relevance,16,qwen2:72b,moderate,5.0,purity
relevance,16,qwen2:72b,moderate,5.0,purity
relevance,16,qwen2:72b,moderate,5.0,purity
relevance,16,qwen2:72b,moderate,5.0,purity
relevance,16,qwen2:72b,moderate,5.0,purity
relevance,16,qwen2:72b,moderate,5.0,purity
relevance,16,qwen2:72b,moderate,5.0,purity
relevance,16,qwen2:72b,moderate,5.0,purity
relevance,16,qwen2:72b,moderate,5.0,purity
relevance,16,qwen2:72b,moderate,5.0,purity
relevance,16,qwen2:72b,moderate,5.0,purity
relevance,16,qwen2:72b,moderate,5.0,purity
relevance,16,qwen2:72b,moderate,5.0,purity
relevance,16,qwen2:72b,moderate,5.0,purity
relevance,16,qwen2:72b,moderate,5.0,purity
relevance,16,qwen2:72b,moderate,5.0,purity
relevance,16,qwen2:72b,moderate,5.0,purity
relevance,16,qwen2:72b,moderate,5.0,purity
relevance,16,qwen2:72b,moderate,5.0,purity
relevance,16,qwen2:72b,moderate,5.0,purity
relevance,16,qwen2:72b,moderate,5.0,purity
relevance,16,qwen2:72b,moderate,5.0,purity
relevance,16,qwen2:72b,moderate,5.0,purity
relevance,16,qwen2:72b,moderate,5.0,purity
relevance,16,qwen2:72b,moderate,5.0,purity
relevance,16,qwen2:72b,moderate,5.0,purity
relevance,16,qwen2:72b,moderate,5.0,purity
relevance,16,qwen2:72b,moderate,5.0,purity
relevance,16,qwen2:72b,moderate,5.0,purity
relevance,16,qwen2:72b,moderate,5.0,purity
relevance,16,qwen2:72b,moderate,5.0,purity
relevance,16,qwen2:72b,moderate,4.0,purity
relevance,16,qwen2:72b,moderate,4.0,purity
relevance,16,qwen2:72b,liberal,0.0,purity
relevance,16,qwen2:72b,liberal,0.0,purity
relevance,16,qwen2:72b,liberal,0.0,purity
relevance,16,qwen2:72b,liberal,0.0,purity
relevance,16,qwen2:72b,liberal,0.0,purity
relevance,16,qwen2:72b,liberal,0.0,purity
relevance,16,qwen2:72b,liberal,0.0,purity
relevance,16,qwen2:72b,liberal,0.0,purity
relevance,16,qwen2:72b,liberal,0.0,purity
relevance,16,qwen2:72b,liberal,0.0,purity
relevance,16,qwen2:72b,liberal,0.0,purity
relevance,16,qwen2:72b,liberal,0.0,purity
relevance,16,qwen2:72b,liberal,0.0,purity
relevance,16,qwen2:72b,liberal,0.0,purity
relevance,16,qwen2:72b,liberal,0.0,purity
relevance,16,qwen2:72b,liberal,0.0,purity
relevance,16,qwen2:72b,liberal,0.0,purity
relevance,16,qwen2:72b,liberal,0.0,purity
relevance,16,qwen2:72b,liberal,0.0,purity
relevance,16,qwen2:72b,liberal,0.0,purity
relevance,16,qwen2:72b,liberal,0.0,purity
relevance,16,qwen2:72b,liberal,0.0,purity
relevance,16,qwen2:72b,liberal,0.0,purity
relevance,16,qwen2:72b,liberal,0.0,purity
relevance,16,qwen2:72b,liberal,0.0,purity
relevance,16,qwen2:72b,liberal,0.0,purity
relevance,16,qwen2:72b,liberal,0.0,purity
relevance,16,qwen2:72b,liberal,0.0,purity
relevance,16,qwen2:72b,liberal,0.0,purity
relevance,16,qwen2:72b,liberal,0.0,purity
relevance,16,qwen2:72b,liberal,0.0,purity
relevance,16,qwen2:72b,liberal,0.0,purity
relevance,16,qwen2:72b,liberal,0.0,purity
relevance,16,qwen2:72b,liberal,0.0,purity
relevance,16,qwen2:72b,liberal,0.0,purity
relevance,16,qwen2:72b,liberal,0.0,purity
relevance,16,qwen2:72b,liberal,0.0,purity
relevance,16,qwen2:72b,liberal,0.0,purity
relevance,16,qwen2:72b,liberal,0.0,purity
relevance,16,qwen2:72b,liberal,0.0,purity
relevance,16,qwen2:72b,liberal,0.0,purity
relevance,16,qwen2:72b,liberal,0.0,purity
relevance,16,qwen2:72b,liberal,0.0,purity
relevance,16,qwen2:72b,liberal,0.0,purity
relevance,16,qwen2:72b,liberal,0.0,purity
relevance,16,qwen2:72b,liberal,0.0,purity
relevance,16,qwen2:72b,liberal,0.0,purity
relevance,16,qwen2:72b,liberal,0.0,purity
relevance,16,qwen2:72b,liberal,0.0,purity
relevance,16,qwen2:72b,liberal,0.0,purity
